##TITLE= E:\桌面\nmr\ogm\sjd\matlabcod\1\1_10_xjhsjd
##JCAMP-DX= 5.00 Bruker JCAMP library
##DATA TYPE= Shape Data
##ORIGIN= Colm's GRAPE Pulses 
##OWNER= Dawei.Lu
##DATE= 02-Aug-2025
##TIME= 11:24
##MINX= 2.467016e-01
##MAXX= 1.178179e+01
##MINY= 5.736202e-02
##MAXY= 3.599159e+02
##$SHAPE_EXMODE= None
##$SHAPE_TOTROT= 9.000000e+01
##$SHAPE_BWFAC= 1.000000e+00
##$SHAPE_INTEGFAC= 1.000000e+00
##$SHAPE_MODE= 1
##PULSE_WIDTH= 5000
##Calibration_Power= 12500
##NPOINTS= 1000
##XYPOINTS= (XY..XY)
  3.807396e+00,  2.811280e+02
  5.082541e+00,  2.795430e+02
  6.020502e+00,  2.770522e+02
  5.456091e+00,  2.710188e+02
  4.602931e+00,  2.622138e+02
  3.782991e+00,  2.487981e+02
  3.272305e+00,  2.298959e+02
  3.243660e+00,  2.098343e+02
  3.585135e+00,  1.954454e+02
  4.046748e+00,  1.882716e+02
  4.463559e+00,  1.865262e+02
  4.775346e+00,  1.883990e+02
  4.976975e+00,  1.925586e+02
  5.075057e+00,  1.979452e+02
  5.060962e+00,  2.036672e+02
  4.903474e+00,  2.090193e+02
  4.559318e+00,  2.134931e+02
  3.992734e+00,  2.166867e+02
  3.194384e+00,  2.180299e+02
  2.196367e+00,  2.158633e+02
  1.107829e+00,  2.013880e+02
  6.641733e-01,  1.179011e+02
  1.611214e+00,  7.769141e+01
  2.601270e+00,  6.982997e+01
  3.356844e+00,  6.678906e+01
  3.782590e+00,  6.488290e+01
  3.835078e+00,  6.299950e+01
  3.518618e+00,  6.038183e+01
  2.887374e+00,  5.584948e+01
  2.054196e+00,  4.630537e+01
  1.256506e+00,  2.099326e+01
  1.101774e+00,  3.271791e+02
  1.698222e+00,  2.950435e+02
  2.345814e+00,  2.844853e+02
  2.776251e+00,  2.814842e+02
  2.916996e+00,  2.823628e+02
  2.776027e+00,  2.865826e+02
  2.425505e+00,  2.950947e+02
  2.003670e+00,  3.101395e+02
  1.708392e+00,  3.335051e+02
  1.684743e+00,  2.685721e-01
  1.837081e+00,  2.170578e+01
  1.946560e+00,  3.701540e+01
  1.871816e+00,  4.998038e+01
  1.588392e+00,  6.569663e+01
  1.236682e+00,  9.336858e+01
  1.257996e+00,  1.376303e+02
  1.886955e+00,  1.688124e+02
  2.761948e+00,  1.824471e+02
  3.608273e+00,  1.881467e+02
  4.274668e+00,  1.898842e+02
  4.672323e+00,  1.889709e+02
  4.767048e+00,  1.856462e+02
  4.587058e+00,  1.795464e+02
  4.231442e+00,  1.698718e+02
  3.869555e+00,  1.558662e+02
  3.696981e+00,  1.383102e+02
  3.809786e+00,  1.207154e+02
  4.112349e+00,  1.067309e+02
  4.408250e+00,  9.735310e+01
  4.530979e+00,  9.199836e+01
  4.391996e+00,  9.010816e+01
  3.985185e+00,  9.178217e+01
  3.387688e+00,  9.811090e+01
  2.770664e+00,  1.113910e+02
  2.396797e+00,  1.330595e+02
  2.451388e+00,  1.569621e+02
  2.782217e+00,  1.741327e+02
  3.089824e+00,  1.839896e+02
  3.175731e+00,  1.892298e+02
  2.954502e+00,  1.917485e+02
  2.421119e+00,  1.925309e+02
  1.629748e+00,  1.920194e+02
  6.771564e-01,  1.900984e+02
  3.150641e-01,  1.042664e+01
  1.218624e+00,  5.438264e+00
  1.921610e+00,  5.736202e-02
  2.349784e+00,  3.523141e+02
  2.499600e+00,  3.405609e+02
  2.485469e+00,  3.224120e+02
  2.583856e+00,  2.970221e+02
  3.101209e+00,  2.704444e+02
  4.058220e+00,  2.500333e+02
  5.238701e+00,  2.359829e+02
  6.413345e+00,  2.258204e+02
  7.404298e+00,  2.176737e+02
  8.089598e+00,  2.103894e+02
  8.406215e+00,  2.031907e+02
  8.354046e+00,  1.954494e+02
  7.997111e+00,  1.865721e+02
  7.458468e+00,  1.760029e+02
  6.902223e+00,  1.634254e+02
  6.490219e+00,  1.492112e+02
  6.311702e+00,  1.347360e+02
  6.332863e+00,  1.218249e+02
  6.427356e+00,  1.116970e+02
  6.458641e+00,  1.046695e+02
  6.339096e+00,  1.005923e+02
  6.046755e+00,  9.926031e+01
  5.617339e+00,  1.005530e+02
  5.124541e+00,  1.043571e+02
  4.652199e+00,  1.103204e+02
  4.260474e+00,  1.175498e+02
  3.954312e+00,  1.246445e+02
  3.685091e+00,  1.301919e+02
  3.386785e+00,  1.332232e+02
  3.016181e+00,  1.331638e+02
  2.573505e+00,  1.294623e+02
  2.103213e+00,  1.212696e+02
  1.680260e+00,  1.075869e+02
  1.374334e+00,  8.869967e+01
  1.185718e+00,  6.802396e+01
  1.021873e+00,  4.939864e+01
  7.753270e-01,  3.212863e+01
  4.134400e-01,  3.890429e+00
  3.547082e-01,  2.636925e+02
  9.511630e-01,  2.278316e+02
  1.649212e+00,  2.177606e+02
  2.312701e+00,  2.129459e+02
  2.853471e+00,  2.105680e+02
  3.205774e+00,  2.100517e+02
  3.337178e+00,  2.115479e+02
  3.262435e+00,  2.157184e+02
  3.058933e+00,  2.236751e+02
  2.876660e+00,  2.363238e+02
  2.899677e+00,  2.521913e+02
  3.213687e+00,  2.664940e+02
  3.730350e+00,  2.755563e+02
  4.290175e+00,  2.791667e+02
  4.768846e+00,  2.783767e+02
  5.104949e+00,  2.740285e+02
  5.296642e+00,  2.665917e+02
  5.389239e+00,  2.563876e+02
  5.452419e+00,  2.438661e+02
  5.546281e+00,  2.297645e+02
  5.689108e+00,  2.149708e+02
  5.849323e+00,  2.001442e+02
  5.968845e+00,  1.854414e+02
  6.000733e+00,  1.705329e+02
  5.941443e+00,  1.548003e+02
  5.848030e+00,  1.376317e+02
  5.830871e+00,  1.188784e+02
  6.007235e+00,  9.933557e+01
  6.426149e+00,  8.056450e+01
  7.028418e+00,  6.387037e+01
  7.680760e+00,  4.962504e+01
  8.237158e+00,  3.750264e+01
  8.579280e+00,  2.694565e+01
  8.632772e+00,  1.741320e+01
  8.370334e+00,  8.442945e+00
  7.808041e+00,  3.596361e+02
  6.998049e+00,  3.506264e+02
  6.018602e+00,  3.410696e+02
  4.957861e+00,  3.306098e+02
  3.899666e+00,  3.188536e+02
  2.911073e+00,  3.053400e+02
  2.032872e+00,  2.894155e+02
  1.277541e+00,  2.695134e+02
  6.511459e-01,  2.382467e+02
  3.645622e-01,  1.550968e+02
  7.533308e-01,  9.192856e+01
  1.271822e+00,  6.722069e+01
  1.769735e+00,  5.057323e+01
  2.205014e+00,  3.676905e+01
  2.549527e+00,  2.417780e+01
  2.789594e+00,  1.195742e+01
  2.930344e+00,  3.595607e+02
  2.995837e+00,  3.466648e+02
  3.022851e+00,  3.332424e+02
  3.048148e+00,  3.196499e+02
  3.093429e+00,  3.065736e+02
  3.157075e+00,  2.947648e+02
  3.218905e+00,  2.847405e+02
  3.253618e+00,  2.766734e+02
  3.243159e+00,  2.704617e+02
  3.182294e+00,  2.658283e+02
  3.077947e+00,  2.623528e+02
  2.945749e+00,  2.594300e+02
  2.801415e+00,  2.562978e+02
  2.656140e+00,  2.520873e+02
  2.518074e+00,  2.459268e+02
  2.397765e+00,  2.370934e+02
  2.312534e+00,  2.252044e+02
  2.284463e+00,  2.104161e+02
  2.331719e+00,  1.934470e+02
  2.461826e+00,  1.752419e+02
  2.676399e+00,  1.565449e+02
  2.983228e+00,  1.378422e+02
  3.400958e+00,  1.196134e+02
  3.948331e+00,  1.024491e+02
  4.625314e+00,  8.687384e+01
  5.400405e+00,  7.312614e+01
  6.210733e+00,  6.113169e+01
  6.971402e+00,  5.062177e+01
  7.588554e+00,  4.125566e+01
  7.973134e+00,  3.268683e+01
  8.053847e+00,  2.457856e+01
  7.788033e+00,  1.658611e+01
  7.169217e+00,  8.307871e+00
  6.230811e+00,  3.591802e+02
  5.047302e+00,  3.482213e+02
  3.740663e+00,  3.333076e+02
  2.519905e+00,  3.090206e+02
  1.824877e+00,  2.651845e+02
  2.121532e+00,  2.164940e+02
  2.937454e+00,  1.864969e+02
  3.782067e+00,  1.664924e+02
  4.525888e+00,  1.499571e+02
  5.168140e+00,  1.346824e+02
  5.738901e+00,  1.201290e+02
  6.251656e+00,  1.064082e+02
  6.679348e+00,  9.378127e+01
  6.955079e+00,  8.238909e+01
  6.991664e+00,  7.216982e+01
  6.707663e+00,  6.287804e+01
  6.050320e+00,  5.409138e+01
  5.011861e+00,  4.507520e+01
  3.642178e+00,  3.410834e+01
  2.088449e+00,  1.449786e+01
  1.089707e+00,  3.069317e+02
  2.228757e+00,  2.447780e+02
  3.856273e+00,  2.269454e+02
  5.315288e+00,  2.172458e+02
  6.445298e+00,  2.097244e+02
  7.172186e+00,  2.027702e+02
  7.480595e+00,  1.956224e+02
  7.412534e+00,  1.877217e+02
  7.067112e+00,  1.785556e+02
  6.585766e+00,  1.677198e+02
  6.124809e+00,  1.551841e+02
  5.808063e+00,  1.416747e+02
  5.673651e+00,  1.286631e+02
  5.662433e+00,  1.176098e+02
  5.667448e+00,  1.092215e+02
  5.595601e+00,  1.034484e+02
  5.397263e+00,  9.984027e+01
  5.064949e+00,  9.776453e+01
  4.618166e+00,  9.641189e+01
  4.088179e+00,  9.466520e+01
  3.514171e+00,  9.086277e+01
  2.963126e+00,  8.249394e+01
  2.579409e+00,  6.667018e+01
  2.592767e+00,  4.458512e+01
  3.104198e+00,  2.476930e+01
  3.943284e+00,  1.193969e+01
  4.873116e+00,  4.379483e+00
  5.703792e+00,  3.597876e+02
  6.289975e+00,  3.568042e+02
  6.526064e+00,  3.547284e+02
  6.350940e+00,  3.532211e+02
  5.754206e+00,  3.521652e+02
  4.779860e+00,  3.516622e+02
  3.526913e+00,  3.522611e+02
  2.142070e+00,  3.562014e+02
  8.652343e-01,  1.881248e+01
  8.032408e-01,  1.116835e+02
  1.610292e+00,  1.314556e+02
  2.115517e+00,  1.308630e+02
  2.217800e+00,  1.227780e+02
  2.018287e+00,  1.052149e+02
  1.891583e+00,  7.310311e+01
  2.381018e+00,  3.705406e+01
  3.442155e+00,  1.396654e+01
  4.666397e+00,  4.209904e-01
  5.745225e+00,  3.510570e+02
  6.468190e+00,  3.431994e+02
  6.703918e+00,  3.353002e+02
  6.413237e+00,  3.259296e+02
  5.684511e+00,  3.129990e+02
  4.811398e+00,  2.930152e+02
  4.395762e+00,  2.633719e+02
  5.014365e+00,  2.322533e+02
  6.440115e+00,  2.103300e+02
  8.058670e+00,  1.964889e+02
  9.427277e+00,  1.870370e+02
  1.027971e+01,  1.797482e+02
  1.047430e+01,  1.733684e+02
  9.978687e+00,  1.670097e+02
  8.863202e+00,  1.597417e+02
  7.302268e+00,  1.501306e+02
  5.594729e+00,  1.354308e+02
  4.228995e+00,  1.110427e+02
  3.823737e+00,  7.759126e+01
  4.367211e+00,  4.994184e+01
  5.127790e+00,  3.356743e+01
  5.583915e+00,  2.404891e+01
  5.531943e+00,  1.808561e+01
  4.944256e+00,  1.402441e+01
  3.898966e+00,  1.087766e+01
  2.543159e+00,  7.413393e+00
  1.073625e+00,  3.577013e+02
  5.154438e-01,  2.320090e+02
  1.667883e+00,  2.083578e+02
  2.554175e+00,  2.086921e+02
  3.081111e+00,  2.139548e+02
  3.303391e+00,  2.234262e+02
  3.383156e+00,  2.374155e+02
  3.541469e+00,  2.547431e+02
  3.913821e+00,  2.717977e+02
  4.432749e+00,  2.853596e+02
  4.900158e+00,  2.948251e+02
  5.118538e+00,  3.009645e+02
  4.955475e+00,  3.045429e+02
  4.360798e+00,  3.057755e+02
  3.370975e+00,  3.037758e+02
  2.129745e+00,  2.938418e+02
  1.134344e+00,  2.509686e+02
  1.694922e+00,  1.896061e+02
  2.906142e+00,  1.737809e+02
  3.934344e+00,  1.707644e+02
  4.586471e+00,  1.723884e+02
  4.820614e+00,  1.773427e+02
  4.709659e+00,  1.860285e+02
  4.448582e+00,  1.993688e+02
  4.323030e+00,  2.171011e+02
  4.544596e+00,  2.356702e+02
  5.048873e+00,  2.505280e+02
  5.565600e+00,  2.602255e+02
  5.826263e+00,  2.654503e+02
  5.660608e+00,  2.668601e+02
  5.020744e+00,  2.641113e+02
  4.011445e+00,  2.548026e+02
  3.009757e+00,  2.322005e+02
  2.857466e+00,  1.933590e+02
  3.879333e+00,  1.634672e+02
  5.272061e+00,  1.489169e+02
  6.436754e+00,  1.414624e+02
  7.070124e+00,  1.370555e+02
  7.013505e+00,  1.340624e+02
  6.215175e+00,  1.316798e+02
  4.721294e+00,  1.292470e+02
  2.668458e+00,  1.250915e+02
  3.918199e-01,  7.617710e+01
  2.335816e+00,  3.181919e+02
  4.716322e+00,  3.135402e+02
  6.710762e+00,  3.117834e+02
  8.111576e+00,  3.107351e+02
  8.784833e+00,  3.099525e+02
  8.681269e+00,  3.092415e+02
  7.840816e+00,  3.084209e+02
  6.387188e+00,  3.071676e+02
  4.514443e+00,  3.046050e+02
  2.478486e+00,  2.970245e+02
  8.221575e-01,  2.481608e+02
  1.649056e+00,  1.646495e+02
  2.889739e+00,  1.544075e+02
  3.630972e+00,  1.540914e+02
  3.803072e+00,  1.578445e+02
  3.474971e+00,  1.659267e+02
  2.848735e+00,  1.812966e+02
  2.319766e+00,  2.091583e+02
  2.383924e+00,  2.451836e+02
  2.979822e+00,  2.722795e+02
  3.622640e+00,  2.897052e+02
  4.013784e+00,  3.033950e+02
  4.073590e+00,  3.174991e+02
  3.912676e+00,  3.352421e+02
  3.840196e+00,  3.584204e+02
  4.224941e+00,  2.359034e+01
  5.124973e+00,  4.391843e+01
  6.251739e+00,  5.750068e+01
  7.265846e+00,  6.606214e+01
  7.910610e+00,  7.129332e+01
  8.027801e+00,  7.410281e+01
  7.559286e+00,  7.471418e+01
  6.552049e+00,  7.260094e+01
  5.174816e+00,  6.586808e+01
  3.787701e+00,  4.956079e+01
  3.104878e+00,  1.781584e+01
  3.667787e+00,  3.466185e+02
  4.822008e+00,  3.314493e+02
  5.875453e+00,  3.263905e+02
  6.548128e+00,  3.267414e+02
  6.779065e+00,  3.308915e+02
  6.646419e+00,  3.385659e+02
  6.332784e+00,  3.498710e+02
  6.067259e+00,  4.364074e+00
  6.008563e+00,  2.024432e+01
  6.128053e+00,  3.500976e+01
  6.231401e+00,  4.720829e+01
  6.091650e+00,  5.685543e+01
  5.549746e+00,  6.469815e+01
  4.547883e+00,  7.178377e+01
  3.130863e+00,  8.000393e+01
  1.465864e+00,  9.809509e+01
  8.721262e-01,  2.059597e+02
  2.483731e+00,  2.420769e+02
  3.996754e+00,  2.504547e+02
  5.078993e+00,  2.549171e+02
  5.584914e+00,  2.580903e+02
  5.445944e+00,  2.606700e+02
  4.669882e+00,  2.628995e+02
  3.338016e+00,  2.647627e+02
  1.594706e+00,  2.652860e+02
  3.924972e-01,  1.064246e+02
  2.371686e+00,  9.680059e+01
  4.181176e+00,  9.898531e+01
  5.644016e+00,  1.024036e+02
  6.644665e+00,  1.067518e+02
  7.133510e+00,  1.121742e+02
  7.131262e+00,  1.189828e+02
  6.724839e+00,  1.276380e+02
  6.054791e+00,  1.387397e+02
  5.291577e+00,  1.529131e+02
  4.597735e+00,  1.704448e+02
  4.075086e+00,  1.907541e+02
  3.726565e+00,  2.124929e+02
  3.487950e+00,  2.347006e+02
  3.316382e+00,  2.575091e+02
  3.243552e+00,  2.811831e+02
  3.332210e+00,  3.045052e+02
  3.568896e+00,  3.249920e+02
  3.822256e+00,  3.411074e+02
  3.907476e+00,  3.529280e+02
  3.660152e+00,  1.041050e+00
  2.975448e+00,  5.372608e+00
  1.838351e+00,  2.318257e+00
  6.854038e-01,  3.035867e+02
  2.065839e+00,  2.317611e+02
  4.223124e+00,  2.250679e+02
  6.441784e+00,  2.247632e+02
  8.487335e+00,  2.259113e+02
  1.015914e+01,  2.275361e+02
  1.129372e+01,  2.293437e+02
  1.178179e+01,  2.312263e+02
  1.158107e+01,  2.331318e+02
  1.072133e+01,  2.350092e+02
  9.300745e+00,  2.367562e+02
  7.471995e+00,  2.381151e+02
  5.424518e+00,  2.383606e+02
  3.373929e+00,  2.350102e+02
  1.632049e+00,  2.158280e+02
  1.253975e+00,  1.490696e+02
  2.248526e+00,  1.223967e+02
  3.183720e+00,  1.216484e+02
  3.859090e+00,  1.281951e+02
  4.322795e+00,  1.383383e+02
  4.659909e+00,  1.505562e+02
  4.927093e+00,  1.636519e+02
  5.120452e+00,  1.766909e+02
  5.184012e+00,  1.892619e+02
  5.047464e+00,  2.015739e+02
  4.668151e+00,  2.144452e+02
  4.066288e+00,  2.294697e+02
  3.363989e+00,  2.495146e+02
  2.842865e+00,  2.782375e+02
  2.881435e+00,  3.127611e+02
  3.507015e+00,  3.410771e+02
  4.359879e+00,  1.060944e-01
  5.128910e+00,  1.338223e+01
  5.634059e+00,  2.365132e+01
  5.780200e+00,  3.240296e+01
  5.531784e+00,  4.049802e+01
  4.899809e+00,  4.858495e+01
  3.933678e+00,  5.746952e+01
  2.717739e+00,  6.904153e+01
  1.404325e+00,  9.206957e+01
  8.387968e-01,  1.789187e+02
  1.990263e+00,  2.286555e+02
  3.315068e+00,  2.440801e+02
  4.482688e+00,  2.536487e+02
  5.385937e+00,  2.612341e+02
  5.947925e+00,  2.677843e+02
  6.109703e+00,  2.735999e+02
  5.833327e+00,  2.787586e+02
  5.108286e+00,  2.831920e+02
  3.957989e+00,  2.865570e+02
  2.446234e+00,  2.873214e+02
  7.326020e-01,  2.676190e+02
  1.400144e+00,  1.415388e+02
  3.327554e+00,  1.354990e+02
  5.137399e+00,  1.365882e+02
  6.662374e+00,  1.389533e+02
  7.773619e+00,  1.417280e+02
  8.378602e+00,  1.446774e+02
  8.429915e+00,  1.477266e+02
  7.930818e+00,  1.508510e+02
  6.935489e+00,  1.540275e+02
  5.541282e+00,  1.571872e+02
  3.876543e+00,  1.600718e+02
  2.086701e+00,  1.613894e+02
  3.690464e-01,  1.342935e+02
  1.373373e+00,  6.648290e+00
  2.774801e+00,  7.236061e+00
  3.883939e+00,  1.174726e+01
  4.663671e+00,  1.746203e+01
  5.107853e+00,  2.383719e+01
  5.227352e+00,  3.058519e+01
  5.038378e+00,  3.742506e+01
  4.554138e+00,  4.400792e+01
  3.783192e+00,  4.982021e+01
  2.736676e+00,  5.376412e+01
  1.452417e+00,  5.099093e+01
  5.022442e-01,  3.255502e+02
  1.933736e+00,  2.749875e+02
  3.667202e+00,  2.729635e+02
  5.358632e+00,  2.748769e+02
  6.866532e+00,  2.776243e+02
  8.066077e+00,  2.805509e+02
  8.856250e+00,  2.834557e+02
  9.171397e+00,  2.862597e+02
  8.989716e+00,  2.889109e+02
  8.337199e+00,  2.913306e+02
  7.284317e+00,  2.933539e+02
  5.938967e+00,  2.945974e+02
  4.438458e+00,  2.940825e+02
  2.951831e+00,  2.889318e+02
  1.750443e+00,  2.695421e+02
  1.442456e+00,  2.251858e+02
  2.067931e+00,  1.986616e+02
  2.834904e+00,  1.935663e+02
  3.475450e+00,  1.964062e+02
  3.944022e+00,  2.026140e+02
  4.231060e+00,  2.104499e+02
  4.319567e+00,  2.191249e+02
  4.180301e+00,  2.284298e+02
  3.787026e+00,  2.388132e+02
  3.146854e+00,  2.519307e+02
  2.363846e+00,  2.725710e+02
  1.832620e+00,  3.111308e+02
  2.248836e+00,  3.567017e+02
  3.402947e+00,  2.191205e+01
  4.716758e+00,  3.448211e+01
  5.892994e+00,  4.166323e+01
  6.756245e+00,  4.610136e+01
  7.193077e+00,  4.878895e+01
  7.147485e+00,  5.005626e+01
  6.626230e+00,  4.982255e+01
  5.702545e+00,  4.752833e+01
  4.522204e+00,  4.169897e+01
  3.328787e+00,  2.885447e+01
  2.530491e+00,  3.646000e+00
  2.536860e+00,  3.326417e+02
  3.083082e+00,  3.136946e+02
  3.636324e+00,  3.065802e+02
  3.955559e+00,  3.065372e+02
  4.010342e+00,  3.115998e+02
  3.894376e+00,  3.213296e+02
  3.772627e+00,  3.352285e+02
  3.790179e+00,  3.512744e+02
  3.955549e+00,  6.293220e+00
  4.127741e+00,  1.833930e+01
  4.120318e+00,  2.743162e+01
  3.790362e+00,  3.455548e+01
  3.071725e+00,  4.120245e+01
  1.988145e+00,  5.094082e+01
  7.886257e-01,  8.990093e+01
  1.370198e+00,  1.851017e+02
  2.940551e+00,  2.007146e+02
  4.438693e+00,  2.040707e+02
  5.654901e+00,  2.038761e+02
  6.464710e+00,  2.014400e+02
  6.816231e+00,  1.967722e+02
  6.749425e+00,  1.893050e+02
  6.419418e+00,  1.780907e+02
  6.106306e+00,  1.624203e+02
  6.141658e+00,  1.434999e+02
  6.687949e+00,  1.251443e+02
  7.596733e+00,  1.105196e+02
  8.561311e+00,  9.999018e+01
  9.304404e+00,  9.258588e+01
  9.640889e+00,  8.733618e+01
  9.480106e+00,  8.358144e+01
  8.815652e+00,  8.093140e+01
  7.712021e+00,  7.919495e+01
  6.288230e+00,  7.835640e+01
  4.698701e+00,  7.863918e+01
  3.113127e+00,  8.081398e+01
  1.700734e+00,  8.766682e+01
  6.590281e-01,  1.151106e+02
  5.169619e-01,  1.984005e+02
  7.683839e-01,  2.262924e+02
  7.218743e-01,  2.364049e+02
  3.833224e-01,  2.509331e+02
  2.467016e-01,  1.660918e+01
  8.507354e-01,  4.395179e+01
  1.428741e+00,  4.974402e+01
  1.838629e+00,  5.345802e+01
  1.993958e+00,  5.755189e+01
  1.859706e+00,  6.391715e+01
  1.477519e+00,  7.672465e+01
  1.068228e+00,  1.080584e+02
  1.219193e+00,  1.579389e+02
  1.978651e+00,  1.847831e+02
  2.868668e+00,  1.957674e+02
  3.650276e+00,  2.011965e+02
  4.198019e+00,  2.044467e+02
  4.444227e+00,  2.068456e+02
  4.373119e+00,  2.091368e+02
  4.020410e+00,  2.119648e+02
  3.470213e+00,  2.161333e+02
  2.848126e+00,  2.227658e+02
  2.307112e+00,  2.329539e+02
  1.984868e+00,  2.456637e+02
  1.917475e+00,  2.554954e+02
  2.034507e+00,  2.571045e+02
  2.298526e+00,  2.502575e+02
  2.755614e+00,  2.385652e+02
  3.440851e+00,  2.262986e+02
  4.302684e+00,  2.156943e+02
  5.220077e+00,  2.069468e+02
  6.048363e+00,  1.994838e+02
  6.651829e+00,  1.926673e+02
  6.924320e+00,  1.859234e+02
  6.804439e+00,  1.786758e+02
  6.287111e+00,  1.701911e+02
  5.434394e+00,  1.592839e+02
  4.394852e+00,  1.437275e+02
  3.452137e+00,  1.196072e+02
  3.056226e+00,  8.511911e+01
  3.446278e+00,  5.115241e+01
  4.260398e+00,  2.667809e+01
  5.083307e+00,  8.737711e+00
  5.721508e+00,  3.534486e+02
  6.136612e+00,  3.385922e+02
  6.388321e+00,  3.230337e+02
  6.591336e+00,  3.064603e+02
  6.858158e+00,  2.893518e+02
  7.235792e+00,  2.726914e+02
  7.677665e+00,  2.573351e+02
  8.071560e+00,  2.435806e+02
  8.292896e+00,  2.312156e+02
  8.246800e+00,  2.197576e+02
  7.889487e+00,  2.086084e+02
  7.234578e+00,  1.970759e+02
  6.351303e+00,  1.842979e+02
  5.360146e+00,  1.691125e+02
  4.428420e+00,  1.500587e+02
  3.748778e+00,  1.262186e+02
  3.454207e+00,  9.944117e+01
  3.491724e+00,  7.424801e+01
  3.662640e+00,  5.315404e+01
  3.793712e+00,  3.551476e+01
  3.806408e+00,  1.981086e+01
  3.697923e+00,  4.843846e+00
  3.506146e+00,  3.499642e+02
  3.276725e+00,  3.351127e+02
  3.036078e+00,  3.207849e+02
  2.778893e+00,  3.078149e+02
  2.476590e+00,  2.970836e+02
  2.099998e+00,  2.894937e+02
  1.643119e+00,  2.865701e+02
  1.148989e+00,  2.925732e+02
  7.843784e-01,  3.193501e+02
  8.816929e-01,  6.504752e-01
  1.316607e+00,  2.016094e+01
  1.777563e+00,  2.655193e+01
  2.148423e+00,  2.866720e+01
  2.393034e+00,  2.958653e+01
  2.515110e+00,  3.064551e+01
  2.549253e+00,  3.260003e+01
  2.554781e+00,  3.579591e+01
  2.603868e+00,  3.992178e+01
  2.758670e+00,  4.386682e+01
  3.049679e+00,  4.624202e+01
  3.472396e+00,  4.625836e+01
  3.999353e+00,  4.397819e+01
  4.589556e+00,  3.992295e+01
  5.190384e+00,  3.465096e+01
  5.738573e+00,  2.855571e+01
  6.165329e+00,  2.182324e+01
  6.405833e+00,  1.444780e+01
  6.411207e+00,  6.244138e+00
  6.161014e+00,  3.568248e+02
  5.675494e+00,  3.455238e+02
  5.028387e+00,  3.312693e+02
  4.361382e+00,  3.125648e+02
  3.886459e+00,  2.883387e+02
  3.809405e+00,  2.605060e+02
  4.152588e+00,  2.341070e+02
  4.737131e+00,  2.119160e+02
  5.368438e+00,  1.931859e+02
  5.937162e+00,  1.763363e+02
  6.416318e+00,  1.602324e+02
  6.831208e+00,  1.443477e+02
  7.221624e+00,  1.286787e+02
  7.602959e+00,  1.135506e+02
  7.941903e+00,  9.933383e+01
  8.159864e+00,  8.620307e+01
  8.158597e+00,  7.405437e+01
  7.851851e+00,  6.252899e+01
  7.191471e+00,  5.101512e+01
  6.186443e+00,  3.849134e+01
  4.923805e+00,  2.296488e+01
  3.624218e+00,  3.599159e+02
  2.806711e+00,  3.217390e+02
  3.136190e+00,  2.776040e+02
  4.284223e+00,  2.485900e+02
  5.571172e+00,  2.305550e+02
  6.680502e+00,  2.171395e+02
  7.492057e+00,  2.054990e+02
  7.982395e+00,  1.943205e+02
  8.191904e+00,  1.829290e+02
  8.202348e+00,  1.710287e+02
  8.108099e+00,  1.586750e+02
  7.980742e+00,  1.462705e+02
  7.840030e+00,  1.344434e+02
  7.649318e+00,  1.238088e+02
  7.339307e+00,  1.147769e+02
  6.843763e+00,  1.075338e+02
  6.127787e+00,  1.021570e+02
  5.201194e+00,  9.878882e+01
  4.119522e+00,  9.789283e+01
  2.977640e+00,  1.007898e+02
  1.912881e+00,  1.113707e+02
  1.164039e+00,  1.405295e+02
  1.086165e+00,  1.871043e+02
  1.417767e+00,  2.146539e+02
  1.694051e+00,  2.285307e+02
  1.804005e+00,  2.387757e+02
  1.778035e+00,  2.492391e+02
  1.694420e+00,  2.611896e+02
  1.626899e+00,  2.737247e+02
  1.595007e+00,  2.840786e+02
  1.558229e+00,  2.894183e+02
  1.469728e+00,  2.877418e+02
  1.341957e+00,  2.768951e+02
  1.291133e+00,  2.555988e+02
  1.472510e+00,  2.303238e+02
  1.870999e+00,  2.108929e+02
  2.321335e+00,  1.980809e+02
  2.660134e+00,  1.889534e+02
  2.765371e+00,  1.812184e+02
  2.561361e+00,  1.730222e+02
  2.033403e+00,  1.614004e+02
  1.297706e+00,  1.361681e+02
  1.070567e+00,  7.025299e+01
  2.071512e+00,  2.667551e+01
  3.440201e+00,  1.069920e+01
  4.780509e+00,  1.575900e+00
  5.902839e+00,  3.545018e+02
  6.671803e+00,  3.479023e+02
  7.001975e+00,  3.409239e+02
  6.870579e+00,  3.327910e+02
  6.332676e+00,  3.224766e+02
  5.540248e+00,  3.084120e+02
  4.765573e+00,  2.885754e+02
  4.373306e+00,  2.626879e+02
  4.576238e+00,  2.359070e+02
  5.179398e+00,  2.140318e+02
  5.811819e+00,  1.972829e+02
  6.207545e+00,  1.833849e+02
  6.251906e+00,  1.701705e+02
  5.967065e+00,  1.557482e+02
  5.509432e+00,  1.383068e+02
  5.158601e+00,  1.167784e+02
  5.205958e+00,  9.292221e+01
  5.712181e+00,  7.121643e+01
  6.446115e+00,  5.427147e+01
  7.097406e+00,  4.160648e+01
  7.428406e+00,  3.182880e+01
  7.302705e+00,  2.373923e+01
  6.677363e+00,  1.638316e+01
  5.592554e+00,  8.761260e+00
  4.164323e+00,  3.591439e+02
  2.601978e+00,  3.424145e+02
  1.438293e+00,  2.977110e+02
  1.850285e+00,  2.344759e+02
  2.977054e+00,  2.101085e+02
  3.907484e+00,  1.989421e+02
  4.442706e+00,  1.914176e+02
  4.547787e+00,  1.848305e+02
  4.269613e+00,  1.777855e+02
  3.720655e+00,  1.689133e+02
  3.073297e+00,  1.563706e+02
  2.550541e+00,  1.384304e+02
  2.350836e+00,  1.172421e+02
  2.470839e+00,  1.003937e+02
  2.728080e+00,  9.224299e+01
  2.994010e+00,  9.193460e+01
  3.268012e+00,  9.736593e+01
  3.617939e+00,  1.060813e+02
  4.087659e+00,  1.154020e+02
  4.638555e+00,  1.233747e+02
  5.163821e+00,  1.292892e+02
  5.538282e+00,  1.332346e+02
  5.658701e+00,  1.355225e+02
  5.466106e+00,  1.363901e+02
  4.954530e+00,  1.358800e+02
  4.171930e+00,  1.337222e+02
  3.216250e+00,  1.290288e+02
  2.232667e+00,  1.193920e+02
  1.428909e+00,  9.878332e+01
  1.078548e+00,  6.288401e+01
  1.141986e+00,  3.444590e+01
  1.194043e+00,  2.554495e+01
  1.067308e+00,  3.368864e+01
  9.681905e-01,  6.493916e+01
  1.370298e+00,  1.017396e+02
  2.206831e+00,  1.189924e+02
  3.154887e+00,  1.256045e+02
  3.996873e+00,  1.278939e+02
  4.572712e+00,  1.280214e+02
  4.767253e+00,  1.266730e+02
  4.518442e+00,  1.238382e+02
  3.828546e+00,  1.187513e+02
  2.783115e+00,  1.086441e+02
  1.653286e+00,  8.188091e+01
  1.461323e+00,  1.725312e+01
  2.602643e+00,  3.405409e+02
  3.913014e+00,  3.267973e+02
  4.972988e+00,  3.188818e+02
  5.619137e+00,  3.125484e+02
  5.780883e+00,  3.061599e+02
  5.468630e+00,  2.984862e+02
  4.784194e+00,  2.878707e+02
  3.949034e+00,  2.715458e+02
  3.346255e+00,  2.464858e+02
  3.380077e+00,  2.167954e+02
  3.980419e+00,  1.936715e+02
  4.703170e+00,  1.792917e+02
  5.207493e+00,  1.704528e+02
  5.321174e+00,  1.647757e+02
  4.987479e+00,  1.610485e+02
  4.233180e+00,  1.587362e+02
  3.148589e+00,  1.578064e+02
  1.869785e+00,  1.592621e+02
  5.764553e-01,  1.744231e+02
  7.116036e-01,  3.132904e+02
  1.643196e+00,  3.244148e+02
  2.238119e+00,  3.282805e+02
  2.439723e+00,  3.323797e+02
  2.271460e+00,  3.390645e+02
  1.848785e+00,  3.521273e+02
  1.446588e+00,  1.899685e+01
  1.504691e+00,  5.677056e+01
  2.015175e+00,  8.144636e+01
  2.559417e+00,  9.261453e+01
  2.872654e+00,  9.709743e+01
  2.829513e+00,  9.758321e+01
  2.395426e+00,  9.391569e+01
  1.640977e+00,  8.122927e+01
  9.892770e-01,  3.453172e+01
  1.614129e+00,  3.344716e+02
  2.909265e+00,  3.159092e+02
  4.212267e+00,  3.086076e+02
  5.300048e+00,  3.044477e+02
  6.039082e+00,  3.013609e+02
  6.352522e+00,  2.985245e+02
  6.221725e+00,  2.954042e+02
  5.688311e+00,  2.914120e+02
  4.853795e+00,  2.856155e+02
  3.881280e+00,  2.763006e+02
  3.007189e+00,  2.606275e+02
  2.528983e+00,  2.373214e+02
  2.584537e+00,  2.143204e+02
  2.935677e+00,  2.007559e+02
  3.297657e+00,  1.963429e+02
  3.562881e+00,  1.984164e+02
  3.756539e+00,  2.051208e+02
  3.958892e+00,  2.147716e+02
  4.227739e+00,  2.253665e+02
  4.544877e+00,  2.350796e+02
  4.820829e+00,  2.429452e+02
  4.942010e+00,  2.488180e+02
  4.814950e+00,  2.529154e+02
  4.390567e+00,  2.554573e+02
  3.672817e+00,  2.564384e+02
  2.718200e+00,  2.552536e+02
  1.634696e+00,  2.489710e+02
  6.566573e-01,  2.160487e+02
  8.301483e-01,  1.275787e+02
  1.564950e+00,  1.083241e+02
  2.054594e+00,  1.031474e+02
  2.184565e+00,  1.008928e+02
  1.931094e+00,  9.929256e+01
  1.324047e+00,  9.657108e+01
  4.550061e-01,  8.034296e+01
  6.977689e-01,  3.025092e+02
  1.829482e+00,  2.939544e+02
  2.922690e+00,  2.936592e+02
  3.865686e+00,  2.953167e+02
  4.587645e+00,  2.981624e+02
  5.059206e+00,  3.020523e+02
  5.292904e+00,  3.069397e+02
  5.334368e+00,  3.126872e+02
  5.243706e+00,  3.189230e+02
  5.072056e+00,  3.249475e+02
  4.842714e+00,  3.297188e+02
  4.553991e+00,  3.319319e+02
  4.211835e+00,  3.300487e+02
  3.886310e+00,  3.223594e+02
  3.762679e+00,  3.080831e+02
  4.080791e+00,  2.902620e+02
  4.907286e+00,  2.746930e+02
  6.069075e+00,  2.637787e+02
  7.320763e+00,  2.565503e+02
  8.446189e+00,  2.515527e+02
  9.276922e+00,  2.477492e+02
  9.696250e+00,  2.444606e+02
  9.644324e+00,  2.411864e+02
  9.122485e+00,  2.374561e+02
  8.194806e+00,  2.326864e+02
  6.987711e+00,  2.259964e+02
  5.691302e+00,  2.159663e+02
  4.562552e+00,  2.006862e+02
  3.886395e+00,  1.797264e+02
  3.775492e+00,  1.580043e+02
  3.995422e+00,  1.418444e+02
  4.205247e+00,  1.322308e+02
  4.196418e+00,  1.275351e+02
  3.899389e+00,  1.265224e+02
  3.337427e+00,  1.289378e+02
  2.596047e+00,  1.357381e+02
  1.814382e+00,  1.502744e+02
  1.220741e+00,  1.807481e+02
  1.128534e+00,  2.264485e+02
  1.430745e+00,  2.601934e+02
  1.764336e+00,  2.820270e+02
  2.016572e+00,  3.006291e+02
  2.227410e+00,  3.195092e+02
  2.487380e+00,  3.387543e+02
  2.855770e+00,  3.565634e+02
  3.312393e+00,  1.139012e+01
  3.777121e+00,  2.301090e+01
  4.155561e+00,  3.198018e+01
  4.369112e+00,  3.894429e+01
  4.367916e+00,  4.436427e+01
  4.134940e+00,  4.844584e+01
  3.685555e+00,  5.107370e+01
  3.065397e+00,  5.160054e+01
  2.352061e+00,  4.820746e+01
  1.678285e+00,  3.622781e+01
  1.305900e+00,  8.647238e+00
  1.489017e+00,  3.381448e+02
  1.995871e+00,  3.233918e+02
  2.522325e+00,  3.189504e+02
  2.929261e+00,  3.191507e+02
  3.146041e+00,  3.216135e+02
  3.128350e+00,  3.254002e+02
  2.849596e+00,  3.303162e+02
  2.303908e+00,  3.370160e+02
  1.521544e+00,  3.489054e+02
  7.037961e-01,  3.032762e+01
  1.106181e+00,  1.160468e+02
  2.323955e+00,  1.371955e+02
  3.604641e+00,  1.447848e+02
  4.776624e+00,  1.488331e+02
  5.719485e+00,  1.512418e+02
  6.336442e+00,  1.525477e+02
  6.561888e+00,  1.528640e+02
  6.370968e+00,  1.520561e+02
  5.787218e+00,  1.496983e+02
  4.889456e+00,  1.448279e+02
  3.825967e+00,  1.352984e+02
  2.858689e+00,  1.166968e+02
  2.412814e+00,  8.589840e+01
  2.706516e+00,  5.599088e+01
  3.324421e+00,  3.812434e+01
  3.836557e+00,  2.826154e+01
  4.041322e+00,  2.207123e+01
  3.867680e+00,  1.718502e+01
  3.322660e+00,  1.176992e+01
  2.485451e+00,  2.778448e+00
  1.569481e+00,  3.405838e+02
  1.282240e+00,  2.863939e+02
  2.112485e+00,  2.491923e+02
  3.227093e+00,  2.373112e+02
  4.239543e+00,  2.334898e+02
  5.015953e+00,  2.328914e+02
  5.494853e+00,  2.340240e+02
  5.657573e+00,  2.363118e+02
  5.518695e+00,  2.394926e+02
  5.117765e+00,  2.434185e+02
  4.509721e+00,  2.479648e+02
  3.754813e+00,  2.529596e+02
  2.909984e+00,  2.580862e+02
  2.024075e+00,  2.626123e+02
  1.140245e+00,  2.639797e+02
  3.503741e-01,  2.373806e+02
  6.306035e-01,  1.352500e+02
  1.333059e+00,  1.296173e+02
  1.940267e+00,  1.332778e+02
  2.405488e+00,  1.389243e+02
  2.703102e+00,  1.454206e+02
  2.820783e+00,  1.525216e+02
  2.760324e+00,  1.602332e+02
  2.536430e+00,  1.686659e+02
  2.172496e+00,  1.780149e+02
  1.694226e+00,  1.886811e+02
  1.124060e+00,  2.020362e+02
  4.933222e-01,  2.280349e+02
  4.033117e-01,  3.515543e+02
  1.196247e+00,  2.486890e+01
  2.119080e+00,  3.750710e+01
  3.108861e+00,  4.613447e+01
  4.111522e+00,  5.267274e+01
  5.053354e+00,  5.764407e+01
  5.846810e+00,  6.125306e+01
  6.402819e+00,  6.356427e+01
  6.645922e+00,  6.451644e+01
  6.530209e+00,  6.387140e+01
  6.055431e+00,  6.108406e+01
  5.285928e+00,  5.502216e+01
  4.382381e+00,  4.347903e+01
  3.656721e+00,  2.336473e+01
  3.532328e+00,  3.560792e+02
  4.104793e+00,  3.321199e+02
  4.910932e+00,  3.165559e+02
  4.491619e+00,  3.090741e+02
##END=
