##TITLE= E:\桌面\nmr\ogm\sjd\matlabcod\1_unitary\1_11_xjhsjd
##JCAMP-DX= 5.00 Bruker JCAMP library
##DATA TYPE= Shape Data
##ORIGIN= Colm's GRAPE Pulses 
##OWNER= Dawei.Lu
##DATE= 02-Aug-2025
##TIME= 13:16
##MINX= 2.343492e+00
##MAXX= 3.381282e+01
##MINY= 9.332248e-01
##MAXY= 3.598173e+02
##$SHAPE_EXMODE= None
##$SHAPE_TOTROT= 9.000000e+01
##$SHAPE_BWFAC= 1.000000e+00
##$SHAPE_INTEGFAC= 1.000000e+00
##$SHAPE_MODE= 1
##PULSE_WIDTH= 2000
##Calibration_Power= 12500
##NPOINTS= 200
##XYPOINTS= (XY..XY)
  3.738158e+00,  1.192199e+02
  8.101152e+00,  2.096627e+00
  1.565680e+01,  3.418097e+02
  1.135976e+01,  3.068603e+02
  1.133417e+01,  2.596781e+02
  1.267492e+01,  2.337275e+02
  1.022146e+01,  2.220559e+02
  3.964959e+00,  2.250927e+02
  4.365847e+00,  3.568573e+02
  1.066143e+01,  3.564418e+02
  1.415458e+01,  3.422560e+02
  1.564750e+01,  3.200309e+02
  1.747803e+01,  2.941507e+02
  2.017366e+01,  2.730845e+02
  2.181398e+01,  2.590938e+02
  2.088357e+01,  2.491652e+02
  1.767493e+01,  2.394548e+02
  1.385672e+01,  2.259347e+02
  1.128629e+01,  2.069565e+02
  1.031005e+01,  1.888327e+02
  9.310387e+00,  1.772839e+02
  6.709463e+00,  1.689145e+02
  2.343492e+00,  1.423411e+02
  4.116160e+00,  1.659861e+01
  8.994706e+00,  4.304814e+00
  1.148122e+01,  3.598173e+02
  1.096734e+01,  3.542831e+02
  8.685742e+00,  3.415358e+02
  7.554302e+00,  3.162201e+02
  9.573470e+00,  2.974504e+02
  1.339392e+01,  2.950024e+02
  1.726097e+01,  2.975565e+02
  1.916337e+01,  2.982664e+02
  1.744319e+01,  2.937030e+02
  1.257830e+01,  2.770726e+02
  9.248042e+00,  2.321871e+02
  1.201260e+01,  1.892764e+02
  1.454246e+01,  1.711808e+02
  1.284996e+01,  1.594955e+02
  7.679320e+00,  1.377553e+02
  5.697661e+00,  6.590189e+01
  1.080448e+01,  3.124035e+01
  1.475992e+01,  2.707555e+01
  1.596149e+01,  3.002640e+01
  1.489919e+01,  3.288218e+01
  1.213230e+01,  2.756105e+01
  9.275212e+00,  9.332248e-01
  1.041299e+01,  3.179464e+02
  1.402814e+01,  2.919807e+02
  1.499940e+01,  2.750801e+02
  1.153215e+01,  2.529814e+02
  7.392774e+00,  1.956410e+02
  1.202660e+01,  1.318426e+02
  1.828461e+01,  1.062078e+02
  2.037454e+01,  8.707416e+01
  1.807592e+01,  6.306430e+01
  1.484510e+01,  2.574174e+01
  1.500905e+01,  3.412512e+02
  1.658896e+01,  3.071871e+02
  1.562705e+01,  2.784428e+02
  1.235984e+01,  2.415804e+02
  1.135035e+01,  1.887066e+02
  1.410954e+01,  1.465977e+02
  1.553188e+01,  1.205368e+02
  1.308797e+01,  9.859408e+01
  7.869154e+00,  6.761047e+01
  4.977331e+00,  3.547840e+02
  7.520630e+00,  2.993907e+02
  8.760529e+00,  2.732276e+02
  7.713149e+00,  2.487224e+02
  6.435008e+00,  2.187446e+02
  6.587944e+00,  1.964490e+02
  8.132247e+00,  1.946907e+02
  1.155866e+01,  1.996103e+02
  1.629545e+01,  1.974772e+02
  2.040989e+01,  1.871663e+02
  2.250176e+01,  1.698130e+02
  2.267642e+01,  1.458121e+02
  2.203662e+01,  1.165521e+02
  2.095288e+01,  8.504160e+01
  1.853879e+01,  5.210391e+01
  1.462547e+01,  1.220736e+01
  1.233277e+01,  3.153334e+02
  1.547880e+01,  2.590157e+02
  2.067050e+01,  2.209535e+02
  2.406454e+01,  1.916265e+02
  2.455125e+01,  1.644744e+02
  2.282270e+01,  1.364689e+02
  2.031755e+01,  1.072023e+02
  1.770765e+01,  7.939194e+01
  1.433586e+01,  5.667705e+01
  9.561931e+00,  4.208193e+01
  4.305646e+00,  4.994792e+01
  3.947712e+00,  1.187080e+02
  7.086027e+00,  1.247297e+02
  8.590297e+00,  1.066950e+02
  8.989102e+00,  7.770536e+01
  9.699424e+00,  4.550504e+01
  1.042776e+01,  2.031435e+01
  9.634545e+00,  4.400188e+00
  6.727850e+00,  3.586241e+02
  3.194970e+00,  2.304263e+01
  3.889328e+00,  8.416165e+01
  5.795392e+00,  8.574659e+01
  6.108588e+00,  6.177054e+01
  6.713126e+00,  2.059171e+01
  8.879138e+00,  3.466102e+02
  1.026324e+01,  3.263907e+02
  8.773578e+00,  3.122775e+02
  4.173252e+00,  2.968720e+02
  2.371676e+00,  1.347089e+02
  8.161658e+00,  1.127938e+02
  1.156767e+01,  9.939702e+01
  1.213319e+01,  8.145560e+01
  1.180661e+01,  5.423293e+01
  1.359899e+01,  2.486806e+01
  1.745549e+01,  6.932085e+00
  2.126058e+01,  3.585134e+02
  2.352345e+01,  3.530362e+02
  2.342160e+01,  3.452802e+02
  2.121100e+01,  3.306762e+02
  1.909175e+01,  3.060138e+02
  1.958362e+01,  2.773829e+02
  2.117783e+01,  2.558939e+02
  2.028109e+01,  2.418139e+02
  1.539384e+01,  2.305660e+02
  7.769801e+00,  2.132004e+02
  3.296373e+00,  1.222985e+02
  7.583410e+00,  7.295192e+01
  9.108461e+00,  6.343039e+01
  6.902844e+00,  5.685723e+01
  2.844048e+00,  3.044999e+01
  3.579654e+00,  2.952392e+02
  7.078487e+00,  2.841997e+02
  9.025889e+00,  2.872178e+02
  8.849675e+00,  2.897804e+02
  6.243423e+00,  2.819157e+02
  3.517580e+00,  2.182317e+02
  8.269058e+00,  1.589652e+02
  1.368514e+01,  1.429765e+02
  1.563696e+01,  1.297659e+02
  1.331244e+01,  1.090116e+02
  9.857329e+00,  6.508493e+01
  1.166648e+01,  8.126276e+00
  1.535306e+01,  3.330735e+02
  1.582439e+01,  3.016956e+02
  1.520147e+01,  2.565588e+02
  2.010058e+01,  2.084862e+02
  2.840321e+01,  1.781141e+02
  3.381282e+01,  1.568064e+02
  3.374251e+01,  1.368894e+02
  2.937004e+01,  1.141506e+02
  2.421686e+01,  8.654020e+01
  2.078295e+01,  5.862880e+01
  1.757965e+01,  3.965069e+01
  1.265560e+01,  3.526805e+01
  7.700856e+00,  5.619762e+01
  6.863697e+00,  9.967736e+01
  7.348201e+00,  1.225289e+02
  5.617695e+00,  1.385307e+02
  3.565728e+00,  1.754825e+02
  4.209948e+00,  2.061459e+02
  5.568818e+00,  1.848850e+02
  9.356502e+00,  1.472593e+02
  1.565262e+01,  1.236544e+02
  2.088192e+01,  1.072212e+02
  2.219242e+01,  9.052403e+01
  1.929141e+01,  6.747598e+01
  1.541848e+01,  3.023087e+01
  1.508748e+01,  3.436960e+02
  1.637238e+01,  3.061201e+02
  1.544965e+01,  2.715399e+02
  1.386286e+01,  2.270395e+02
  1.572992e+01,  1.796132e+02
  1.903974e+01,  1.457030e+02
  1.975878e+01,  1.188161e+02
  1.763599e+01,  8.992209e+01
  1.528119e+01,  5.519867e+01
  1.419461e+01,  2.190207e+01
  1.233964e+01,  3.585242e+02
  8.119688e+00,  3.462564e+02
  3.225875e+00,  5.073153e+00
  4.201390e+00,  6.845552e+01
  7.106157e+00,  5.392605e+01
  1.057883e+01,  2.059271e+01
  1.583254e+01,  3.531169e+02
  2.051853e+01,  3.346424e+02
  2.181077e+01,  3.200337e+02
  1.901245e+01,  3.043896e+02
  1.435468e+01,  2.815290e+02
  1.195097e+01,  2.498187e+02
  1.266135e+01,  2.288150e+02
  1.378863e+01,  2.266022e+02
  1.452830e+01,  2.332711e+02
  1.413563e+01,  2.366990e+02
  1.117728e+01,  2.251262e+02
  8.868142e+00,  1.751305e+02
  1.510213e+01,  1.272073e+02
  2.078656e+01,  1.082164e+02
  4.723889e+00,  7.656048e+01
##END=
