##TITLE= E:\桌面\nmr\ogm\sjd\matlabcod\1\1_12_xjhsjd
##JCAMP-DX= 5.00 Bruker JCAMP library
##DATA TYPE= Shape Data
##ORIGIN= Colm's GRAPE Pulses 
##OWNER= Dawei.Lu
##DATE= 02-Aug-2025
##TIME= 11:23
##MINX= 2.365004e-01
##MAXX= 1.068608e+01
##MINY= 2.147796e-01
##MAXY= 3.598729e+02
##$SHAPE_EXMODE= None
##$SHAPE_TOTROT= 9.000000e+01
##$SHAPE_BWFAC= 1.000000e+00
##$SHAPE_INTEGFAC= 1.000000e+00
##$SHAPE_MODE= 1
##PULSE_WIDTH= 5000
##Calibration_Power= 12500
##NPOINTS= 1000
##XYPOINTS= (XY..XY)
  3.308752e+00,  1.356920e+02
  3.822931e+00,  1.343818e+02
  4.130726e+00,  1.304355e+02
  3.480328e+00,  1.290486e+02
  2.638614e+00,  1.268084e+02
  1.741310e+00,  1.220801e+02
  8.943836e-01,  1.082328e+02
  4.169693e-01,  4.319233e+01
  8.051630e-01,  3.473364e+02
  1.246515e+00,  3.358057e+02
  1.522203e+00,  3.321895e+02
  1.621460e+00,  3.310152e+02
  1.572232e+00,  3.308412e+02
  1.422672e+00,  3.308256e+02
  1.231952e+00,  3.298297e+02
  1.064797e+00,  3.259422e+02
  9.933745e-01,  3.172727e+02
  1.093520e+00,  3.054802e+02
  1.407450e+00,  2.957290e+02
  1.924919e+00,  2.899758e+02
  2.608946e+00,  2.869077e+02
  3.408931e+00,  2.850664e+02
  4.262044e+00,  2.836032e+02
  5.097121e+00,  2.820777e+02
  5.841960e+00,  2.802422e+02
  6.432020e+00,  2.779219e+02
  6.819008e+00,  2.749540e+02
  6.978234e+00,  2.711536e+02
  6.913836e+00,  2.662958e+02
  6.660932e+00,  2.601146e+02
  6.283433e+00,  2.523397e+02
  5.865198e+00,  2.428069e+02
  5.491297e+00,  2.316603e+02
  5.219455e+00,  2.195310e+02
  5.054069e+00,  2.074257e+02
  4.944555e+00,  1.962633e+02
  4.812433e+00,  1.864715e+02
  4.585284e+00,  1.779515e+02
  4.218005e+00,  1.702360e+02
  3.700066e+00,  1.625574e+02
  3.056632e+00,  1.536582e+02
  2.354207e+00,  1.411012e+02
  1.731478e+00,  1.198294e+02
  1.460132e+00,  8.528259e+01
  1.726351e+00,  5.205661e+01
  2.283133e+00,  3.281830e+01
  2.871045e+00,  2.232828e+01
  3.374049e+00,  1.582773e+01
  3.742500e+00,  1.105779e+01
  3.957362e+00,  6.845233e+00
  4.019528e+00,  2.433844e+00
  3.947029e+00,  3.572217e+02
  3.774512e+00,  3.506743e+02
  3.551468e+00,  3.423532e+02
  3.335881e+00,  3.320978e+02
  3.178640e+00,  3.203190e+02
  3.100243e+00,  3.080954e+02
  3.075954e+00,  2.967278e+02
  3.045870e+00,  2.870943e+02
  2.941517e+00,  2.794878e+02
  2.708622e+00,  2.739287e+02
  2.319117e+00,  2.706279e+02
  1.777803e+00,  2.707741e+02
  1.140962e+00,  2.795902e+02
  6.709415e-01,  3.207137e+02
  1.023801e+00,  1.403184e+01
  1.778017e+00,  2.733453e+01
  2.538759e+00,  2.840634e+01
  3.204729e+00,  2.520064e+01
  3.735798e+00,  1.956798e+01
  4.125660e+00,  1.202416e+01
  4.397386e+00,  2.746812e+00
  4.596137e+00,  3.519336e+02
  4.773574e+00,  3.399936e+02
  4.965796e+00,  3.275761e+02
  5.175126e+00,  3.153948e+02
  5.367502e+00,  3.039723e+02
  5.486140e+00,  2.935101e+02
  5.471849e+00,  2.839284e+02
  5.279658e+00,  2.749695e+02
  4.888449e+00,  2.662656e+02
  4.304504e+00,  2.573286e+02
  3.561011e+00,  2.474246e+02
  2.716642e+00,  2.351695e+02
  1.861948e+00,  2.171799e+02
  1.172862e+00,  1.837893e+02
  1.037809e+00,  1.281074e+02
  1.478106e+00,  8.768699e+01
  2.041655e+00,  6.476765e+01
  2.564381e+00,  4.775751e+01
  3.029448e+00,  3.263786e+01
  3.460804e+00,  1.825952e+01
  3.886826e+00,  4.511575e+00
  4.320013e+00,  3.516412e+02
  4.748967e+00,  3.398875e+02
  5.142574e+00,  3.293187e+02
  5.461098e+00,  3.198284e+02
  5.667718e+00,  3.111986e+02
  5.736980e+00,  3.031590e+02
  5.659375e+00,  2.954193e+02
  5.442508e+00,  2.876798e+02
  5.109777e+00,  2.796343e+02
  4.697187e+00,  2.709833e+02
  4.246939e+00,  2.614582e+02
  3.800143e+00,  2.508743e+02
  3.388759e+00,  2.392074e+02
  3.028191e+00,  2.266374e+02
  2.713966e+00,  2.134711e+02
  2.425935e+00,  1.999094e+02
  2.139617e+00,  1.857475e+02
  1.840643e+00,  1.700804e+02
  1.540579e+00,  1.509646e+02
  1.297823e+00,  1.254216e+02
  1.228020e+00,  9.280056e+01
  1.414314e+00,  6.084084e+01
  1.796710e+00,  3.641089e+01
  2.268588e+00,  1.823462e+01
  2.760531e+00,  3.399997e+00
  3.238778e+00,  3.500328e+02
  3.694257e+00,  3.371255e+02
  4.135473e+00,  3.242095e+02
  4.580639e+00,  3.111783e+02
  5.047192e+00,  2.981647e+02
  5.541044e+00,  2.854061e+02
  6.050076e+00,  2.731092e+02
  6.544736e+00,  2.613624e+02
  6.984782e+00,  2.501142e+02
  7.329612e+00,  2.391927e+02
  7.548473e+00,  2.283612e+02
  7.627505e+00,  2.173574e+02
  7.573408e+00,  2.059242e+02
  7.412932e+00,  1.938453e+02
  7.187312e+00,  1.809944e+02
  6.941434e+00,  1.673904e+02
  6.709688e+00,  1.532245e+02
  6.503908e+00,  1.388123e+02
  6.310264e+00,  1.244664e+02
  6.097945e+00,  1.103554e+02
  5.835174e+00,  9.643040e+01
  5.504705e+00,  8.243602e+01
  5.113206e+00,  6.797854e+01
  4.692233e+00,  5.263940e+01
  4.289526e+00,  3.615901e+01
  3.949756e+00,  1.867753e+01
  3.689270e+00,  8.441791e-01
  3.480801e+00,  3.435247e+02
  3.263898e+00,  3.272308e+02
  2.974677e+00,  3.117367e+02
  2.575278e+00,  2.959120e+02
  2.078378e+00,  2.772048e+02
  1.589760e+00,  2.501702e+02
  1.391490e+00,  2.094533e+02
  1.731560e+00,  1.705632e+02
  2.390042e+00,  1.467539e+02
  3.093756e+00,  1.320802e+02
  3.701031e+00,  1.216005e+02
  4.136896e+00,  1.130556e+02
  4.364437e+00,  1.052947e+02
  4.377354e+00,  9.757139e+01
  4.197176e+00,  8.925414e+01
  3.870468e+00,  7.969079e+01
  3.464400e+00,  6.817258e+01
  3.058406e+00,  5.406632e+01
  2.726990e+00,  3.723508e+01
  2.510946e+00,  1.852203e+01
  2.394720e+00,  3.593841e+02
  2.323145e+00,  3.405417e+02
  2.252731e+00,  3.212138e+02
  2.201123e+00,  2.996699e+02
  2.271466e+00,  2.751113e+02
  2.605612e+00,  2.502590e+02
  3.260120e+00,  2.295070e+02
  4.171792e+00,  2.141592e+02
  5.230895e+00,  2.029957e+02
  6.327201e+00,  1.945164e+02
  7.359547e+00,  1.876233e+02
  8.238815e+00,  1.815699e+02
  8.893794e+00,  1.758167e+02
  9.276404e+00,  1.699371e+02
  9.367730e+00,  1.635473e+02
  9.183575e+00,  1.562620e+02
  8.777593e+00,  1.476784e+02
  8.239537e+00,  1.374121e+02
  7.683980e+00,  1.252292e+02
  7.223106e+00,  1.112806e+02
  6.924025e+00,  9.626789e+01
  6.773517e+00,  8.121288e+01
  6.684717e+00,  6.687184e+01
  6.545508e+00,  5.334121e+01
  6.272110e+00,  4.008466e+01
  5.844730e+00,  2.610219e+01
  5.328302e+00,  1.007552e+01
  4.880962e+00,  3.508101e+02
  4.716686e+00,  3.286423e+02
  4.966247e+00,  3.066713e+02
  5.547203e+00,  2.883248e+02
  6.238956e+00,  2.744253e+02
  6.827137e+00,  2.640598e+02
  7.160458e+00,  2.561061e+02
  7.153866e+00,  2.497031e+02
  6.781431e+00,  2.442278e+02
  6.068990e+00,  2.391796e+02
  5.086157e+00,  2.340593e+02
  3.935636e+00,  2.281595e+02
  2.743447e+00,  2.200620e+02
  1.657005e+00,  2.059075e+02
  8.873770e-01,  1.732882e+02
  7.384540e-01,  1.180952e+02
  8.838880e-01,  8.671844e+01
  8.385391e-01,  7.078499e+01
  5.139719e-01,  5.222583e+01
  2.820415e-01,  3.089532e+02
  1.013231e+00,  2.639798e+02
  1.930378e+00,  2.552574e+02
  2.853850e+00,  2.510710e+02
  3.672624e+00,  2.482897e+02
  4.294221e+00,  2.460141e+02
  4.650802e+00,  2.437656e+02
  4.705862e+00,  2.411083e+02
  4.459462e+00,  2.374486e+02
  3.954000e+00,  2.317636e+02
  3.287419e+00,  2.220828e+02
  2.649652e+00,  2.048810e+02
  2.363362e+00,  1.780223e+02
  2.667340e+00,  1.508313e+02
  3.368280e+00,  1.332293e+02
  4.148997e+00,  1.233887e+02
  4.812423e+00,  1.176383e+02
  5.248643e+00,  1.138120e+02
  5.397301e+00,  1.106495e+02
  5.235602e+00,  1.072008e+02
  4.779098e+00,  1.024125e+02
  4.093428e+00,  9.464056e+01
  3.328135e+00,  8.089779e+01
  2.786859e+00,  5.725638e+01
  2.869493e+00,  2.733477e+01
  3.580342e+00,  4.365826e+00
  4.535510e+00,  3.507464e+02
  5.425233e+00,  3.424717e+02
  6.068420e+00,  3.367183e+02
  6.361647e+00,  3.319266e+02
  6.260030e+00,  3.270517e+02
  5.776647e+00,  3.210675e+02
  4.992373e+00,  3.124981e+02
  4.082695e+00,  2.987954e+02
  3.370397e+00,  2.765314e+02
  3.270857e+00,  2.475996e+02
  3.833159e+00,  2.234481e+02
  4.651069e+00,  2.084210e+02
  5.357491e+00,  1.994171e+02
  5.746546e+00,  1.936473e+02
  5.719192e+00,  1.895459e+02
  5.250329e+00,  1.861461e+02
  4.374546e+00,  1.825602e+02
  3.179535e+00,  1.772035e+02
  1.821427e+00,  1.643179e+02
  8.503939e-01,  1.063384e+02
  1.662917e+00,  4.240841e+01
  2.880637e+00,  2.904103e+01
  3.886521e+00,  2.481395e+01
  4.555883e+00,  2.326884e+01
  4.843316e+00,  2.287323e+01
  4.751963e+00,  2.301991e+01
  4.325357e+00,  2.328625e+01
  3.639622e+00,  2.310595e+01
  2.796060e+00,  2.128171e+01
  1.923630e+00,  1.455909e+01
  1.234285e+00,  3.535625e+02
  1.132591e+00,  3.142086e+02
  1.609579e+00,  2.923736e+02
  2.234010e+00,  2.888219e+02
  2.857622e+00,  2.926726e+02
  3.458220e+00,  2.995816e+02
  4.029420e+00,  3.076529e+02
  4.550437e+00,  3.159329e+02
  4.983438e+00,  3.239792e+02
  5.283717e+00,  3.316588e+02
  5.413600e+00,  3.389996e+02
  5.350984e+00,  3.460957e+02
  5.093798e+00,  3.530412e+02
  4.659304e+00,  3.598729e+02
  4.078723e+00,  6.497086e+00
  3.389457e+00,  1.255919e+01
  2.628855e+00,  1.712367e+01
  1.837812e+00,  1.759094e+01
  1.108961e+00,  4.789084e+00
  8.531106e-01,  3.176867e+02
  1.425688e+00,  2.846937e+02
  2.255373e+00,  2.776367e+02
  3.073583e+00,  2.778074e+02
  3.766963e+00,  2.801186e+02
  4.244739e+00,  2.830905e+02
  4.428336e+00,  2.862270e+02
  4.259496e+00,  2.894015e+02
  3.710451e+00,  2.927245e+02
  2.792134e+00,  2.967293e+02
  1.562139e+00,  3.040667e+02
  3.264161e-01,  1.508290e+01
  1.575042e+00,  1.035815e+02
  3.123677e+00,  1.106562e+02
  4.511708e+00,  1.133342e+02
  5.595235e+00,  1.145717e+02
  6.264792e+00,  1.148218e+02
  6.452494e+00,  1.140030e+02
  6.144059e+00,  1.116587e+02
  5.394069e+00,  1.067050e+02
  4.357671e+00,  9.663896e+01
  3.383693e+00,  7.623160e+01
  3.129477e+00,  4.325859e+01
  3.930480e+00,  1.487399e+01
  5.236461e+00,  3.597290e+02
  6.527472e+00,  3.522372e+02
  7.538335e+00,  3.483987e+02
  8.133868e+00,  3.463856e+02
  8.255721e+00,  3.452840e+02
  7.904712e+00,  3.445109e+02
  7.131761e+00,  3.435226e+02
  6.031117e+00,  3.415541e+02
  4.738843e+00,  3.371493e+02
  3.452340e+00,  3.270494e+02
  2.510729e+00,  3.049692e+02
  2.389980e+00,  2.727406e+02
  3.006763e+00,  2.511062e+02
  3.804853e+00,  2.426420e+02
  4.477802e+00,  2.410456e+02
  4.909189e+00,  2.430468e+02
  5.057947e+00,  2.473268e+02
  4.922238e+00,  2.534659e+02
  4.529474e+00,  2.616114e+02
  3.939072e+00,  2.725408e+02
  3.257924e+00,  2.880079e+02
  2.673100e+00,  3.107973e+02
  2.452319e+00,  3.410608e+02
  2.719025e+00,  1.009802e+01
  3.260586e+00,  3.091961e+01
  3.798308e+00,  4.495910e+01
  4.153690e+00,  5.501080e+01
  4.230766e+00,  6.279916e+01
  3.991280e+00,  6.927571e+01
  3.444130e+00,  7.500276e+01
  2.638905e+00,  8.036154e+01
  1.657911e+00,  8.566546e+01
  6.047423e-01,  9.127829e+01
  4.107528e-01,  2.769826e+02
  1.290474e+00,  2.842633e+02
  1.968570e+00,  2.930706e+02
  2.433913e+00,  3.043290e+02
  2.751532e+00,  3.187854e+02
  3.064057e+00,  3.362050e+02
  3.530029e+00,  3.543691e+02
  4.208685e+00,  1.020811e+01
  5.017682e+00,  2.221636e+01
  5.797350e+00,  3.057630e+01
  6.379552e+00,  3.594132e+01
  6.625366e+00,  3.875318e+01
  6.448044e+00,  3.900595e+01
  5.835509e+00,  3.599703e+01
  4.889122e+00,  2.767896e+01
  3.923480e+00,  9.541132e+00
  3.617203e+00,  3.387285e+02
  4.485436e+00,  3.095918e+02
  6.070497e+00,  2.927489e+02
  7.769721e+00,  2.837024e+02
  9.229342e+00,  2.782869e+02
  1.024083e+01,  2.744826e+02
  1.068608e+01,  2.712332e+02
  1.052545e+01,  2.678122e+02
  9.798170e+00,  2.634920e+02
  8.627717e+00,  2.572643e+02
  7.236908e+00,  2.475065e+02
  5.979715e+00,  2.319251e+02
  5.327177e+00,  2.098558e+02
  5.556191e+00,  1.871304e+02
  6.387004e+00,  1.706987e+02
  7.325671e+00,  1.608537e+02
  8.032448e+00,  1.553067e+02
  8.333073e+00,  1.522930e+02
  8.160528e+00,  1.507433e+02
  7.519290e+00,  1.499375e+02
  6.465296e+00,  1.492085e+02
  5.093816e+00,  1.475607e+02
  3.539792e+00,  1.425961e+02
  2.043073e+00,  1.254546e+02
  1.429942e+00,  7.068888e+01
  2.396503e+00,  3.135721e+01
  3.684469e+00,  2.168493e+01
  4.803839e+00,  2.024344e+01
  5.626322e+00,  2.181063e+01
  6.099475e+00,  2.489987e+01
  6.208853e+00,  2.899413e+01
  5.970683e+00,  3.393884e+01
  5.428606e+00,  3.978493e+01
  4.649826e+00,  4.677935e+01
  3.719754e+00,  5.547040e+01
  2.736086e+00,  6.705090e+01
  1.807499e+00,  8.448053e+01
  1.081084e+00,  1.161654e+02
  8.302614e-01,  1.721864e+02
  1.087699e+00,  2.194331e+02
  1.472246e+00,  2.481566e+02
  1.856607e+00,  2.698602e+02
  2.237790e+00,  2.881313e+02
  2.601441e+00,  3.035630e+02
  2.892938e+00,  3.163426e+02
  3.028530e+00,  3.268660e+02
  2.918982e+00,  3.357343e+02
  2.491906e+00,  3.438057e+02
  1.710566e+00,  3.530941e+02
  6.268145e-01,  1.994514e+01
  1.020463e+00,  1.489785e+02
  2.689174e+00,  1.645852e+02
  4.502049e+00,  1.699113e+02
  6.292492e+00,  1.728943e+02
  7.908494e+00,  1.746779e+02
  9.210732e+00,  1.755477e+02
  1.008788e+01,  1.755309e+02
  1.047223e+01,  1.745056e+02
  1.035344e+01,  1.722012e+02
  9.789971e+00,  1.681518e+02
  8.919089e+00,  1.616425e+02
  7.963529e+00,  1.517807e+02
  7.215235e+00,  1.380996e+02
  6.937277e+00,  1.219318e+02
  7.178722e+00,  1.066128e+02
  7.722929e+00,  9.474857e+01
  8.262662e+00,  8.665753e+01
  8.553603e+00,  8.152281e+01
  8.450301e+00,  7.846805e+01
  7.893131e+00,  7.683897e+01
  6.889714e+00,  7.616705e+01
  5.498323e+00,  7.605838e+01
  3.812879e+00,  7.597287e+01
  1.950843e+00,  7.404375e+01
  2.365004e-01,  3.546385e+02
  1.878541e+00,  2.721402e+02
  3.578631e+00,  2.709185e+02
  5.031667e+00,  2.720695e+02
  6.167451e+00,  2.737088e+02
  6.942394e+00,  2.753182e+02
  7.338778e+00,  2.765597e+02
  7.366397e+00,  2.770721e+02
  7.065784e+00,  2.763704e+02
  6.514362e+00,  2.737456e+02
  5.837441e+00,  2.681912e+02
  5.221351e+00,  2.586207e+02
  4.899282e+00,  2.450476e+02
  5.043169e+00,  2.302687e+02
  5.619451e+00,  2.182583e+02
  6.431982e+00,  2.105456e+02
  7.274907e+00,  2.064414e+02
  7.998206e+00,  2.047986e+02
  8.505716e+00,  2.046965e+02
  8.742226e+00,  2.054760e+02
  8.681553e+00,  2.066177e+02
  8.319710e+00,  2.076324e+02
  7.672608e+00,  2.079516e+02
  6.779441e+00,  2.067670e+02
  5.716351e+00,  2.027264e+02
  4.632270e+00,  1.934043e+02
  3.821684e+00,  1.754194e+02
  3.713713e+00,  1.500626e+02
  4.424971e+00,  1.283247e+02
  5.576920e+00,  1.152046e+02
  6.786303e+00,  1.078362e+02
  7.817636e+00,  1.033741e+02
  8.528695e+00,  1.002035e+02
  8.838351e+00,  9.738274e+01
  8.719192e+00,  9.423192e+01
  8.199353e+00,  9.008640e+01
  7.367784e+00,  8.410346e+01
  6.382427e+00,  7.510638e+01
  5.477256e+00,  6.174604e+01
  4.929859e+00,  4.390402e+01
  4.903880e+00,  2.495341e+01
  5.276101e+00,  9.611897e+00
  5.754068e+00,  3.593627e+02
  6.092548e+00,  3.532434e+02
  6.154562e+00,  3.500695e+02
  5.892736e+00,  3.490611e+02
  5.325088e+00,  3.498188e+02
  4.514932e+00,  3.522341e+02
  3.552545e+00,  3.564673e+02
  2.537208e+00,  3.066412e+00
  1.560656e+00,  1.361535e+01
  7.038295e-01,  3.569826e+01
  3.301030e-01,  1.360016e+02
  8.819522e-01,  1.917718e+02
  1.503327e+00,  2.115605e+02
  2.135599e+00,  2.258360e+02
  2.776555e+00,  2.372089e+02
  3.388125e+00,  2.462207e+02
  3.904221e+00,  2.532413e+02
  4.250560e+00,  2.586089e+02
  4.363217e+00,  2.625745e+02
  4.202227e+00,  2.652452e+02
  3.759942e+00,  2.664963e+02
  3.065340e+00,  2.657179e+02
  2.189366e+00,  2.608523e+02
  1.283261e+00,  2.435394e+02
  8.755446e-01,  1.872066e+02
  1.475638e+00,  1.440687e+02
  2.266935e+00,  1.314099e+02
  2.903489e+00,  1.265661e+02
  3.287573e+00,  1.239722e+02
  3.384797e+00,  1.217632e+02
  3.202033e+00,  1.187003e+02
  2.788007e+00,  1.131244e+02
  2.252206e+00,  1.018202e+02
  1.827891e+00,  7.935948e+01
  1.885640e+00,  4.806930e+01
  2.494515e+00,  2.550072e+01
  3.355141e+00,  1.451998e+01
  4.241603e+00,  9.682609e+00
  5.029271e+00,  7.734148e+00
  5.636726e+00,  7.120981e+00
  6.004192e+00,  7.022244e+00
  6.088986e+00,  6.919554e+00
  5.867370e+00,  6.393786e+00
  5.339041e+00,  4.975161e+00
  4.533063e+00,  1.919362e+00
  3.517566e+00,  3.556401e+02
  2.430295e+00,  3.418190e+02
  1.617226e+00,  3.085810e+02
  1.743090e+00,  2.596895e+02
  2.569699e+00,  2.323914e+02
  3.440616e+00,  2.188427e+02
  4.112228e+00,  2.095643e+02
  4.506090e+00,  2.010666e+02
  4.625609e+00,  1.916266e+02
  4.545355e+00,  1.800324e+02
  4.405808e+00,  1.655284e+02
  4.378253e+00,  1.485470e+02
  4.573732e+00,  1.312600e+02
  4.958383e+00,  1.162174e+02
  5.382238e+00,  1.044973e+02
  5.673584e+00,  9.584063e+01
  5.698896e+00,  8.963079e+01
  5.381687e+00,  8.543889e+01
  4.705359e+00,  8.326201e+01
  3.713977e+00,  8.394083e+01
  2.527480e+00,  9.090740e+01
  1.475689e+00,  1.184929e+02
  1.541683e+00,  1.750697e+02
  2.595941e+00,  1.989485e+02
  3.702065e+00,  2.043529e+02
  4.588102e+00,  2.037439e+02
  5.171443e+00,  2.000636e+02
  5.446366e+00,  1.940073e+02
  5.466916e+00,  1.855873e+02
  5.336691e+00,  1.746588e+02
  5.186221e+00,  1.613653e+02
  5.127730e+00,  1.465717e+02
  5.199578e+00,  1.318008e+02
  5.344962e+00,  1.184039e+02
  5.452162e+00,  1.068880e+02
  5.412726e+00,  9.701447e+01
  5.156772e+00,  8.817282e+01
  4.664452e+00,  7.955557e+01
  3.966536e+00,  7.004668e+01
  3.145505e+00,  5.775297e+01
  2.351658e+00,  3.902637e+01
  1.843411e+00,  9.135320e+00
  1.870332e+00,  3.344554e+02
  2.268394e+00,  3.101609e+02
  2.697813e+00,  2.959179e+02
  2.976274e+00,  2.868811e+02
  3.035212e+00,  2.802398e+02
  2.863609e+00,  2.743837e+02
  2.486258e+00,  2.679139e+02
  1.958401e+00,  2.586464e+02
  1.384068e+00,  2.413173e+02
  1.014422e+00,  2.045551e+02
  1.221202e+00,  1.605738e+02
  1.811227e+00,  1.375218e+02
  2.465221e+00,  1.261268e+02
  3.060666e+00,  1.188842e+02
  3.546410e+00,  1.129630e+02
  3.899438e+00,  1.070511e+02
  4.118117e+00,  1.003726e+02
  4.221630e+00,  9.239000e+01
  4.248723e+00,  8.275521e+01
  4.251189e+00,  7.139638e+01
  4.278426e+00,  5.863516e+01
  4.355774e+00,  4.514548e+01
  4.469663e+00,  3.164065e+01
  4.572428e+00,  1.849240e+01
  4.604047e+00,  5.568453e+00
  4.518084e+00,  3.522729e+02
  4.305125e+00,  3.376031e+02
  4.015787e+00,  3.201962e+02
  3.782480e+00,  2.987788e+02
  3.804819e+00,  2.738447e+02
  4.229612e+00,  2.490549e+02
  5.020083e+00,  2.280813e+02
  6.013196e+00,  2.114683e+02
  7.040135e+00,  1.980442e+02
  7.970861e+00,  1.865838e+02
  8.716452e+00,  1.762109e+02
  9.224459e+00,  1.663418e+02
  9.474170e+00,  1.565809e+02
  9.471320e+00,  1.466495e+02
  9.242191e+00,  1.363437e+02
  8.827368e+00,  1.255182e+02
  8.271501e+00,  1.140773e+02
  7.614820e+00,  1.019582e+02
  6.888179e+00,  8.909293e+01
  6.113306e+00,  7.533781e+01
  5.309314e+00,  6.035803e+01
  4.505269e+00,  4.346144e+01
  3.758424e+00,  2.342789e+01
  3.174899e+00,  3.587399e+02
  2.902098e+00,  3.295034e+02
  3.021654e+00,  3.001106e+02
  3.437010e+00,  2.755341e+02
  3.966027e+00,  2.564465e+02
  4.463898e+00,  2.412852e+02
  4.842659e+00,  2.285635e+02
  5.056237e+00,  2.172847e+02
  5.087910e+00,  2.068069e+02
  4.942030e+00,  1.966932e+02
  4.637722e+00,  1.866111e+02
  4.203607e+00,  1.762604e+02
  3.673465e+00,  1.653033e+02
  3.083225e+00,  1.532586e+02
  2.470272e+00,  1.392849e+02
  1.877913e+00,  1.216702e+02
  1.372662e+00,  9.679158e+01
  1.082856e+00,  5.987294e+01
  1.149786e+00,  1.832798e+01
  1.489777e+00,  3.478807e+02
  1.929192e+00,  3.275355e+02
  2.380666e+00,  3.123935e+02
  2.809286e+00,  2.998314e+02
  3.201076e+00,  2.885711e+02
  3.552611e+00,  2.779225e+02
  3.867675e+00,  2.674753e+02
  4.155493e+00,  2.569838e+02
  4.428519e+00,  2.463256e+02
  4.699169e+00,  2.354784e+02
  4.975985e+00,  2.244885e+02
  5.260604e+00,  2.134234e+02
  5.547031e+00,  2.023227e+02
  5.823795e+00,  1.911652e+02
  6.078383e+00,  1.798632e+02
  6.302574e+00,  1.682816e+02
  6.497184e+00,  1.562743e+02
  6.674614e+00,  1.437340e+02
  6.857460e+00,  1.306493e+02
  7.071889e+00,  1.171471e+02
  7.336671e+00,  1.034866e+02
  7.652327e+00,  8.998460e+01
  7.996594e+00,  7.690386e+01
  8.328732e+00,  6.437616e+01
  8.599558e+00,  5.237833e+01
  8.764008e+00,  4.076285e+01
  8.791558e+00,  2.930706e+01
  8.672575e+00,  1.775714e+01
  8.420055e+00,  5.865996e+00
  8.066315e+00,  3.534344e+02
  7.654257e+00,  3.403603e+02
  7.223953e+00,  3.266840e+02
  6.798280e+00,  3.125894e+02
  6.374367e+00,  2.983269e+02
  5.926691e+00,  2.840676e+02
  5.421535e+00,  2.697481e+02
  4.836636e+00,  2.549420e+02
  4.180582e+00,  2.387186e+02
  3.512454e+00,  2.194578e+02
  2.963693e+00,  1.950543e+02
  2.727280e+00,  1.654007e+02
  2.909243e+00,  1.360721e+02
  3.381826e+00,  1.127599e+02
  3.927335e+00,  9.546535e+01
  4.386461e+00,  8.207639e+01
  4.669033e+00,  7.089449e+01
  4.734792e+00,  6.080806e+01
  4.581076e+00,  5.103060e+01
  4.236153e+00,  4.088414e+01
  3.752690e+00,  2.967362e+01
  3.200253e+00,  1.660220e+01
  2.655930e+00,  7.831026e-01
  2.190587e+00,  3.415092e+02
  1.848252e+00,  3.188641e+02
  1.627688e+00,  2.939705e+02
  1.495234e+00,  2.678330e+02
  1.434676e+00,  2.402522e+02
  1.483515e+00,  2.113632e+02
  1.700446e+00,  1.840859e+02
  2.090333e+00,  1.619437e+02
  2.594893e+00,  1.455086e+02
  3.136125e+00,  1.334444e+02
  3.641463e+00,  1.243066e+02
  4.050158e+00,  1.170245e+02
  4.315122e+00,  1.108322e+02
  4.404406e+00,  1.051259e+02
  4.302851e+00,  9.933661e+01
  4.014285e+00,  9.279418e+01
  3.565655e+00,  8.452342e+01
  3.016760e+00,  7.288606e+01
  2.483601e+00,  5.516627e+01
  2.170489e+00,  2.898085e+01
  2.288608e+00,  3.591353e+02
  2.800866e+00,  3.352843e+02
  3.493116e+00,  3.186902e+02
  4.202886e+00,  3.063274e+02
  4.845898e+00,  2.958808e+02
  5.389490e+00,  2.860349e+02
  5.837759e+00,  2.760755e+02
  6.221791e+00,  2.656864e+02
  6.586428e+00,  2.548833e+02
  6.971118e+00,  2.439599e+02
  7.389895e+00,  2.333602e+02
  7.820361e+00,  2.234947e+02
  8.207558e+00,  2.146028e+02
  8.479127e+00,  2.067259e+02
  8.563414e+00,  1.997580e+02
  8.404437e+00,  1.935112e+02
  7.971637e+00,  1.877565e+02
  7.264569e+00,  1.822327e+02
  6.313334e+00,  1.766185e+02
  5.175765e+00,  1.704474e+02
  3.932954e+00,  1.628700e+02
  2.687545e+00,  1.518815e+02
  1.585550e+00,  1.311932e+02
  9.679589e-01,  8.258444e+01
  1.218266e+00,  2.946005e+01
  1.718313e+00,  5.018118e+00
  2.083629e+00,  3.504654e+02
  2.261193e+00,  3.380495e+02
  2.287473e+00,  3.250440e+02
  2.238016e+00,  3.102881e+02
  2.197229e+00,  2.939255e+02
  2.215879e+00,  2.775579e+02
  2.278810e+00,  2.632490e+02
  2.319597e+00,  2.520996e+02
  2.263223e+00,  2.441471e+02
  2.055816e+00,  2.391288e+02
  1.675248e+00,  2.372541e+02
  1.136020e+00,  2.408170e+02
  5.380257e-01,  2.665799e+02
  6.133131e-01,  3.534414e+02
  1.365418e+00,  1.632439e+01
  2.161582e+00,  2.171797e+01
  2.884724e+00,  2.361162e+01
  3.473752e+00,  2.431775e+01
  3.887277e+00,  2.444787e+01
  4.101992e+00,  2.416448e+01
  4.113083e+00,  2.344656e+01
  3.933898e+00,  2.215185e+01
  3.594637e+00,  2.001038e+01
  3.140326e+00,  1.657548e+01
  2.628873e+00,  1.115255e+01
  2.128942e+00,  2.813219e+00
  1.710503e+00,  3.507589e+02
  1.421616e+00,  3.356371e+02
  1.249463e+00,  3.207499e+02
  1.114618e+00,  3.100674e+02
  9.283029e-01,  3.061373e+02
  6.526369e-01,  3.139836e+02
  4.262357e-01,  3.577194e+02
  7.428332e-01,  5.228593e+01
  1.410401e+00,  6.802110e+01
  2.188861e+00,  7.307171e+01
  2.989224e+00,  7.493457e+01
  3.742219e+00,  7.538512e+01
  4.385699e+00,  7.493947e+01
  4.868063e+00,  7.371383e+01
  5.154048e+00,  7.164037e+01
  5.230596e+00,  6.852203e+01
  5.111982e+00,  6.403718e+01
  4.843606e+00,  5.774425e+01
  4.502709e+00,  4.916256e+01
  4.190463e+00,  3.806973e+01
  4.004391e+00,  2.506126e+01
  3.989655e+00,  1.180935e+01
  4.106979e+00,  2.147796e-01
  4.257712e+00,  3.512658e+02
  4.337251e+00,  3.449520e+02
  4.268754e+00,  3.408621e+02
  4.011501e+00,  3.386041e+02
  3.558496e+00,  3.379776e+02
  2.931325e+00,  3.391086e+02
  2.175567e+00,  3.428442e+02
  1.363756e+00,  3.526107e+02
  6.705897e-01,  2.673897e+01
  7.563729e-01,  1.006365e+02
  1.384162e+00,  1.263975e+02
  1.981043e+00,  1.353267e+02
  2.445657e+00,  1.399403e+02
  2.753246e+00,  1.427166e+02
  2.904739e+00,  1.442403e+02
  2.919032e+00,  1.444870e+02
  2.830817e+00,  1.431156e+02
  2.690269e+00,  1.396079e+02
  2.562432e+00,  1.335469e+02
  2.519485e+00,  1.252129e+02
  2.616893e+00,  1.160929e+02
  2.864449e+00,  1.082376e+02
  3.224767e+00,  1.028805e+02
  3.638929e+00,  1.001034e+02
  4.048795e+00,  9.943639e+01
  4.406440e+00,  1.003550e+02
  4.677877e+00,  1.024472e+02
  4.841689e+00,  1.054228e+02
  4.888118e+00,  1.090763e+02
  4.817782e+00,  1.132434e+02
  4.639230e+00,  1.177624e+02
  4.365628e+00,  1.224425e+02
  4.011447e+00,  1.270368e+02
  3.590374e+00,  1.312182e+02
  3.115478e+00,  1.345440e+02
  2.601966e+00,  1.363740e+02
  2.072326e+00,  1.356677e+02
  1.564115e+00,  1.305248e+02
  1.142185e+00,  1.175706e+02
  9.025801e-01,  9.426657e+01
  8.819890e-01,  6.869099e+01
  9.475654e-01,  5.135739e+01
  9.424395e-01,  4.081664e+01
  7.828500e-01,  3.189143e+01
  4.530446e-01,  1.348724e+01
  3.259453e-01,  2.789884e+02
  9.913970e-01,  2.410685e+02
  1.879378e+00,  2.336302e+02
  2.867513e+00,  2.308866e+02
  3.881050e+00,  2.296039e+02
  4.845996e+00,  2.288820e+02
  5.692794e+00,  2.283368e+02
  6.361597e+00,  2.277344e+02
  6.808101e+00,  2.268795e+02
  7.008789e+00,  2.255654e+02
  6.964987e+00,  2.235399e+02
  6.705618e+00,  2.204766e+02
  6.288600e+00,  2.159622e+02
  5.800032e+00,  2.095405e+02
  5.347494e+00,  2.009084e+02
  5.038741e+00,  1.903328e+02
  4.940298e+00,  1.789942e+02
  5.039273e+00,  1.685665e+02
  5.250848e+00,  1.602112e+02
  5.465127e+00,  1.541678e+02
  5.586925e+00,  1.501004e+02
  5.550968e+00,  1.475107e+02
  5.322711e+00,  1.459255e+02
  4.894891e+00,  1.449249e+02
  4.283611e+00,  1.440933e+02
  3.524825e+00,  1.428989e+02
  2.671893e+00,  1.403855e+02
  1.797863e+00,  1.341236e+02
  1.026738e+00,  1.155478e+02
  7.118259e-01,  6.401650e+01
  1.055902e+00,  2.506109e+01
  1.484355e+00,  1.366328e+01
  1.765828e+00,  1.107587e+01
  1.850256e+00,  1.222432e+01
  1.735223e+00,  1.604736e+01
  1.447062e+00,  2.324385e+01
  1.045884e+00,  3.739252e+01
  6.832112e-01,  7.100666e+01
  7.310457e-01,  1.266876e+02
  1.174028e+00,  1.575174e+02
  1.681708e+00,  1.718282e+02
  2.130055e+00,  1.807355e+02
  2.471228e+00,  1.875450e+02
  2.685208e+00,  1.933516e+02
  2.769465e+00,  1.985068e+02
  2.734310e+00,  2.029862e+02
  2.599283e+00,  2.064514e+02
  2.391296e+00,  2.081829e+02
  2.147519e+00,  2.069487e+02
  1.927140e+00,  2.010319e+02
  1.827639e+00,  1.893749e+02
  1.963339e+00,  1.745617e+02
  2.375280e+00,  1.620845e+02
  3.004242e+00,  1.542803e+02
  3.760030e+00,  1.501186e+02
  4.559383e+00,  1.480691e+02
  5.328620e+00,  1.470419e+02
  6.000148e+00,  1.463485e+02
  6.513991e+00,  1.455261e+02
  6.823011e+00,  1.442056e+02
  6.899940e+00,  1.420214e+02
  6.745475e+00,  1.385360e+02
  6.397245e+00,  1.331771e+02
  5.939252e+00,  1.252287e+02
  5.507171e+00,  1.140467e+02
  5.270295e+00,  9.976991e+01
  5.359929e+00,  8.414628e+01
  5.776908e+00,  6.979185e+01
  6.392473e+00,  5.819008e+01
  7.037106e+00,  4.925314e+01
  7.567490e+00,  4.221201e+01
  7.886654e+00,  3.624203e+01
  7.945219e+00,  3.061722e+01
  7.740086e+00,  2.467356e+01
  7.314128e+00,  1.773882e+01
  6.756108e+00,  9.107302e+00
  6.196338e+00,  3.581737e+02
  5.785170e+00,  3.448874e+02
  5.636742e+00,  3.303493e+02
  5.757879e+00,  3.165600e+02
  6.039390e+00,  3.050642e+02
  6.326018e+00,  2.962016e+02
  6.481347e+00,  2.895364e+02
  6.413873e+00,  2.844161e+02
  6.079442e+00,  2.801973e+02
  5.476544e+00,  2.762293e+02
  4.641357e+00,  2.716808e+02
  3.646641e+00,  2.650918e+02
  2.616451e+00,  2.531047e+02
  1.802745e+00,  2.277015e+02
  1.679766e+00,  1.869734e+02
  2.263475e+00,  1.589290e+02
  3.029369e+00,  1.466541e+02
  3.713337e+00,  1.413876e+02
  4.227907e+00,  1.392298e+02
  4.549307e+00,  1.385588e+02
  4.684887e+00,  1.385147e+02
  4.661054e+00,  1.384705e+02
  4.517149e+00,  1.378232e+02
  4.303126e+00,  1.359149e+02
  4.080844e+00,  1.320731e+02
  3.925946e+00,  1.258566e+02
  3.920446e+00,  1.175344e+02
  4.125440e+00,  1.083673e+02
  4.547892e+00,  9.998291e+01
  5.136867e+00,  9.334241e+01
  5.810124e+00,  8.851297e+01
  6.478424e+00,  8.508985e+01
  7.058602e+00,  8.257181e+01
  7.479881e+00,  8.050595e+01
  7.688291e+00,  7.849880e+01
  7.651103e+00,  7.617793e+01
  7.361544e+00,  7.313459e+01
  6.843864e+00,  6.884975e+01
  6.159247e+00,  6.260448e+01
  5.413049e+00,  5.342664e+01
  4.759102e+00,  4.033053e+01
  4.375895e+00,  2.340497e+01
  4.371856e+00,  5.197370e+00
  4.683297e+00,  3.492272e+02
  5.125186e+00,  3.368632e+02
  5.517488e+00,  3.274271e+02
  5.739989e+00,  3.197003e+02
  5.733936e+00,  3.125436e+02
  5.495738e+00,  3.048952e+02
  5.076188e+00,  2.956137e+02
  4.585706e+00,  2.834168e+02
  4.195318e+00,  2.673615e+02
  4.092249e+00,  2.483796e+02
  4.355193e+00,  2.299800e+02
  4.880643e+00,  2.151978e+02
  5.478926e+00,  2.043709e+02
  5.982532e+00,  1.964453e+02
  6.276673e+00,  1.902847e+02
  6.296496e+00,  1.849734e+02
  6.021722e+00,  1.797226e+02
  5.474653e+00,  1.736765e+02
  4.722865e+00,  1.656322e+02
  3.891383e+00,  1.536337e+02
  3.190324e+00,  1.349340e+02
  2.907146e+00,  1.092788e+02
  3.176900e+00,  8.439629e+01
  3.787102e+00,  6.696934e+01
  4.452699e+00,  5.593915e+01
  4.999122e+00,  4.859825e+01
  5.343138e+00,  4.311947e+01
  5.459842e+00,  3.836807e+01
  5.366761e+00,  3.352755e+01
  5.116366e+00,  2.789051e+01
  4.791143e+00,  2.081086e+01
  4.496128e+00,  1.187949e+01
  4.339743e+00,  1.371276e+00
  4.396234e+00,  3.505733e+02
  4.671084e+00,  3.412056e+02
  5.108086e+00,  3.343041e+02
  5.628653e+00,  3.299019e+02
  6.161272e+00,  3.274809e+02
  6.649317e+00,  3.264048e+02
  7.048601e+00,  3.261008e+02
  7.324104e+00,  3.260950e+02
  7.449177e+00,  3.259932e+02
  7.407428e+00,  3.254480e+02
  7.196377e+00,  3.241210e+02
  6.831798e+00,  3.216454e+02
  6.351698e+00,  3.176005e+02
  5.818485e+00,  3.115292e+02
  5.315966e+00,  3.030750e+02
  4.934116e+00,  2.923150e+02
  4.735322e+00,  2.801255e+02
  4.716428e+00,  2.679988e+02
  4.804615e+00,  2.571672e+02
  4.895556e+00,  2.479919e+02
  4.896199e+00,  2.401019e+02
  4.747528e+00,  2.327411e+02
  4.433033e+00,  2.249035e+02
  3.985383e+00,  2.152346e+02
  3.498470e+00,  2.019033e+02
  3.120189e+00,  1.833978e+02
  2.678146e+00,  1.642279e+02
##END=
