##TITLE= E:\桌面\nmr\ogm\sjd\matlabcod\1\1_13_xjhsjd
##JCAMP-DX= 5.00 Bruker JCAMP library
##DATA TYPE= Shape Data
##ORIGIN= Colm's GRAPE Pulses 
##OWNER= Dawei.Lu
##DATE= 02-Aug-2025
##TIME= 11:23
##MINX= 2.502600e-01
##MAXX= 1.019113e+01
##MINY= 9.973858e-02
##MAXY= 3.599494e+02
##$SHAPE_EXMODE= None
##$SHAPE_TOTROT= 9.000000e+01
##$SHAPE_BWFAC= 1.000000e+00
##$SHAPE_INTEGFAC= 1.000000e+00
##$SHAPE_MODE= 1
##PULSE_WIDTH= 5000
##Calibration_Power= 12500
##NPOINTS= 1000
##XYPOINTS= (XY..XY)
  1.607139e+00,  7.689862e+01
  6.858498e-01,  7.048846e+01
  7.395769e-01,  2.549561e+02
  1.990085e+00,  2.415094e+02
  3.175674e+00,  2.393779e+02
  4.190117e+00,  2.393856e+02
  4.942782e+00,  2.400009e+02
  5.368886e+00,  2.407660e+02
  5.438641e+00,  2.414657e+02
  5.161158e+00,  2.419049e+02
  4.583671e+00,  2.417684e+02
  3.787208e+00,  2.403916e+02
  2.883255e+00,  2.361915e+02
  2.027140e+00,  2.251674e+02
  1.484336e+00,  1.999586e+02
  1.564923e+00,  1.681391e+02
  2.092724e+00,  1.516544e+02
  2.737607e+00,  1.472139e+02
  3.372919e+00,  1.479536e+02
  3.950888e+00,  1.505460e+02
  4.428884e+00,  1.533180e+02
  4.753071e+00,  1.553006e+02
  4.866940e+00,  1.558030e+02
  4.731558e+00,  1.541002e+02
  4.352939e+00,  1.490724e+02
  3.821310e+00,  1.387499e+02
  3.369941e+00,  1.205281e+02
  3.368669e+00,  9.553198e+01
  3.997759e+00,  7.276294e+01
  5.020336e+00,  5.754580e+01
  6.103829e+00,  4.811105e+01
  7.007523e+00,  4.197455e+01
  7.577158e+00,  3.763569e+01
  7.727303e+00,  3.426436e+01
  7.434784e+00,  3.136324e+01
  6.734201e+00,  2.857338e+01
  5.710422e+00,  2.554391e+01
  4.486954e+00,  2.178320e+01
  3.211671e+00,  1.635524e+01
  2.044142e+00,  7.030242e+00
  1.154892e+00,  3.479290e+02
  7.197004e-01,  3.119387e+02
  6.370974e-01,  2.832013e+02
  5.291187e-01,  2.855091e+02
  5.030712e-01,  3.315665e+02
  9.898890e-01,  8.086964e+00
  1.748086e+00,  1.891591e+01
  2.541024e+00,  2.276164e+01
  3.215841e+00,  2.456797e+01
  3.652694e+00,  2.583500e+01
  3.769172e+00,  2.731061e+01
  3.531438e+00,  2.975059e+01
  2.966963e+00,  3.457724e+01
  2.186819e+00,  4.554275e+01
  1.490610e+00,  7.340518e+01
  1.528449e+00,  1.193971e+02
  2.270506e+00,  1.448340e+02
  3.079882e+00,  1.533819e+02
  3.668284e+00,  1.549594e+02
  3.924767e+00,  1.525478e+02
  3.831247e+00,  1.465089e+02
  3.460613e+00,  1.357163e+02
  3.003509e+00,  1.177661e+02
  2.782742e+00,  9.155411e+01
  3.054753e+00,  6.383765e+01
  3.690355e+00,  4.282926e+01
  4.371254e+00,  2.835211e+01
  4.860783e+00,  1.748533e+01
  5.031869e+00,  8.028852e+00
  4.847801e+00,  3.583623e+02
  4.357144e+00,  3.468202e+02
  3.703752e+00,  3.311199e+02
  3.146558e+00,  3.086409e+02
  2.999549e+00,  2.806740e+02
  3.330682e+00,  2.556823e+02
  3.859744e+00,  2.384549e+02
  4.286139e+00,  2.273435e+02
  4.437056e+00,  2.200914e+02
  4.245007e+00,  2.154614e+02
  3.720448e+00,  2.130997e+02
  2.937008e+00,  2.136172e+02
  2.028627e+00,  2.197440e+02
  1.234421e+00,  2.409561e+02
  1.027606e+00,  2.862724e+02
  1.398110e+00,  3.136834e+02
  1.739992e+00,  3.196782e+02
  1.835185e+00,  3.153747e+02
  1.702009e+00,  3.015157e+02
  1.565173e+00,  2.741807e+02
  1.834035e+00,  2.392343e+02
  2.602214e+00,  2.142743e+02
  3.598901e+00,  1.997591e+02
  4.588502e+00,  1.904923e+02
  5.416016e+00,  1.836615e+02
  5.982592e+00,  1.779404e+02
  6.239664e+00,  1.726171e+02
  6.188111e+00,  1.672238e+02
  5.874746e+00,  1.613871e+02
  5.383589e+00,  1.547859e+02
  4.821090e+00,  1.472141e+02
  4.294804e+00,  1.387842e+02
  3.887708e+00,  1.302073e+02
  3.639731e+00,  1.228043e+02
  3.549580e+00,  1.179487e+02
  3.600081e+00,  1.162200e+02
  3.776390e+00,  1.170663e+02
  4.055898e+00,  1.191994e+02
  4.388455e+00,  1.213158e+02
  4.693729e+00,  1.225670e+02
  4.877586e+00,  1.225608e+02
  4.853905e+00,  1.211218e+02
  4.562833e+00,  1.180331e+02
  3.984211e+00,  1.127427e+02
  3.150681e+00,  1.037106e+02
  2.182910e+00,  8.610588e+01
  1.469475e+00,  4.548157e+01
  1.794071e+00,  3.512082e+02
  2.825960e+00,  3.229354e+02
  3.932065e+00,  3.071983e+02
  4.903646e+00,  2.950709e+02
  5.675162e+00,  2.836900e+02
  6.249191e+00,  2.719470e+02
  6.674001e+00,  2.594321e+02
  7.018996e+00,  2.461967e+02
  7.341437e+00,  2.326526e+02
  7.655883e+00,  2.193808e+02
  7.924216e+00,  2.068762e+02
  8.070788e+00,  1.953938e+02
  8.009626e+00,  1.849321e+02
  7.671560e+00,  1.753140e+02
  7.021880e+00,  1.662663e+02
  6.067452e+00,  1.574466e+02
  4.855514e+00,  1.483885e+02
  3.466998e+00,  1.382344e+02
  2.010285e+00,  1.243364e+02
  6.859939e-01,  8.531466e+01
  9.849379e-01,  3.297199e+02
  2.090256e+00,  3.038154e+02
  3.044224e+00,  2.884634e+02
  3.823521e+00,  2.742326e+02
  4.476864e+00,  2.597280e+02
  5.072440e+00,  2.449345e+02
  5.661572e+00,  2.303508e+02
  6.251755e+00,  2.165504e+02
  6.803432e+00,  2.038796e+02
  7.248619e+00,  1.923815e+02
  7.516497e+00,  1.818814e+02
  7.553986e+00,  1.720987e+02
  7.337458e+00,  1.627158e+02
  6.876179e+00,  1.534013e+02
  6.209316e+00,  1.438033e+02
  5.398954e+00,  1.335223e+02
  4.521746e+00,  1.220717e+02
  3.656972e+00,  1.088477e+02
  2.875891e+00,  9.312349e+01
  2.232751e+00,  7.416811e+01
  1.756703e+00,  5.164674e+01
  1.446155e+00,  2.623781e+01
  1.272977e+00,  3.597460e+02
  1.200522e+00,  3.343041e+02
  1.198920e+00,  3.117116e+02
  1.244394e+00,  2.932925e+02
  1.315705e+00,  2.797192e+02
  1.398973e+00,  2.709524e+02
  1.494358e+00,  2.663576e+02
  1.614809e+00,  2.647517e+02
  1.774279e+00,  2.645061e+02
  1.973130e+00,  2.639769e+02
  2.193062e+00,  2.620048e+02
  2.404395e+00,  2.580225e+02
  2.577916e+00,  2.518261e+02
  2.694416e+00,  2.433305e+02
  2.749934e+00,  2.324467e+02
  2.756971e+00,  2.190704e+02
  2.742305e+00,  2.031524e+02
  2.742115e+00,  1.848291e+02
  2.794867e+00,  1.645682e+02
  2.932231e+00,  1.432000e+02
  3.174019e+00,  1.217090e+02
  3.526259e+00,  1.009678e+02
  3.979786e+00,  8.155418e+01
  4.508969e+00,  6.370551e+01
  5.072217e+00,  4.737318e+01
  5.615873e+00,  3.231391e+01
  6.081753e+00,  1.817004e+01
  6.417385e+00,  4.519076e+00
  6.587380e+00,  3.508951e+02
  6.583995e+00,  3.367972e+02
  6.434609e+00,  3.217124e+02
  6.202846e+00,  3.051982e+02
  5.977961e+00,  2.870739e+02
  5.846716e+00,  2.676706e+02
  5.852966e+00,  2.478598e+02
  5.972556e+00,  2.286095e+02
  6.129261e+00,  2.104126e+02
  6.238515e+00,  1.931312e+02
  6.246676e+00,  1.762107e+02
  6.151533e+00,  1.589557e+02
  6.004318e+00,  1.407836e+02
  5.891882e+00,  1.215227e+02
  5.895814e+00,  1.016710e+02
  6.042545e+00,  8.225451e+01
  6.282380e+00,  6.420470e+01
  6.514765e+00,  4.783625e+01
  6.636666e+00,  3.285625e+01
  6.580087e+00,  1.863180e+01
  6.330725e+00,  4.390482e+00
  5.932775e+00,  3.493314e+02
  5.481415e+00,  3.327927e+02
  5.095989e+00,  3.146393e+02
  4.865546e+00,  2.957386e+02
  4.788504e+00,  2.777748e+02
  4.766298e+00,  2.621657e+02
  4.662636e+00,  2.493508e+02
  4.366392e+00,  2.390570e+02
  3.820353e+00,  2.308050e+02
  3.024072e+00,  2.242007e+02
  2.025260e+00,  2.191388e+02
  9.070232e-01,  2.169637e+02
  2.502600e-01,  8.873650e+00
  1.297937e+00,  2.014664e+01
  2.183883e+00,  1.807626e+01
  2.835508e+00,  1.529781e+01
  3.222610e+00,  1.235611e+01
  3.352256e+00,  9.245919e+00
  3.266461e+00,  5.790902e+00
  3.035753e+00,  1.668772e+00
  2.750043e+00,  3.564084e+02
  2.506949e+00,  3.496140e+02
  2.395865e+00,  3.415272e+02
  2.475508e+00,  3.334514e+02
  2.756126e+00,  3.269223e+02
  3.203388e+00,  3.224114e+02
  3.752706e+00,  3.193817e+02
  4.317758e+00,  3.170654e+02
  4.797440e+00,  3.148647e+02
  5.087390e+00,  3.123633e+02
  5.095582e+00,  3.092020e+02
  4.759296e+00,  3.048972e+02
  4.062461e+00,  2.984787e+02
  3.060852e+00,  2.873439e+02
  1.974886e+00,  2.624689e+02
  1.617731e+00,  2.063037e+02
  2.618694e+00,  1.638567e+02
  4.012159e+00,  1.455000e+02
  5.291242e+00,  1.342666e+02
  6.264722e+00,  1.248696e+02
  6.849244e+00,  1.153131e+02
  7.051487e+00,  1.043800e+02
  6.978785e+00,  9.106358e+01
  6.840170e+00,  7.473783e+01
  6.894753e+00,  5.595399e+01
  7.311919e+00,  3.691387e+01
  8.040911e+00,  2.001945e+01
  8.856212e+00,  6.136051e+00
  9.499023e+00,  3.548090e+02
  9.767602e+00,  3.451689e+02
  9.548377e+00,  3.363459e+02
  8.823092e+00,  3.274765e+02
  7.668996e+00,  3.175182e+02
  6.259199e+00,  3.049043e+02
  4.870474e+00,  2.871218e+02
  3.880046e+00,  2.616535e+02
  3.575464e+00,  2.319379e+02
  3.747815e+00,  2.074711e+02
  3.888817e+00,  1.907387e+02
  3.656020e+00,  1.788690e+02
  2.921939e+00,  1.687642e+02
  1.714017e+00,  1.552347e+02
  5.292343e-01,  7.736159e+01
  1.958285e+00,  2.242210e-01
  3.836299e+00,  3.490609e+02
  5.577668e+00,  3.434880e+02
  6.984340e+00,  3.394778e+02
  7.915110e+00,  3.360959e+02
  8.289470e+00,  3.329437e+02
  8.094539e+00,  3.297407e+02
  7.386138e+00,  3.261656e+02
  6.281891e+00,  3.217319e+02
  4.949602e+00,  3.155503e+02
  3.596083e+00,  3.058149e+02
  2.463854e+00,  2.890497e+02
  1.804728e+00,  2.626238e+02
  1.640193e+00,  2.364680e+02
  1.606368e+00,  2.233233e+02
  1.428597e+00,  2.245072e+02
  1.152137e+00,  2.441595e+02
  1.188181e+00,  2.845497e+02
  1.794347e+00,  3.153216e+02
  2.646136e+00,  3.309450e+02
  3.490652e+00,  3.409151e+02
  4.211844e+00,  3.494233e+02
  4.776295e+00,  3.581232e+02
  5.215367e+00,  7.626256e+00
  5.599827e+00,  1.782363e+01
  5.994150e+00,  2.799093e+01
  6.407879e+00,  3.711495e+01
  6.778685e+00,  4.435746e+01
  6.998603e+00,  4.925833e+01
  6.960673e+00,  5.158344e+01
  6.601991e+00,  5.102221e+01
  5.937885e+00,  4.685303e+01
  5.094995e+00,  3.759756e+01
  4.343427e+00,  2.122896e+01
  4.051498e+00,  3.583415e+02
  4.364843e+00,  3.360086e+02
  4.981497e+00,  3.199462e+02
  5.483825e+00,  3.094936e+02
  5.583302e+00,  3.024052e+02
  5.129018e+00,  2.970165e+02
  4.082211e+00,  2.919903e+02
  2.504562e+00,  2.847580e+02
  6.677388e-01,  2.455969e+02
  1.861967e+00,  1.277029e+02
  4.064111e+00,  1.175063e+02
  6.066973e+00,  1.135801e+02
  7.640609e+00,  1.110328e+02
  8.618758e+00,  1.089501e+02
  8.903745e+00,  1.069653e+02
  8.477234e+00,  1.047998e+02
  7.403708e+00,  1.020726e+02
  5.826541e+00,  9.800152e+01
  3.964656e+00,  9.038282e+01
  2.165153e+00,  7.029335e+01
  1.406110e+00,  8.753593e+00
  2.301550e+00,  3.254848e+02
  3.230676e+00,  3.132119e+02
  3.664549e+00,  3.092454e+02
  3.516286e+00,  3.091148e+02
  2.837052e+00,  3.129973e+02
  1.806275e+00,  3.265245e+02
  1.040646e+00,  1.890369e+01
  1.775949e+00,  7.616128e+01
  2.962244e+00,  9.224271e+01
  3.904174e+00,  9.863394e+01
  4.387446e+00,  1.024197e+02
  4.314934e+00,  1.055756e+02
  3.674254e+00,  1.093098e+02
  2.537246e+00,  1.159601e+02
  1.120881e+00,  1.398479e+02
  1.140880e+00,  2.453494e+02
  2.803160e+00,  2.699996e+02
  4.414714e+00,  2.769227e+02
  5.710028e+00,  2.808844e+02
  6.553660e+00,  2.840873e+02
  6.880706e+00,  2.872589e+02
  6.695844e+00,  2.908151e+02
  6.068636e+00,  2.951306e+02
  5.120888e+00,  3.006593e+02
  4.006426e+00,  3.080315e+02
  2.884085e+00,  3.181378e+02
  1.883101e+00,  3.321073e+02
  1.059790e+00,  3.511524e+02
  3.681530e-01,  2.221954e+01
  3.980649e-01,  1.806679e+02
  1.239033e+00,  2.069787e+02
  2.236674e+00,  2.201648e+02
  3.303430e+00,  2.294468e+02
  4.306973e+00,  2.367131e+02
  5.101484e+00,  2.429790e+02
  5.559862e+00,  2.490125e+02
  5.601678e+00,  2.556091e+02
  5.218839e+00,  2.638994e+02
  4.506779e+00,  2.758834e+02
  3.722024e+00,  2.950807e+02
  3.343173e+00,  3.238672e+02
  3.759139e+00,  3.532612e+02
  4.704835e+00,  1.279813e+01
  5.680123e+00,  2.391634e+01
  6.356687e+00,  3.009602e+01
  6.560337e+00,  3.312980e+01
  6.228599e+00,  3.353356e+01
  5.401405e+00,  3.073900e+01
  4.239832e+00,  2.238618e+01
  3.119633e+00,  2.311003e+00
  2.795560e+00,  3.264794e+02
  3.612604e+00,  2.972191e+02
  4.841760e+00,  2.838212e+02
  5.921677e+00,  2.786347e+02
  6.611147e+00,  2.774681e+02
  6.818586e+00,  2.787652e+02
  6.544412e+00,  2.820399e+02
  5.857921e+00,  2.873538e+02
  4.878626e+00,  2.952401e+02
  3.757391e+00,  3.069475e+02
  2.664555e+00,  3.252798e+02
  1.814121e+00,  3.564237e+02
  1.531772e+00,  4.449710e+01
  1.940631e+00,  8.847471e+01
  2.732859e+00,  1.172958e+02
  3.719675e+00,  1.370933e+02
  4.817004e+00,  1.515659e+02
  5.925468e+00,  1.623502e+02
  6.914959e+00,  1.703785e+02
  7.646258e+00,  1.762508e+02
  7.998459e+00,  1.803179e+02
  7.892883e+00,  1.826845e+02
  7.311520e+00,  1.831379e+02
  6.312283e+00,  1.809179e+02
  5.051739e+00,  1.741122e+02
  3.846959e+00,  1.585656e+02
  3.267256e+00,  1.307712e+02
  3.708986e+00,  1.030340e+02
  4.704618e+00,  8.782089e+01
  5.677850e+00,  8.171221e+01
  6.348014e+00,  8.059478e+01
  6.612991e+00,  8.265183e+01
  6.474550e+00,  8.727627e+01
  6.006153e+00,  9.446148e+01
  5.328842e+00,  1.045353e+02
  4.583203e+00,  1.179534e+02
  3.893559e+00,  1.349933e+02
  3.330727e+00,  1.554733e+02
  2.902762e+00,  1.790469e+02
  2.609083e+00,  2.060502e+02
  2.528585e+00,  2.367586e+02
  2.803610e+00,  2.677052e+02
  3.455521e+00,  2.930105e+02
  4.330339e+00,  3.111274e+02
  5.224727e+00,  3.237924e+02
  5.957044e+00,  3.328181e+02
  6.383612e+00,  3.393492e+02
  6.407229e+00,  3.439816e+02
  5.985587e+00,  3.468735e+02
  5.138271e+00,  3.476477e+02
  3.956217e+00,  3.447687e+02
  2.645205e+00,  3.329262e+02
  1.775226e+00,  2.965770e+02
  2.264611e+00,  2.520690e+02
  3.452782e+00,  2.353710e+02
  4.576558e+00,  2.311043e+02
  5.386910e+00,  2.315531e+02
  5.787569e+00,  2.345075e+02
  5.753386e+00,  2.393717e+02
  5.312666e+00,  2.462739e+02
  4.542511e+00,  2.560639e+02
  3.579473e+00,  2.709918e+02
  2.681184e+00,  2.962884e+02
  2.352894e+00,  3.362107e+02
  2.940439e+00,  1.356294e+01
  4.032836e+00,  3.641835e+01
  5.214608e+00,  5.070440e+01
  6.284480e+00,  6.078744e+01
  7.126454e+00,  6.845245e+01
  7.658443e+00,  7.438798e+01
  7.822773e+00,  7.879409e+01
  7.591423e+00,  8.156387e+01
  6.977853e+00,  8.225493e+01
  6.055081e+00,  7.986586e+01
  4.988623e+00,  7.236798e+01
  4.098170e+00,  5.664792e+01
  3.849659e+00,  3.313750e+01
  4.418505e+00,  1.214042e+01
  5.415708e+00,  9.973858e-02
  6.403932e+00,  3.548477e+02
  7.125443e+00,  3.536775e+02
  7.453787e+00,  3.551960e+02
  7.352452e+00,  3.588903e+02
  6.857469e+00,  4.803868e+00
  6.068168e+00,  1.345401e+01
  5.140650e+00,  2.587007e+01
  4.280721e+00,  4.343520e+01
  3.711932e+00,  6.657164e+01
  3.559789e+00,  9.224211e+01
  3.729610e+00,  1.155866e+02
  4.010583e+00,  1.349286e+02
  4.251327e+00,  1.513023e+02
  4.395202e+00,  1.659748e+02
  4.442038e+00,  1.795834e+02
  4.403657e+00,  1.921083e+02
  4.272416e+00,  2.030645e+02
  4.013290e+00,  2.117066e+02
  3.582377e+00,  2.169992e+02
  2.967476e+00,  2.169580e+02
  2.267567e+00,  2.065688e+02
  1.890683e+00,  1.774251e+02
  2.426066e+00,  1.446592e+02
  3.621511e+00,  1.292724e+02
  4.989889e+00,  1.240151e+02
  6.266633e+00,  1.229847e+02
  7.286327e+00,  1.239605e+02
  7.936022e+00,  1.260978e+02
  8.149825e+00,  1.290802e+02
  7.910270e+00,  1.328402e+02
  7.247305e+00,  1.374758e+02
  6.232655e+00,  1.432672e+02
  4.970241e+00,  1.508252e+02
  3.587128e+00,  1.616270e+02
  2.244317e+00,  1.802480e+02
  1.287549e+00,  2.233742e+02
  1.482950e+00,  2.869243e+02
  2.374098e+00,  3.180112e+02
  3.294492e+00,  3.344689e+02
  4.098958e+00,  3.460375e+02
  4.737260e+00,  3.550538e+02
  5.164328e+00,  2.069474e+00
  5.331080e+00,  7.073808e+00
  5.197660e+00,  9.718984e+00
  4.758345e+00,  9.161778e+00
  4.080938e+00,  3.530267e+00
  3.382498e+00,  3.491986e+02
  3.122441e+00,  3.239725e+02
  3.695298e+00,  2.984325e+02
  4.855892e+00,  2.830347e+02
  6.147547e+00,  2.754917e+02
  7.260936e+00,  2.721731e+02
  8.003652e+00,  2.712196e+02
  8.262981e+00,  2.718323e+02
  7.996734e+00,  2.737670e+02
  7.231638e+00,  2.771789e+02
  6.061890e+00,  2.827344e+02
  4.651943e+00,  2.921563e+02
  3.268555e+00,  3.098079e+02
  2.395810e+00,  3.433982e+02
  2.537208e+00,  2.346450e+01
  3.263752e+00,  4.826726e+01
  3.947600e+00,  6.218568e+01
  4.348461e+00,  7.162175e+01
  4.419144e+00,  7.935289e+01
  4.201458e+00,  8.657542e+01
  3.783237e+00,  9.371104e+01
  3.265648e+00,  1.004366e+02
  2.734766e+00,  1.052731e+02
  2.258428e+00,  1.049435e+02
  1.950853e+00,  9.457584e+01
  2.062692e+00,  7.453880e+01
  2.764495e+00,  5.734394e+01
  3.917337e+00,  4.843579e+01
  5.303510e+00,  4.458809e+01
  6.729081e+00,  4.306810e+01
  8.013081e+00,  4.256223e+01
  8.989084e+00,  4.247434e+01
  9.519071e+00,  4.252412e+01
  9.509310e+00,  4.257016e+01
  8.922814e+00,  4.252878e+01
  7.785521e+00,  4.232671e+01
  6.184849e+00,  4.184699e+01
  4.260681e+00,  4.077702e+01
  2.191181e+00,  3.767363e+01
  2.704586e-01,  3.458511e+02
  1.679859e+00,  2.307262e+02
  3.104419e+00,  2.265224e+02
  4.050420e+00,  2.246479e+02
  4.468162e+00,  2.230145e+02
  4.376463e+00,  2.209827e+02
  3.858592e+00,  2.178641e+02
  3.056965e+00,  2.122914e+02
  2.175511e+00,  2.009464e+02
  1.514547e+00,  1.771078e+02
  1.404822e+00,  1.445306e+02
  1.689326e+00,  1.272157e+02
  2.008395e+00,  1.269318e+02
  2.330068e+00,  1.375580e+02
  2.831259e+00,  1.535117e+02
  3.653827e+00,  1.684987e+02
  4.753196e+00,  1.794039e+02
  5.961614e+00,  1.865316e+02
  7.085839e+00,  1.910162e+02
  7.952772e+00,  1.937236e+02
  8.430556e+00,  1.951603e+02
  8.441806e+00,  1.955632e+02
  7.971115e+00,  1.949524e+02
  7.066466e+00,  1.931050e+02
  5.835797e+00,  1.893951e+02
  4.444109e+00,  1.823255e+02
  3.127208e+00,  1.683663e+02
  2.244247e+00,  1.415696e+02
  2.135530e+00,  1.075378e+02
  2.502671e+00,  8.558602e+01
  2.823874e+00,  7.559381e+01
  2.882716e+00,  7.213576e+01
  2.650445e+00,  7.286994e+01
  2.185605e+00,  7.752116e+01
  1.593728e+00,  8.765507e+01
  1.013905e+00,  1.086819e+02
  6.572892e-01,  1.537362e+02
  7.425746e-01,  2.098741e+02
  1.079889e+00,  2.460234e+02
  1.536764e+00,  2.711514e+02
  2.133396e+00,  2.898322e+02
  2.855810e+00,  3.030228e+02
  3.622050e+00,  3.117805e+02
  4.310975e+00,  3.171999e+02
  4.794740e+00,  3.200572e+02
  4.964402e+00,  3.207279e+02
  4.750693e+00,  3.191340e+02
  4.143297e+00,  3.144614e+02
  3.220914e+00,  3.040668e+02
  2.256556e+00,  2.798483e+02
  2.022288e+00,  2.328900e+02
  2.971362e+00,  1.964094e+02
  4.329395e+00,  1.789731e+02
  5.597876e+00,  1.686494e+02
  6.564885e+00,  1.606058e+02
  7.132595e+00,  1.529284e+02
  7.285936e+00,  1.445464e+02
  7.089369e+00,  1.346176e+02
  6.682144e+00,  1.224149e+02
  6.254983e+00,  1.076107e+02
  5.985207e+00,  9.091496e+01
  5.935367e+00,  7.425704e+01
  6.005077e+00,  5.961690e+01
  6.003238e+00,  4.783932e+01
  5.751759e+00,  3.880404e+01
  5.142596e+00,  3.214880e+01
  4.150983e+00,  2.784298e+01
  2.832885e+00,  2.714387e+01
  1.354519e+00,  3.933382e+01
  8.811939e-01,  1.304241e+02
  2.265835e+00,  1.611362e+02
  3.631834e+00,  1.637383e+02
  4.681353e+00,  1.616881e+02
  5.310157e+00,  1.576285e+02
  5.484145e+00,  1.518910e+02
  5.237299e+00,  1.440596e+02
  4.676452e+00,  1.330892e+02
  3.990149e+00,  1.172162e+02
  3.450568e+00,  9.479337e+01
  3.319482e+00,  6.798903e+01
  3.602284e+00,  4.360968e+01
  4.041797e+00,  2.491612e+01
  4.390435e+00,  1.039948e+01
  4.522229e+00,  3.577734e+02
  4.419721e+00,  3.451849e+02
  4.151798e+00,  3.311143e+02
  3.854152e+00,  3.144833e+02
  3.687454e+00,  2.955112e+02
  3.750497e+00,  2.765029e+02
  4.005470e+00,  2.603621e+02
  4.320345e+00,  2.482512e+02
  4.565695e+00,  2.397338e+02
  4.661685e+00,  2.339358e+02
  4.580305e+00,  2.300685e+02
  4.332611e+00,  2.274598e+02
  3.953133e+00,  2.254241e+02
  3.485907e+00,  2.230796e+02
  2.976928e+00,  2.191139e+02
  2.479911e+00,  2.114845e+02
  2.081691e+00,  1.974176e+02
  1.926133e+00,  1.758697e+02
  2.127759e+00,  1.526540e+02
  2.620477e+00,  1.346787e+02
  3.241985e+00,  1.219867e+02
  3.859657e+00,  1.121256e+02
  4.386271e+00,  1.032333e+02
  4.773240e+00,  9.415082e+01
  5.009862e+00,  8.412591e+01
  5.123003e+00,  7.267423e+01
  5.169593e+00,  5.961004e+01
  5.216305e+00,  4.516214e+01
  5.308310e+00,  2.998340e+01
  5.443755e+00,  1.488092e+01
  5.573687e+00,  4.202466e-01
  5.624531e+00,  3.466955e+02
  5.530197e+00,  3.333678e+02
  5.257004e+00,  3.197892e+02
  4.817786e+00,  3.050583e+02
  4.278041e+00,  2.880266e+02
  3.754096e+00,  2.674902e+02
  3.388735e+00,  2.430945e+02
  3.276231e+00,  2.167236e+02
  3.378614e+00,  1.915679e+02
  3.560696e+00,  1.689939e+02
  3.704604e+00,  1.480955e+02
  3.774545e+00,  1.271959e+02
  3.826852e+00,  1.049438e+02
  3.983827e+00,  8.120411e+01
  4.359085e+00,  5.754436e+01
  4.971044e+00,  3.604869e+01
  5.735988e+00,  1.758935e+01
  6.530860e+00,  1.778282e+00
  7.246385e+00,  3.477946e+02
  7.809243e+00,  3.348755e+02
  8.186670e+00,  3.224469e+02
  8.381859e+00,  3.101328e+02
  8.422045e+00,  2.977510e+02
  8.341302e+00,  2.853014e+02
  8.163711e+00,  2.729272e+02
  7.890859e+00,  2.608478e+02
  7.501341e+00,  2.492557e+02
  6.962404e+00,  2.382264e+02
  6.246964e+00,  2.276624e+02
  5.348632e+00,  2.172403e+02
  4.291241e+00,  2.062586e+02
  3.135437e+00,  1.930797e+02
  2.000394e+00,  1.728504e+02
  1.204788e+00,  1.296775e+02
  1.387730e+00,  7.055739e+01
  2.123928e+00,  4.148604e+01
  2.824207e+00,  2.652733e+01
  3.343874e+00,  1.610449e+01
  3.659896e+00,  7.360772e+00
  3.796045e+00,  3.592026e+02
  3.802890e+00,  3.511516e+02
  3.743986e+00,  3.430885e+02
  3.681405e+00,  3.352190e+02
  3.662100e+00,  3.280178e+02
  3.709932e+00,  3.220250e+02
  3.826247e+00,  3.175599e+02
  3.995295e+00,  3.145613e+02
  4.188353e+00,  3.126514e+02
  4.365217e+00,  3.113257e+02
  4.476327e+00,  3.101253e+02
  4.469969e+00,  3.086974e+02
  4.301874e+00,  3.067847e+02
  3.944755e+00,  3.041755e+02
  3.395518e+00,  3.006268e+02
  2.678519e+00,  2.957286e+02
  1.844489e+00,  2.884946e+02
  9.689328e-01,  2.749841e+02
  2.742732e-01,  2.054591e+02
  7.883707e-01,  1.144945e+02
  1.456224e+00,  9.364585e+01
  2.056878e+00,  7.645182e+01
  2.661371e+00,  5.873282e+01
  3.376019e+00,  4.104181e+01
  4.270538e+00,  2.482293e+01
  5.333115e+00,  1.088829e+01
  6.478101e+00,  3.591555e+02
  7.579369e+00,  3.490984e+02
  8.502096e+00,  3.401112e+02
  9.127685e+00,  3.316300e+02
  9.373670e+00,  3.231223e+02
  9.209702e+00,  3.140251e+02
  8.669893e+00,  3.036614e+02
  7.861850e+00,  2.911576e+02
  6.970939e+00,  2.754828e+02
  6.244133e+00,  2.559875e+02
  5.902852e+00,  2.337151e+02
  5.986189e+00,  2.117193e+02
  6.308841e+00,  1.924743e+02
  6.618128e+00,  1.761486e+02
  6.737387e+00,  1.616104e+02
  6.604499e+00,  1.474999e+02
  6.263889e+00,  1.325702e+02
  5.844824e+00,  1.158811e+02
  5.515774e+00,  9.731674e+01
  5.395196e+00,  7.818284e+01
  5.460040e+00,  6.065168e+01
  5.554455e+00,  4.615756e+01
  5.488927e+00,  3.485975e+01
  5.121296e+00,  2.631248e+01
  4.385180e+00,  2.013731e+01
  3.290348e+00,  1.656149e+01
  1.920051e+00,  1.838052e+01
  5.969392e-01,  6.227318e+01
  1.478568e+00,  1.522282e+02
  2.959116e+00,  1.594158e+02
  4.246399e+00,  1.590900e+02
  5.210814e+00,  1.569822e+02
  5.787668e+00,  1.540684e+02
  5.964194e+00,  1.505445e+02
  5.778206e+00,  1.463429e+02
  5.311160e+00,  1.412615e+02
  4.676240e+00,  1.350224e+02
  4.000965e+00,  1.274075e+02
  3.402591e+00,  1.186213e+02
  2.957194e+00,  1.098572e+02
  2.679564e+00,  1.033929e+02
  2.544497e+00,  1.014838e+02
  2.537158e+00,  1.048808e+02
  2.667805e+00,  1.122629e+02
  2.930584e+00,  1.211099e+02
  3.268249e+00,  1.295123e+02
  3.588704e+00,  1.369990e+02
  3.805020e+00,  1.440737e+02
  3.867526e+00,  1.516596e+02
  3.785576e+00,  1.608685e+02
  3.641315e+00,  1.727460e+02
  3.580287e+00,  1.874023e+02
  3.740155e+00,  2.027566e+02
  4.138401e+00,  2.154026e+02
  4.658651e+00,  2.234082e+02
  5.147377e+00,  2.267240e+02
  5.493810e+00,  2.258371e+02
  5.663490e+00,  2.210168e+02
  5.710913e+00,  2.123054e+02
  5.771850e+00,  1.999996e+02
  6.005802e+00,  1.853476e+02
  6.490898e+00,  1.705108e+02
  7.157249e+00,  1.572952e+02
  7.828695e+00,  1.462513e+02
  8.309281e+00,  1.370134e+02
  8.442028e+00,  1.288960e+02
  8.136232e+00,  1.211413e+02
  7.379765e+00,  1.128674e+02
  6.247534e+00,  1.027778e+02
  4.918896e+00,  8.849716e+01
  3.730159e+00,  6.567794e+01
  3.208730e+00,  3.203655e+01
  3.582287e+00,  1.314593e-01
  4.328028e+00,  3.396682e+02
  4.918489e+00,  3.269885e+02
  5.103825e+00,  3.181150e+02
  4.803082e+00,  3.108868e+02
  4.040225e+00,  3.038436e+02
  2.919301e+00,  2.949916e+02
  1.632569e+00,  2.776421e+02
  8.026559e-01,  2.118876e+02
  1.566155e+00,  1.506596e+02
  2.516888e+00,  1.346072e+02
  3.123594e+00,  1.265165e+02
  3.272745e+00,  1.202369e+02
  2.948640e+00,  1.136099e+02
  2.215240e+00,  1.038977e+02
  1.262407e+00,  8.065722e+01
  9.359645e-01,  6.471150e+00
  1.913285e+00,  3.240735e+02
  3.024925e+00,  3.110584e+02
  3.897561e+00,  3.042392e+02
  4.390369e+00,  2.993086e+02
  4.439082e+00,  2.948946e+02
  4.044768e+00,  2.901419e+02
  3.272438e+00,  2.838681e+02
  2.255370e+00,  2.730062e+02
  1.263948e+00,  2.452962e+02
  1.085498e+00,  1.806302e+02
  1.806325e+00,  1.460884e+02
  2.486036e+00,  1.342890e+02
  2.839337e+00,  1.289815e+02
  2.790624e+00,  1.265514e+02
  2.347013e+00,  1.264312e+02
  1.580942e+00,  1.303809e+02
  6.677616e-01,  1.541334e+02
  7.384730e-01,  2.567461e+02
  1.698594e+00,  2.778695e+02
  2.531792e+00,  2.832166e+02
  3.079018e+00,  2.861722e+02
  3.273625e+00,  2.890803e+02
  3.112163e+00,  2.932495e+02
  2.661103e+00,  3.005120e+02
  2.077791e+00,  3.145584e+02
  1.658344e+00,  3.407073e+02
  1.720185e+00,  1.205616e+01
  2.113207e+00,  3.116600e+01
  2.462148e+00,  3.830247e+01
  2.566261e+00,  3.755152e+01
  2.393183e+00,  2.912774e+01
  2.102801e+00,  9.376522e+00
  2.135044e+00,  3.370471e+02
  2.845538e+00,  3.080060e+02
  3.998591e+00,  2.909923e+02
  5.237584e+00,  2.812197e+02
  6.314557e+00,  2.748651e+02
  7.058434e+00,  2.701135e+02
  7.359954e+00,  2.660338e+02
  7.172999e+00,  2.620064e+02
  6.517612e+00,  2.574131e+02
  5.480934e+00,  2.513174e+02
  4.221063e+00,  2.418169e+02
  2.996724e+00,  2.245198e+02
  2.255566e+00,  1.927972e+02
  2.393220e+00,  1.571985e+02
  2.997769e+00,  1.367824e+02
  3.532104e+00,  1.277230e+02
  3.793404e+00,  1.246153e+02
  3.757520e+00,  1.253612e+02
  3.491969e+00,  1.293853e+02
  3.114735e+00,  1.365416e+02
  2.748861e+00,  1.460920e+02
  2.459837e+00,  1.556678e+02
  2.218770e+00,  1.614235e+02
  1.964133e+00,  1.590111e+02
  1.757023e+00,  1.434252e+02
  1.916031e+00,  1.156283e+02
  2.685438e+00,  9.214388e+01
  3.880413e+00,  7.900843e+01
  5.232087e+00,  7.173597e+01
  6.524897e+00,  6.715937e+01
  7.581291e+00,  6.381241e+01
  8.260864e+00,  6.098563e+01
  8.469948e+00,  5.827017e+01
  8.170869e+00,  5.534844e+01
  7.386539e+00,  5.185586e+01
  6.199744e+00,  4.719869e+01
  4.750167e+00,  4.012778e+01
  3.243576e+00,  2.740471e+01
  2.031657e+00,  3.599494e+02
  1.734434e+00,  3.125013e+02
  2.254477e+00,  2.797019e+02
  2.772134e+00,  2.642589e+02
  2.960188e+00,  2.552276e+02
  2.762769e+00,  2.480099e+02
  2.235951e+00,  2.397130e+02
  1.522507e+00,  2.252021e+02
  9.411447e-01,  1.887929e+02
  1.070131e+00,  1.362435e+02
  1.595594e+00,  1.151214e+02
  2.000811e+00,  1.108306e+02
  2.163165e+00,  1.153389e+02
  2.155761e+00,  1.286327e+02
  2.249151e+00,  1.510770e+02
  2.771659e+00,  1.750429e+02
  3.742001e+00,  1.916327e+02
  4.929766e+00,  2.010152e+02
  6.098175e+00,  2.059577e+02
  7.059674e+00,  2.082169e+02
  7.677812e+00,  2.086270e+02
  7.872256e+00,  2.074746e+02
  7.626195e+00,  2.046616e+02
  6.993175e+00,  1.996973e+02
  6.105653e+00,  1.915783e+02
  5.188025e+00,  1.787850e+02
  4.544116e+00,  1.603673e+02
  4.424273e+00,  1.391003e+02
  4.778740e+00,  1.209191e+02
  5.305929e+00,  1.083791e+02
  5.726605e+00,  1.003808e+02
  5.882069e+00,  9.527062e+01
  5.713369e+00,  9.180938e+01
  5.231052e+00,  8.904388e+01
  4.494385e+00,  8.597076e+01
  3.600472e+00,  8.101703e+01
  2.692973e+00,  7.099157e+01
  2.018946e+00,  5.008340e+01
  1.940811e+00,  1.952256e+01
  2.465057e+00,  3.579844e+02
  3.216394e+00,  3.489994e+02
  3.954840e+00,  3.466302e+02
  4.567958e+00,  3.474117e+02
  4.988359e+00,  3.497819e+02
  5.167885e+00,  3.530386e+02
  5.075047e+00,  3.569188e+02
  4.700038e+00,  1.473191e+00
  4.061672e+00,  7.130567e+00
  3.215758e+00,  1.508347e+01
  2.275292e+00,  2.869923e+01
  1.496308e+00,  5.760302e+01
  1.404607e+00,  1.050332e+02
  1.965748e+00,  1.349287e+02
  2.579292e+00,  1.472006e+02
  2.978022e+00,  1.518540e+02
  3.077723e+00,  1.520013e+02
  2.884969e+00,  1.476979e+02
  2.501105e+00,  1.368627e+02
  2.172303e+00,  1.159451e+02
  2.263837e+00,  8.787196e+01
  2.861964e+00,  6.608552e+01
  3.683170e+00,  5.415341e+01
  4.461809e+00,  4.836149e+01
  5.037876e+00,  4.604073e+01
  5.324990e+00,  4.595666e+01
  5.293959e+00,  4.764792e+01
  4.966410e+00,  5.110296e+01
  4.409319e+00,  5.666187e+01
  3.727028e+00,  6.500543e+01
  3.047805e+00,  7.702436e+01
  2.495131e+00,  9.306667e+01
  2.127753e+00,  1.113548e+02
  1.882041e+00,  1.280023e+02
  1.614644e+00,  1.399876e+02
  1.209474e+00,  1.455304e+02
  6.476003e-01,  1.361321e+02
  4.522775e-01,  4.957152e+01
  1.251745e+00,  1.713913e+01
  2.196564e+00,  1.326268e+01
  3.094005e+00,  1.336522e+01
  3.832465e+00,  1.444430e+01
  4.319659e+00,  1.573995e+01
  4.486661e+00,  1.693383e+01
  4.294140e+00,  1.776976e+01
  3.736625e+00,  1.784041e+01
  2.845484e+00,  1.611167e+01
  1.701205e+00,  8.385162e+00
  6.628034e-01,  3.170110e+02
  1.476651e+00,  2.384016e+02
  2.901803e+00,  2.262223e+02
  4.259067e+00,  2.224551e+02
  5.406290e+00,  2.203559e+02
  6.251847e+00,  2.183608e+02
  6.740563e+00,  2.157077e+02
  6.863091e+00,  2.117289e+02
  6.670645e+00,  2.056174e+02
  6.293678e+00,  1.963794e+02
  5.954472e+00,  1.832360e+02
  5.925968e+00,  1.669139e+02
  6.377444e+00,  1.504997e+02
  7.236008e+00,  1.371176e+02
  8.264695e+00,  1.275523e+02
  9.215955e+00,  1.210647e+02
  9.899202e+00,  1.167043e+02
  1.019113e+01,  1.137431e+02
  1.003285e+01,  1.116775e+02
  9.425166e+00,  1.101445e+02
  8.421691e+00,  1.088346e+02
  7.119073e+00,  1.073952e+02
  5.644964e+00,  1.052695e+02
  4.146952e+00,  1.013231e+02
  2.791495e+00,  9.283369e+01
  1.797430e+00,  7.349201e+01
  1.453788e+00,  4.086218e+01
  1.677012e+00,  1.768410e+01
  2.018979e+00,  1.118765e+01
  2.297987e+00,  1.381791e+01
  2.509642e+00,  2.090574e+01
  2.674210e+00,  2.960803e+01
  2.774339e+00,  3.788697e+01
  2.743955e+00,  4.447097e+01
  2.447366e+00,  4.954437e+01
  1.559503e+00,  7.696939e+01
##END=
