##TITLE= E:\桌面\nmr\ogm\sjd\matlabcod\1\1_14_xjhsjd
##JCAMP-DX= 5.00 Bruker JCAMP library
##DATA TYPE= Shape Data
##ORIGIN= Colm's GRAPE Pulses 
##OWNER= Dawei.Lu
##DATE= 02-Aug-2025
##TIME= 11:23
##MINX= 5.040378e-02
##MAXX= 1.086602e+01
##MINY= 5.181564e-02
##MAXY= 3.580725e+02
##$SHAPE_EXMODE= None
##$SHAPE_TOTROT= 9.000000e+01
##$SHAPE_BWFAC= 1.000000e+00
##$SHAPE_INTEGFAC= 1.000000e+00
##$SHAPE_MODE= 1
##PULSE_WIDTH= 5000
##Calibration_Power= 12500
##NPOINTS= 1000
##XYPOINTS= (XY..XY)
  1.218628e+00,  1.176679e+02
  1.707311e+00,  7.921626e+01
  2.642123e+00,  5.483067e+01
  3.200154e+00,  4.004481e+01
  3.554859e+00,  2.747596e+01
  3.726304e+00,  1.550105e+01
  3.722553e+00,  3.332489e+00
  3.563678e+00,  3.505000e+02
  3.274107e+00,  3.366954e+02
  2.871825e+00,  3.215795e+02
  2.365534e+00,  3.043050e+02
  1.773447e+00,  2.820310e+02
  1.216409e+00,  2.448971e+02
  1.204632e+00,  1.838863e+02
  2.015134e+00,  1.417604e+02
  3.183880e+00,  1.198282e+02
  4.462141e+00,  1.051909e+02
  5.717191e+00,  9.350182e+01
  6.842608e+00,  8.311016e+01
  7.752514e+00,  7.317961e+01
  8.390751e+00,  6.316725e+01
  8.739850e+00,  5.265214e+01
  8.825309e+00,  4.128049e+01
  8.712841e+00,  2.877868e+01
  8.495714e+00,  1.503095e+01
  8.269177e+00,  1.961155e-01
  8.095163e+00,  3.447550e+02
  7.974338e+00,  3.293517e+02
  7.847604e+00,  3.144750e+02
  7.629055e+00,  3.002216e+02
  7.248689e+00,  2.862639e+02
  6.684840e+00,  2.719146e+02
  5.982261e+00,  2.561704e+02
  5.259122e+00,  2.378230e+02
  4.694181e+00,  2.160848e+02
  4.454078e+00,  1.920939e+02
  4.556374e+00,  1.692160e+02
  4.833637e+00,  1.500162e+02
  5.066594e+00,  1.345250e+02
  5.096872e+00,  1.215090e+02
  4.853104e+00,  1.095366e+02
  4.345472e+00,  9.707366e+01
  3.662690e+00,  8.208773e+01
  2.984508e+00,  6.162642e+01
  2.589964e+00,  3.369857e+01
  2.694383e+00,  4.209411e+00
  3.163228e+00,  3.422441e+02
  3.700954e+00,  3.282470e+02
  4.114022e+00,  3.192950e+02
  4.317752e+00,  3.133055e+02
  4.296252e+00,  3.090806e+02
  4.077171e+00,  3.058373e+02
  3.714658e+00,  3.028719e+02
  3.276541e+00,  2.993452e+02
  2.836210e+00,  2.941411e+02
  2.471121e+00,  2.859917e+02
  2.260810e+00,  2.743772e+02
  2.260621e+00,  2.610055e+02
  2.454085e+00,  2.491007e+02
  2.752225e+00,  2.403840e+02
  3.041765e+00,  2.345613e+02
  3.217990e+00,  2.307446e+02
  3.195961e+00,  2.282540e+02
  2.917278e+00,  2.268024e+02
  2.357415e+00,  2.266803e+02
  1.535225e+00,  2.300161e+02
  5.796613e-01,  2.570871e+02
  8.997939e-01,  2.697884e+00
  2.092120e+00,  1.544906e+01
  3.245705e+00,  1.594959e+01
  4.211300e+00,  1.334442e+01
  4.892303e+00,  8.816423e+00
  5.237848e+00,  2.342170e+00
  5.258341e+00,  3.533944e+02
  5.042577e+00,  3.410825e+02
  4.768652e+00,  3.245145e+02
  4.674176e+00,  3.040374e+02
  4.927253e+00,  2.825226e+02
  5.481586e+00,  2.634150e+02
  6.127139e+00,  2.477400e+02
  6.643638e+00,  2.345879e+02
  6.881469e+00,  2.225831e+02
  6.783454e+00,  2.103734e+02
  6.393740e+00,  1.965725e+02
  5.866808e+00,  1.797320e+02
  5.458729e+00,  1.589996e+02
  5.430602e+00,  1.358607e+02
  5.843054e+00,  1.142057e+02
  6.491669e+00,  9.662019e+01
  7.083893e+00,  8.291666e+01
  7.385814e+00,  7.183075e+01
  7.258395e+00,  6.211168e+01
  6.655201e+00,  5.260680e+01
  5.618202e+00,  4.188787e+01
  4.287599e+00,  2.725894e+01
  2.976964e+00,  2.019044e+00
  2.412857e+00,  3.170656e+02
  3.131507e+00,  2.757381e+02
  4.358617e+00,  2.534837e+02
  5.479905e+00,  2.399701e+02
  6.272129e+00,  2.296110e+02
  6.669562e+00,  2.201158e+02
  6.698701e+00,  2.102533e+02
  6.458200e+00,  1.991764e+02
  6.098640e+00,  1.863597e+02
  5.784146e+00,  1.719189e+02
  5.627752e+00,  1.569748e+02
  5.631787e+00,  1.432989e+02
  5.695458e+00,  1.322638e+02
  5.685741e+00,  1.243435e+02
  5.502191e+00,  1.194721e+02
  5.103685e+00,  1.175466e+02
  4.509776e+00,  1.187443e+02
  3.793162e+00,  1.237419e+02
  3.072035e+00,  1.338772e+02
  2.500367e+00,  1.506765e+02
  2.219828e+00,  1.731173e+02
  2.237137e+00,  1.954274e+02
  2.403143e+00,  2.131027e+02
  2.569757e+00,  2.263820e+02
  2.667493e+00,  2.368253e+02
  2.683667e+00,  2.453462e+02
  2.628465e+00,  2.520044e+02
  2.514089e+00,  2.561581e+02
  2.352484e+00,  2.566120e+02
  2.173560e+00,  2.517454e+02
  2.056312e+00,  2.401678e+02
  2.131066e+00,  2.231851e+02
  2.479333e+00,  2.061872e+02
  3.039680e+00,  1.932175e+02
  3.670015e+00,  1.841609e+02
  4.227898e+00,  1.775262e+02
  4.595411e+00,  1.720528e+02
  4.686868e+00,  1.668119e+02
  4.456946e+00,  1.609465e+02
  3.911143e+00,  1.532697e+02
  3.124349e+00,  1.414080e+02
  2.298258e+00,  1.197121e+02
  1.907257e+00,  8.093056e+01
  2.368778e+00,  4.276248e+01
  3.253740e+00,  2.137488e+01
  4.087453e+00,  9.139242e+00
  4.644086e+00,  5.844802e-01
  4.815033e+00,  3.533351e+02
  4.564345e+00,  3.460180e+02
  3.921667e+00,  3.372017e+02
  2.992100e+00,  3.241137e+02
  2.022144e+00,  2.990460e+02
  1.643608e+00,  2.502159e+02
  2.302788e+00,  2.085812e+02
  3.287741e+00,  1.882252e+02
  4.123745e+00,  1.759942e+02
  4.634216e+00,  1.662674e+02
  4.758828e+00,  1.566825e+02
  4.520833e+00,  1.455690e+02
  4.031834e+00,  1.309820e+02
  3.512471e+00,  1.105179e+02
  3.280844e+00,  8.369567e+01
  3.544237e+00,  5.639414e+01
  4.155983e+00,  3.499305e+01
  4.812779e+00,  1.942056e+01
  5.290036e+00,  7.223433e+00
  5.472789e+00,  3.563473e+02
  5.339960e+00,  3.451855e+02
  4.959611e+00,  3.321830e+02
  4.493946e+00,  3.157218e+02
  4.188592e+00,  2.950800e+02
  4.267334e+00,  2.727155e+02
  4.741007e+00,  2.533877e+02
  5.408889e+00,  2.393070e+02
  6.043092e+00,  2.297775e+02
  6.485240e+00,  2.235149e+02
  6.652446e+00,  2.195767e+02
  6.523610e+00,  2.173960e+02
  6.125304e+00,  2.166541e+02
  5.517347e+00,  2.171644e+02
  4.777883e+00,  2.187693e+02
  3.989446e+00,  2.212155e+02
  3.221015e+00,  2.239367e+02
  2.517751e+00,  2.257139e+02
  1.906388e+00,  2.241241e+02
  1.428454e+00,  2.147744e+02
  1.198871e+00,  1.935358e+02
  1.335588e+00,  1.692691e+02
  1.727017e+00,  1.546750e+02
  2.178309e+00,  1.480835e+02
  2.562519e+00,  1.454985e+02
  2.801972e+00,  1.449208e+02
  2.851777e+00,  1.455441e+02
  2.697631e+00,  1.471433e+02
  2.356049e+00,  1.498667e+02
  1.872495e+00,  1.542968e+02
  1.316848e+00,  1.619396e+02
  7.799608e-01,  1.772724e+02
  3.955294e-01,  2.163313e+02
  3.572913e-01,  2.834906e+02
  4.698754e-01,  3.263261e+02
  5.845664e-01,  4.326389e+00
  8.582340e-01,  4.038585e+01
  1.380132e+00,  6.358614e+01
  2.076242e+00,  7.643393e+01
  2.833869e+00,  8.381960e+01
  3.540264e+00,  8.830422e+01
  4.089036e+00,  9.112066e+01
  4.389862e+00,  9.291840e+01
  4.379165e+00,  9.409334e+01
  4.028481e+00,  9.495944e+01
  3.349095e+00,  9.591659e+01
  2.393119e+00,  9.790301e+01
  1.258435e+00,  1.052890e+02
  3.883854e-01,  1.842399e+02
  1.340400e+00,  2.468930e+02
  2.399857e+00,  2.512596e+02
  3.240312e+00,  2.495081e+02
  3.795353e+00,  2.448211e+02
  4.066495e+00,  2.373049e+02
  4.133178e+00,  2.263825e+02
  4.159222e+00,  2.116777e+02
  4.351967e+00,  1.943383e+02
  4.840077e+00,  1.774521e+02
  5.576585e+00,  1.637238e+02
  6.393699e+00,  1.537414e+02
  7.108303e+00,  1.468622e+02
  7.575594e+00,  1.423087e+02
  7.704175e+00,  1.395337e+02
  7.458251e+00,  1.382484e+02
  6.855234e+00,  1.383996e+02
  5.960432e+00,  1.401933e+02
  4.878572e+00,  1.442049e+02
  3.746143e+00,  1.516580e+02
  2.728252e+00,  1.648685e+02
  2.012069e+00,  1.866044e+02
  1.713900e+00,  2.140304e+02
  1.684259e+00,  2.368031e+02
  1.643957e+00,  2.514787e+02
  1.443530e+00,  2.607253e+02
  1.063272e+00,  2.668123e+02
  5.542327e-01,  2.699263e+02
  5.040378e-02,  1.862497e+02
  5.145400e-01,  1.121513e+02
  8.941761e-01,  1.175605e+02
  1.104018e+00,  1.284070e+02
  1.177269e+00,  1.466548e+02
  1.284025e+00,  1.742388e+02
  1.675394e+00,  2.032451e+02
  2.407372e+00,  2.235973e+02
  3.348306e+00,  2.360429e+02
  4.347437e+00,  2.439442e+02
  5.273314e+00,  2.493214e+02
  6.015616e+00,  2.531822e+02
  6.489550e+00,  2.560129e+02
  6.642117e+00,  2.580115e+02
  6.457830e+00,  2.591684e+02
  5.959474e+00,  2.592371e+02
  5.208400e+00,  2.575968e+02
  4.309054e+00,  2.529271e+02
  3.429328e+00,  2.426829e+02
  2.841983e+00,  2.238555e+02
  2.848654e+00,  2.000540e+02
  3.419499e+00,  1.824063e+02
  4.241816e+00,  1.734684e+02
  5.074967e+00,  1.699868e+02
  5.786037e+00,  1.693753e+02
  6.294571e+00,  1.701861e+02
  6.545315e+00,  1.715819e+02
  6.500910e+00,  1.730047e+02
  6.143710e+00,  1.739826e+02
  5.481809e+00,  1.739557e+02
  4.557946e+00,  1.719739e+02
  3.466356e+00,  1.659109e+02
  2.406908e+00,  1.502042e+02
  1.846967e+00,  1.156875e+02
  2.233348e+00,  7.996045e+01
  3.061287e+00,  6.331768e+01
  3.810911e+00,  5.714218e+01
  4.272110e+00,  5.566232e+01
  4.362185e+00,  5.694710e+01
  4.070764e+00,  6.066954e+01
  3.449280e+00,  6.766396e+01
  2.624010e+00,  8.082570e+01
  1.872231e+00,  1.078030e+02
  1.746361e+00,  1.519263e+02
  2.380893e+00,  1.853249e+02
  3.222456e+00,  2.031446e+02
  3.944609e+00,  2.145304e+02
  4.427070e+00,  2.237060e+02
  4.642630e+00,  2.324719e+02
  4.623937e+00,  2.417550e+02
  4.443990e+00,  2.520134e+02
  4.189478e+00,  2.631903e+02
  3.924265e+00,  2.745444e+02
  3.658197e+00,  2.847017e+02
  3.348529e+00,  2.919863e+02
  2.943656e+00,  2.944383e+02
  2.458503e+00,  2.888492e+02
  2.096711e+00,  2.700664e+02
  2.300151e+00,  2.416128e+02
  3.194681e+00,  2.215401e+02
  4.444662e+00,  2.122082e+02
  5.753370e+00,  2.084357e+02
  6.918934e+00,  2.073257e+02
  7.790545e+00,  2.076220e+02
  8.259426e+00,  2.087812e+02
  8.261005e+00,  2.105810e+02
  7.778440e+00,  2.129794e+02
  6.843132e+00,  2.160962e+02
  5.531422e+00,  2.203257e+02
  3.960443e+00,  2.268387e+02
  2.301284e+00,  2.402545e+02
  1.032880e+00,  2.898372e+02
  1.653078e+00,  3.640176e+00
  2.897749e+00,  2.300451e+01
  3.907950e+00,  3.091857e+01
  4.540429e+00,  3.548376e+01
  4.750048e+00,  3.819009e+01
  4.541806e+00,  3.902382e+01
  3.970720e+00,  3.692207e+01
  3.169024e+00,  2.888856e+01
  2.454918e+00,  8.198726e+00
  2.468524e+00,  3.342712e+02
  3.431606e+00,  3.101493e+02
  4.826274e+00,  3.000581e+02
  6.273711e+00,  2.967289e+02
  7.572648e+00,  2.964664e+02
  8.590746e+00,  2.977450e+02
  9.234416e+00,  2.998856e+02
  9.445406e+00,  3.025663e+02
  9.203698e+00,  3.056391e+02
  8.529113e+00,  3.090518e+02
  7.479987e+00,  3.128181e+02
  6.148125e+00,  3.170138e+02
  4.650022e+00,  3.217991e+02
  3.114916e+00,  3.274984e+02
  1.670427e+00,  3.349664e+02
  4.296519e-01,  3.508955e+02
  5.627449e-01,  1.605165e+02
  1.255676e+00,  1.777596e+02
  1.737605e+00,  1.949800e+02
  2.152888e+00,  2.148309e+02
  2.660669e+00,  2.350340e+02
  3.319427e+00,  2.525773e+02
  4.056429e+00,  2.664695e+02
  4.733181e+00,  2.773863e+02
  5.208701e+00,  2.863926e+02
  5.372861e+00,  2.944618e+02
  5.164384e+00,  3.025337e+02
  4.584662e+00,  3.118371e+02
  3.717962e+00,  3.246423e+02
  2.788495e+00,  3.459762e+02
  2.294557e+00,  2.228019e+01
  2.702846e+00,  5.963044e+01
  3.602807e+00,  8.136305e+01
  4.440304e+00,  9.303473e+01
  4.931782e+00,  9.987954e+01
  4.938399e+00,  1.039790e+02
  4.409781e+00,  1.058487e+02
  3.373887e+00,  1.045224e+02
  1.968064e+00,  9.365444e+01
  1.021138e+00,  2.719212e+01
  2.422386e+00,  3.335047e+02
  4.350795e+00,  3.243732e+02
  6.164501e+00,  3.223094e+02
  7.657813e+00,  3.222244e+02
  8.693913e+00,  3.228671e+02
  9.187775e+00,  3.237345e+02
  9.108369e+00,  3.244940e+02
  8.479675e+00,  3.247675e+02
  7.379525e+00,  3.239212e+02
  5.942161e+00,  3.206273e+02
  4.386628e+00,  3.116765e+02
  3.144924e+00,  2.897643e+02
  2.993875e+00,  2.540559e+02
  4.005949e+00,  2.296094e+02
  5.376902e+00,  2.199134e+02
  6.644003e+00,  2.170978e+02
  7.612854e+00,  2.174028e+02
  8.185567e+00,  2.192809e+02
  8.312556e+00,  2.220202e+02
  7.979245e+00,  2.252466e+02
  7.202844e+00,  2.287384e+02
  6.031590e+00,  2.323419e+02
  4.543458e+00,  2.359007e+02
  2.842936e+00,  2.390550e+02
  1.056731e+00,  2.391824e+02
  7.055528e-01,  7.976253e+01
  2.267842e+00,  7.775951e+01
  3.546284e+00,  8.184008e+01
  4.454905e+00,  8.731484e+01
  4.958583e+00,  9.407636e+01
  5.078896e+00,  1.025132e+02
  4.899084e+00,  1.132627e+02
  4.560569e+00,  1.270280e+02
  4.237894e+00,  1.440000e+02
  4.069698e+00,  1.629161e+02
  4.066742e+00,  1.812094e+02
  4.102322e+00,  1.969749e+02
  4.007055e+00,  2.100592e+02
  3.656029e+00,  2.214501e+02
  3.002444e+00,  2.328677e+02
  2.092108e+00,  2.480940e+02
  1.157667e+00,  2.822660e+02
  1.158382e+00,  3.560258e+02
  2.131733e+00,  2.993900e+01
  3.097722e+00,  4.366353e+01
  3.761561e+00,  5.256387e+01
  3.994907e+00,  6.044938e+01
  3.750534e+00,  6.946118e+01
  3.081464e+00,  8.287251e+01
  2.255333e+00,  1.092334e+02
  2.112468e+00,  1.577084e+02
  3.242551e+00,  1.943647e+02
  4.901350e+00,  2.110785e+02
  6.558964e+00,  2.198200e+02
  7.949766e+00,  2.252040e+02
  8.904529e+00,  2.288231e+02
  9.321148e+00,  2.312725e+02
  9.163878e+00,  2.327121e+02
  8.464643e+00,  2.329919e+02
  7.322437e+00,  2.315604e+02
  5.905981e+00,  2.271017e+02
  4.477865e+00,  2.167233e+02
  3.464032e+00,  1.959764e+02
  3.354480e+00,  1.683212e+02
  4.030854e+00,  1.491150e+02
  4.918813e+00,  1.409700e+02
  5.667854e+00,  1.394062e+02
  6.142587e+00,  1.416165e+02
  6.307892e+00,  1.463052e+02
  6.173983e+00,  1.528903e+02
  5.770501e+00,  1.611862e+02
  5.135992e+00,  1.713983e+02
  4.323697e+00,  1.844191e+02
  3.434879e+00,  2.026275e+02
  2.709459e+00,  2.307953e+02
  2.603998e+00,  2.692532e+02
  3.303829e+00,  3.017221e+02
  4.405879e+00,  3.216301e+02
  5.531789e+00,  3.339516e+02
  6.460788e+00,  3.422273e+02
  7.054842e+00,  3.480637e+02
  7.231714e+00,  3.521349e+02
  6.962439e+00,  3.546075e+02
  6.274841e+00,  3.552084e+02
  5.260255e+00,  3.529937e+02
  4.093427e+00,  3.456276e+02
  3.096037e+00,  3.283861e+02
  2.779185e+00,  2.999858e+02
  3.310321e+00,  2.762777e+02
  4.193739e+00,  2.653948e+02
  5.021582e+00,  2.626282e+02
  5.627323e+00,  2.643806e+02
  5.967860e+00,  2.690333e+02
  6.062626e+00,  2.758419e+02
  5.957260e+00,  2.843472e+02
  5.694575e+00,  2.941519e+02
  5.294453e+00,  3.049164e+02
  4.750461e+00,  3.165335e+02
  4.047488e+00,  3.294995e+02
  3.201205e+00,  3.457486e+02
  2.343611e+00,  1.088887e+01
  1.934624e+00,  5.367927e+01
  2.509649e+00,  9.580538e+01
  3.661457e+00,  1.185976e+02
  4.879244e+00,  1.307820e+02
  5.904324e+00,  1.381150e+02
  6.581797e+00,  1.427448e+02
  6.818536e+00,  1.454499e+02
  6.581957e+00,  1.463556e+02
  5.906756e+00,  1.450278e+02
  4.906754e+00,  1.401477e+02
  3.807972e+00,  1.286383e+02
  3.028100e+00,  1.058215e+02
  3.065855e+00,  7.641770e+01
  3.801393e+00,  5.658443e+01
  4.688605e+00,  4.774172e+01
  5.394423e+00,  4.525618e+01
  5.787122e+00,  4.658565e+01
  5.847148e+00,  5.076087e+01
  5.627834e+00,  5.750841e+01
  5.227545e+00,  6.678660e+01
  4.754876e+00,  7.843010e+01
  4.284755e+00,  9.187022e+01
  3.823126e+00,  1.062258e+02
  3.311568e+00,  1.209868e+02
  2.680115e+00,  1.371219e+02
  1.934728e+00,  1.594115e+02
  1.370798e+00,  2.023694e+02
  1.753755e+00,  2.565716e+02
  2.870592e+00,  2.831503e+02
  4.119877e+00,  2.954176e+02
  5.230317e+00,  3.021499e+02
  6.037117e+00,  3.060402e+02
  6.429545e+00,  3.079707e+02
  6.352634e+00,  3.080843e+02
  5.817711e+00,  3.059471e+02
  4.918449e+00,  3.002411e+02
  3.869325e+00,  2.878684e+02
  3.098057e+00,  2.639038e+02
  3.159695e+00,  2.326086e+02
  3.976993e+00,  2.106911e+02
  4.972683e+00,  1.997449e+02
  5.767255e+00,  1.948727e+02
  6.180744e+00,  1.933630e+02
  6.145666e+00,  1.941240e+02
  5.673241e+00,  1.969090e+02
  4.838945e+00,  2.021376e+02
  3.776729e+00,  2.112554e+02
  2.693821e+00,  2.280411e+02
  1.943873e+00,  2.597638e+02
  1.944003e+00,  3.008957e+02
  2.465441e+00,  3.289042e+02
  3.006154e+00,  3.453729e+02
  3.352465e+00,  3.569195e+02
  3.450389e+00,  6.503473e+00
  3.307752e+00,  1.526984e+01
  2.954214e+00,  2.351860e+01
  2.419485e+00,  3.093256e+01
  1.724142e+00,  3.616664e+01
  8.950482e-01,  3.263050e+01
  4.178209e-01,  3.048052e+02
  1.409460e+00,  2.658003e+02
  2.630929e+00,  2.645007e+02
  3.877858e+00,  2.667364e+02
  5.039860e+00,  2.694416e+02
  6.002211e+00,  2.719398e+02
  6.655660e+00,  2.740239e+02
  6.912744e+00,  2.755998e+02
  6.723656e+00,  2.765551e+02
  6.086121e+00,  2.766759e+02
  5.051242e+00,  2.754635e+02
  3.727196e+00,  2.715476e+02
  2.300398e+00,  2.600758e+02
  1.243364e+00,  2.197847e+02
  1.603833e+00,  1.604580e+02
  2.558604e+00,  1.413797e+02
  3.285163e+00,  1.359661e+02
  3.604449e+00,  1.352598e+02
  3.488382e+00,  1.376359e+02
  2.999224e+00,  1.438385e+02
  2.302381e+00,  1.572836e+02
  1.742359e+00,  1.852217e+02
  1.794392e+00,  2.227493e+02
  2.326264e+00,  2.462723e+02
  2.823761e+00,  2.567339e+02
  3.002723e+00,  2.604969e+02
  2.748101e+00,  2.595155e+02
  2.065985e+00,  2.514733e+02
  1.216309e+00,  2.197558e+02
  1.482288e+00,  1.500082e+02
  2.948777e+00,  1.236651e+02
  4.606795e+00,  1.145251e+02
  6.124371e+00,  1.094981e+02
  7.307112e+00,  1.056419e+02
  8.019487e+00,  1.018779e+02
  8.188307e+00,  9.752341e+01
  7.815671e+00,  9.183153e+01
  6.995390e+00,  8.365322e+01
  5.941120e+00,  7.104055e+01
  5.032268e+00,  5.144153e+01
  4.766215e+00,  2.557250e+01
  5.328068e+00,  1.665070e+00
  6.341903e+00,  3.452999e+02
  7.345877e+00,  3.350734e+02
  8.053631e+00,  3.285263e+02
  8.326849e+00,  3.240878e+02
  8.128754e+00,  3.208365e+02
  7.497120e+00,  3.181446e+02
  6.525441e+00,  3.154247e+02
  5.346819e+00,  3.118759e+02
  4.122361e+00,  3.060855e+02
  3.042353e+00,  2.954335e+02
  2.339194e+00,  2.768651e+02
  2.194305e+00,  2.543918e+02
  2.477723e+00,  2.395062e+02
  2.903745e+00,  2.343218e+02
  3.310967e+00,  2.351802e+02
  3.631634e+00,  2.392403e+02
  3.824292e+00,  2.449783e+02
  3.849820e+00,  2.517190e+02
  3.676217e+00,  2.594357e+02
  3.296138e+00,  2.688001e+02
  2.751337e+00,  2.815963e+02
  2.173569e+00,  3.016285e+02
  1.845148e+00,  3.329906e+02
  2.039259e+00,  6.713655e+00
  2.580904e+00,  2.918453e+01
  3.122675e+00,  4.234968e+01
  3.449215e+00,  5.078952e+01
  3.450828e+00,  5.708021e+01
  3.091068e+00,  6.287425e+01
  2.400787e+00,  7.024462e+01
  1.498660e+00,  8.534115e+01
  8.328979e-01,  1.372464e+02
  1.390096e+00,  1.961799e+02
  2.336329e+00,  2.114089e+02
  3.103559e+00,  2.151813e+02
  3.532410e+00,  2.142950e+02
  3.568877e+00,  2.095250e+02
  3.263803e+00,  1.993590e+02
  2.838380e+00,  1.801246e+02
  2.761946e+00,  1.503231e+02
  3.407677e+00,  1.218506e+02
  4.537800e+00,  1.038525e+02
  5.734569e+00,  9.327839e+01
  6.703168e+00,  8.650747e+01
  7.251592e+00,  8.163747e+01
  7.266321e+00,  7.767440e+01
  6.707890e+00,  7.397118e+01
  5.610592e+00,  6.986461e+01
  4.081074e+00,  6.407715e+01
  2.309845e+00,  5.182270e+01
  9.055713e-01,  3.534647e+02
  1.898897e+00,  2.776723e+02
  3.359107e+00,  2.623603e+02
  4.435591e+00,  2.552151e+02
  4.969820e+00,  2.495499e+02
  4.915444e+00,  2.433696e+02
  4.321331e+00,  2.348005e+02
  3.365346e+00,  2.200246e+02
  2.500022e+00,  1.902472e+02
  2.593655e+00,  1.463217e+02
  3.696669e+00,  1.174917e+02
  5.014103e+00,  1.032703e+02
  6.097546e+00,  9.511952e+01
  6.738995e+00,  8.946785e+01
  6.846401e+00,  8.476587e+01
  6.413967e+00,  8.003753e+01
  5.513938e+00,  7.419354e+01
  4.299696e+00,  6.523228e+01
  3.041753e+00,  4.836697e+01
  2.261233e+00,  1.518033e+01
  2.503857e+00,  3.373775e+02
  3.303919e+00,  3.173590e+02
  4.031193e+00,  3.093360e+02
  4.444555e+00,  3.072364e+02
  4.489977e+00,  3.089569e+02
  4.211152e+00,  3.141446e+02
  3.720990e+00,  3.233773e+02
  3.184187e+00,  3.377239e+02
  2.782774e+00,  3.575094e+02
  2.625812e+00,  2.013258e+01
  2.657298e+00,  4.122635e+01
  2.724399e+00,  5.910938e+01
  2.715234e+00,  7.487770e+01
  2.602090e+00,  9.018977e+01
  2.417611e+00,  1.061587e+02
  2.208210e+00,  1.228505e+02
  1.982080e+00,  1.392061e+02
  1.684263e+00,  1.538792e+02
  1.222959e+00,  1.664815e+02
  5.206898e-01,  1.802574e+02
  4.722577e-01,  3.497018e+02
  1.699563e+00,  1.447849e+00
  3.099939e+00,  6.439312e+00
  4.547502e+00,  9.716852e+00
  5.894401e+00,  1.194437e+01
  6.988618e+00,  1.335431e+01
  7.694929e+00,  1.402551e+01
  7.914689e+00,  1.392309e+01
  7.602544e+00,  1.286749e+01
  6.779086e+00,  1.041664e+01
  5.541083e+00,  5.529245e+00
  4.081098e+00,  3.555471e+02
  2.767984e+00,  3.335009e+02
  2.301916e+00,  2.932792e+02
  2.885972e+00,  2.607563e+02
  3.661128e+00,  2.459540e+02
  4.088635e+00,  2.397328e+02
  3.982331e+00,  2.380460e+02
  3.319913e+00,  2.406171e+02
  2.227267e+00,  2.521417e+02
  1.298104e+00,  2.983049e+02
  2.109512e+00,  3.580725e+02
  3.739662e+00,  1.508187e+01
  5.275305e+00,  2.073945e+01
  6.414808e+00,  2.303646e+01
  6.981885e+00,  2.387217e+01
  6.882176e+00,  2.381076e+01
  6.102877e+00,  2.291954e+01
  4.713168e+00,  2.076530e+01
  2.863674e+00,  1.517732e+01
  8.922050e-01,  3.423331e+02
  1.701269e+00,  2.277311e+02
  3.669193e+00,  2.145888e+02
  5.291527e+00,  2.097518e+02
  6.363361e+00,  2.060981e+02
  6.783450e+00,  2.021097e+02
  6.545511e+00,  1.967050e+02
  5.758439e+00,  1.882163e+02
  4.697916e+00,  1.733647e+02
  3.922543e+00,  1.475725e+02
  4.138385e+00,  1.158413e+02
  5.274087e+00,  9.354508e+01
  6.654075e+00,  8.176036e+01
  7.806460e+00,  7.592054e+01
  8.490205e+00,  7.342385e+01
  8.602307e+00,  7.315375e+01
  8.138779e+00,  7.474129e+01
  7.175271e+00,  7.830657e+01
  5.851941e+00,  8.453855e+01
  4.364672e+00,  9.525063e+01
  2.986566e+00,  1.150188e+02
  2.165716e+00,  1.515329e+02
  2.297076e+00,  1.938862e+02
  2.928794e+00,  2.213149e+02
  3.535604e+00,  2.388702e+02
  3.951987e+00,  2.525931e+02
  4.157813e+00,  2.648164e+02
  4.166717e+00,  2.762050e+02
  3.980118e+00,  2.867115e+02
  3.573321e+00,  2.960083e+02
  2.906482e+00,  3.036233e+02
  1.950277e+00,  3.084224e+02
  7.287453e-01,  3.008238e+02
  8.699938e-01,  1.665938e+02
  2.493204e+00,  1.592327e+02
  4.155377e+00,  1.607492e+02
  5.679443e+00,  1.633029e+02
  6.903357e+00,  1.660371e+02
  7.686800e+00,  1.688052e+02
  7.930025e+00,  1.716383e+02
  7.589332e+00,  1.746588e+02
  6.686260e+00,  1.781069e+02
  5.309377e+00,  1.824992e+02
  3.610739e+00,  1.892874e+02
  1.821120e+00,  2.052103e+02
  8.043312e-01,  2.867539e+02
  1.946374e+00,  3.436498e+02
  3.082098e+00,  3.578920e+02
  3.773021e+00,  7.715772e+00
  3.986318e+00,  1.849679e+01
  3.839410e+00,  3.311513e+01
  3.624398e+00,  5.398653e+01
  3.752327e+00,  7.959633e+01
  4.405336e+00,  1.023924e+02
  5.337781e+00,  1.181106e+02
  6.180579e+00,  1.280780e+02
  6.648016e+00,  1.343454e+02
  6.561797e+00,  1.381228e+02
  5.845657e+00,  1.398122e+02
  4.524623e+00,  1.387966e+02
  2.743702e+00,  1.309628e+02
  1.136706e+00,  8.068593e+01
  2.334990e+00,  5.071109e+00
  4.424486e+00,  3.521380e+02
  6.241366e+00,  3.483631e+02
  7.504485e+00,  3.467415e+02
  8.047705e+00,  3.457410e+02
  7.791256e+00,  3.446876e+02
  6.746027e+00,  3.428880e+02
  5.020232e+00,  3.387545e+02
  2.867857e+00,  3.255315e+02
  1.485050e+00,  2.589057e+02
  3.323838e+00,  2.043714e+02
  5.783025e+00,  1.939822e+02
  7.960472e+00,  1.911699e+02
  9.607231e+00,  1.907238e+02
  1.059199e+01,  1.913847e+02
  1.086602e+01,  1.926950e+02
  1.045497e+01,  1.944136e+02
  9.447403e+00,  1.963217e+02
  7.978428e+00,  1.980713e+02
  6.211967e+00,  1.988935e+02
  4.333468e+00,  1.966795e+02
  2.606293e+00,  1.841082e+02
  1.768854e+00,  1.412631e+02
  2.617709e+00,  1.031545e+02
  4.034680e+00,  9.410095e+01
  5.418567e+00,  9.459137e+01
  6.613815e+00,  9.823256e+01
  7.530643e+00,  1.030209e+02
  8.085573e+00,  1.081716e+02
  8.201496e+00,  1.133638e+02
  7.822047e+00,  1.185105e+02
  6.927618e+00,  1.236927e+02
  5.547073e+00,  1.292198e+02
  3.763561e+00,  1.360939e+02
  1.730214e+00,  1.501651e+02
  7.844604e-01,  2.718562e+02
  2.773712e+00,  3.085054e+02
  4.679901e+00,  3.172869e+02
  6.222089e+00,  3.233302e+02
  7.279418e+00,  3.288220e+02
  7.791859e+00,  3.344216e+02
  7.760164e+00,  3.405148e+02
  7.242786e+00,  3.474612e+02
  6.345440e+00,  3.557013e+02
  5.203867e+00,  5.872487e+00
  3.962829e+00,  1.905432e+01
  2.760090e+00,  3.753613e+01
  1.749012e+00,  6.762346e+01
  1.273587e+00,  1.219517e+02
  1.713795e+00,  1.761939e+02
  2.641681e+00,  2.065925e+02
  3.718920e+00,  2.256628e+02
  4.804845e+00,  2.394891e+02
  5.771814e+00,  2.502696e+02
  6.482378e+00,  2.590736e+02
  6.806620e+00,  2.665806e+02
  6.644847e+00,  2.733290e+02
  5.946933e+00,  2.798925e+02
  4.726298e+00,  2.872405e+02
  3.077189e+00,  2.983453e+02
  1.329229e+00,  3.330142e+02
  1.712120e+00,  6.950147e+01
  3.708105e+00,  9.344775e+01
  5.614585e+00,  1.021148e+02
  7.130057e+00,  1.074672e+02
  8.089131e+00,  1.115814e+02
  8.394190e+00,  1.150898e+02
  8.014632e+00,  1.182278e+02
  6.986267e+00,  1.210404e+02
  5.405222e+00,  1.233423e+02
  3.417713e+00,  1.241771e+02
  1.228758e+00,  1.149798e+02
  1.206859e+00,  3.385540e+02
  3.326894e+00,  3.296113e+02
  5.211046e+00,  3.312827e+02
  6.713366e+00,  3.348242e+02
  7.760861e+00,  3.392076e+02
  8.326726e+00,  3.441232e+02
  8.421011e+00,  3.493856e+02
  8.078969e+00,  3.547934e+02
  7.349376e+00,  5.181564e-02
  6.286743e+00,  4.659459e+00
  4.952016e+00,  7.590244e+00
  3.432218e+00,  6.030251e+00
  1.960704e+00,  3.485555e+02
  1.652601e+00,  2.901263e+02
  3.072505e+00,  2.600162e+02
  4.841836e+00,  2.544022e+02
  6.511681e+00,  2.548724e+02
  7.897828e+00,  2.573530e+02
  8.867386e+00,  2.606713e+02
  9.322330e+00,  2.644258e+02
  9.205823e+00,  2.685022e+02
  8.509198e+00,  2.729479e+02
  7.274922e+00,  2.779911e+02
  5.595565e+00,  2.842685e+02
  3.616048e+00,  2.939661e+02
  1.618061e+00,  3.204435e+02
  1.407180e+00,  5.892014e+01
  3.219291e+00,  9.070437e+01
  4.950685e+00,  1.011583e+02
  6.306676e+00,  1.076274e+02
  7.179401e+00,  1.126361e+02
  7.518615e+00,  1.167984e+02
  7.320352e+00,  1.201819e+02
  6.623730e+00,  1.224903e+02
  5.511120e+00,  1.228438e+02
  4.123461e+00,  1.188169e+02
  2.754347e+00,  1.029229e+02
  2.221966e+00,  6.259780e+01
  3.201781e+00,  2.927809e+01
  4.783015e+00,  1.833609e+01
  6.361843e+00,  1.623363e+01
  7.714735e+00,  1.756429e+01
  8.722113e+00,  2.050199e+01
  9.309864e+00,  2.431441e+01
  9.438264e+00,  2.866593e+01
  9.099826e+00,  3.339258e+01
  8.317921e+00,  3.841953e+01
  7.144087e+00,  4.373454e+01
  5.653653e+00,  4.940312e+01
  3.939992e+00,  5.568622e+01
  2.108910e+00,  6.382751e+01
  3.253971e-01,  1.039549e+02
  1.528238e+00,  2.414933e+02
  3.103507e+00,  2.513059e+02
  4.428499e+00,  2.583112e+02
  5.440072e+00,  2.646553e+02
  6.095256e+00,  2.706429e+02
  6.367127e+00,  2.762693e+02
  6.243818e+00,  2.813962e+02
  5.729887e+00,  2.857380e+02
  4.850878e+00,  2.886940e+02
  3.664363e+00,  2.886915e+02
  2.304658e+00,  2.799861e+02
  1.336352e+00,  2.367916e+02
  2.140173e+00,  1.834833e+02
  3.741259e+00,  1.706721e+02
  5.354757e+00,  1.688233e+02
  6.766063e+00,  1.702073e+02
  7.851690e+00,  1.729003e+02
  8.526680e+00,  1.762553e+02
  8.741791e+00,  1.800242e+02
  8.485927e+00,  1.841213e+02
  7.786472e+00,  1.885469e+02
  6.705750e+00,  1.933713e+02
  5.333804e+00,  1.987741e+02
  3.779120e+00,  2.052383e+02
  2.161685e+00,  2.146264e+02
  6.590122e-01,  2.454797e+02
  9.998635e-01,  1.194456e+01
  2.185986e+00,  3.005828e+01
  3.113118e+00,  3.880407e+01
  3.706249e+00,  4.580906e+01
  3.932301e+00,  5.220685e+01
  3.779619e+00,  5.831198e+01
  3.255283e+00,  6.424869e+01
  2.384577e+00,  7.014764e+01
  1.211481e+00,  7.666545e+01
  2.102475e-01,  2.447427e+02
  1.776327e+00,  2.622082e+02
  3.405768e+00,  2.674145e+02
  4.980398e+00,  2.717777e+02
  6.382628e+00,  2.756862e+02
  7.501069e+00,  2.792288e+02
  8.241864e+00,  2.824330e+02
  8.539369e+00,  2.852937e+02
  8.364528e+00,  2.877671e+02
  7.729822e+00,  2.897410e+02
  6.690360e+00,  2.909597e+02
  5.342061e+00,  2.908173e+02
  3.821955e+00,  2.876707e+02
  2.337623e+00,  2.759395e+02
  1.396131e+00,  2.365492e+02
  1.793916e+00,  1.882615e+02
  2.696700e+00,  1.728803e+02
  3.434486e+00,  1.701043e+02
  3.867864e+00,  1.720919e+02
  3.986864e+00,  1.768142e+02
  3.833782e+00,  1.837130e+02
  3.476036e+00,  1.927015e+02
  2.984028e+00,  2.038817e+02
  2.411760e+00,  2.175896e+02
  1.789771e+00,  2.351612e+02
  1.161182e+00,  2.627438e+02
  8.193498e-01,  3.213628e+02
  1.343311e+00,  1.810810e+01
  2.326589e+00,  4.217168e+01
  3.436612e+00,  5.506581e+01
  4.533895e+00,  6.357844e+01
  5.502585e+00,  6.975517e+01
  6.235787e+00,  7.442515e+01
  6.645446e+00,  7.799292e+01
  6.674625e+00,  8.066185e+01
  6.306938e+00,  8.249588e+01
  5.571141e+00,  8.339956e+01
  4.540571e+00,  8.298532e+01
  3.329788e+00,  8.011055e+01
  2.100558e+00,  7.101303e+01
  1.153322e+00,  4.123556e+01
  1.125965e+00,  3.459435e+02
  1.667395e+00,  3.224380e+02
  2.070780e+00,  3.171674e+02
  2.183405e+00,  3.190620e+02
  2.022083e+00,  3.265876e+02
  1.700748e+00,  3.419739e+02
  1.448933e+00,  9.070902e+00
  1.529212e+00,  4.227648e+01
  1.895176e+00,  6.733869e+01
  2.289630e+00,  8.390752e+01
  2.546187e+00,  9.698073e+01
  2.615009e+00,  1.102105e+02
  2.551685e+00,  1.263771e+02
  2.519387e+00,  1.470316e+02
  2.723157e+00,  1.697358e+02
  3.226185e+00,  1.887797e+02
  3.894846e+00,  2.016457e+02
  4.539621e+00,  2.093178e+02
  5.006599e+00,  2.132138e+02
  5.197112e+00,  2.141399e+02
  5.072800e+00,  2.122478e+02
  4.662997e+00,  2.070285e+02
  4.078156e+00,  1.971905e+02
  3.528170e+00,  1.809287e+02
  3.293809e+00,  1.585514e+02
  3.518961e+00,  1.360201e+02
  4.030347e+00,  1.189930e+02
  4.539231e+00,  1.074127e+02
  4.836132e+00,  9.922815e+01
  4.809928e+00,  9.275631e+01
  4.427899e+00,  8.671849e+01
  3.723496e+00,  7.970375e+01
  2.797682e+00,  6.904097e+01
  1.867789e+00,  4.742019e+01
  1.468534e+00,  2.882881e+00
  2.003315e+00,  3.242648e+02
  2.856190e+00,  3.080516e+02
  3.614070e+00,  3.014623e+02
  4.147332e+00,  2.990768e+02
  4.425114e+00,  2.991045e+02
  4.468163e+00,  3.008580e+02
  4.328847e+00,  3.039678e+02
  4.072542e+00,  3.080399e+02
  3.757717e+00,  3.124428e+02
  3.420259e+00,  3.162045e+02
  3.071540e+00,  3.180435e+02
  2.715336e+00,  3.164462e+02
  2.377711e+00,  3.097271e+02
  2.132635e+00,  2.966145e+02
  2.082663e+00,  2.784840e+02
  2.258096e+00,  2.603592e+02
  2.559334e+00,  2.459200e+02
  2.840602e+00,  2.349768e+02
  2.986193e+00,  2.258978e+02
  2.922774e+00,  2.169515e+02
  2.555101e+00,  2.051862e+02
  1.543717e+00,  1.630645e+02
##END=
