##TITLE= E:\桌面\nmr\ogm\sjd\matlabcod\1\1_15_xjhsjd
##JCAMP-DX= 5.00 Bruker JCAMP library
##DATA TYPE= Shape Data
##ORIGIN= Colm's GRAPE Pulses 
##OWNER= Dawei.Lu
##DATE= 02-Aug-2025
##TIME= 11:22
##MINX= 4.589731e-02
##MAXX= 1.140710e+01
##MINY= 2.174893e-01
##MAXY= 3.595601e+02
##$SHAPE_EXMODE= None
##$SHAPE_TOTROT= 9.000000e+01
##$SHAPE_BWFAC= 1.000000e+00
##$SHAPE_INTEGFAC= 1.000000e+00
##$SHAPE_MODE= 1
##PULSE_WIDTH= 5000
##Calibration_Power= 12500
##NPOINTS= 1000
##XYPOINTS= (XY..XY)
  3.178978e+00,  3.159132e+02
  3.548070e+00,  3.106541e+02
  3.649636e+00,  2.961537e+02
  3.344833e+00,  2.671099e+02
  3.817058e+00,  2.367202e+02
  4.864787e+00,  2.160791e+02
  6.001516e+00,  2.034455e+02
  6.912443e+00,  1.950641e+02
  7.428111e+00,  1.887990e+02
  7.474844e+00,  1.834939e+02
  7.054916e+00,  1.783723e+02
  6.236424e+00,  1.726770e+02
  5.145823e+00,  1.653223e+02
  3.966438e+00,  1.543485e+02
  2.952679e+00,  1.363599e+02
  2.420534e+00,  1.096358e+02
  2.478298e+00,  8.380665e+01
  2.803143e+00,  6.874048e+01
  3.077680e+00,  6.310820e+01
  3.197730e+00,  6.397131e+01
  3.197196e+00,  6.975932e+01
  3.170600e+00,  7.918117e+01
  3.196643e+00,  9.019194e+01
  3.271900e+00,  1.002866e+02
  3.309280e+00,  1.077221e+02
  3.196932e+00,  1.117802e+02
  2.856613e+00,  1.118585e+02
  2.283393e+00,  1.058950e+02
  1.618881e+00,  8.652791e+01
  1.399179e+00,  4.219554e+01
  2.100471e+00,  5.756875e+00
  3.182612e+00,  3.506136e+02
  4.237883e+00,  3.436347e+02
  5.075455e+00,  3.396781e+02
  5.581208e+00,  3.369676e+02
  5.693440e+00,  3.347127e+02
  5.401350e+00,  3.323978e+02
  4.744563e+00,  3.294496e+02
  3.810898e+00,  3.248390e+02
  2.739309e+00,  3.160378e+02
  1.764490e+00,  2.956924e+02
  1.373862e+00,  2.533451e+02
  1.801413e+00,  2.187069e+02
  2.433303e+00,  2.055589e+02
  2.928083e+00,  2.019117e+02
  3.206190e+00,  2.026938e+02
  3.274495e+00,  2.061136e+02
  3.172339e+00,  2.112516e+02
  2.941196e+00,  2.172430e+02
  2.602398e+00,  2.229245e+02
  2.150740e+00,  2.265229e+02
  1.576669e+00,  2.243660e+02
  9.687094e-01,  2.032666e+02
  9.777248e-01,  1.434839e+02
  1.918869e+00,  1.148506e+02
  3.153859e+00,  1.069619e+02
  4.440307e+00,  1.040425e+02
  5.636088e+00,  1.024935e+02
  6.618579e+00,  1.012051e+02
  7.287207e+00,  9.969496e+01
  7.575583e+00,  9.764352e+01
  7.462576e+00,  9.471786e+01
  6.980102e+00,  9.045277e+01
  6.218012e+00,  8.412275e+01
  5.327607e+00,  7.463215e+01
  4.519685e+00,  6.075519e+01
  4.022205e+00,  4.266251e+01
  3.937529e+00,  2.402734e+01
  4.125758e+00,  9.493372e+00
  4.337985e+00,  4.505385e-01
  4.392979e+00,  3.561352e+02
  4.217515e+00,  3.557577e+02
  3.827399e+00,  3.591580e+02
  3.305289e+00,  6.840546e+00
  2.779145e+00,  1.968483e+01
  2.382683e+00,  3.775662e+01
  2.174008e+00,  5.853081e+01
  2.075550e+00,  7.840701e+01
  1.950971e+00,  9.682580e+01
  1.734056e+00,  1.169754e+02
  1.516088e+00,  1.445940e+02
  1.582152e+00,  1.801607e+02
  2.100708e+00,  2.087767e+02
  2.875691e+00,  2.248734e+02
  3.670266e+00,  2.331307e+02
  4.322978e+00,  2.368359e+02
  4.731254e+00,  2.373369e+02
  4.849787e+00,  2.349037e+02
  4.702753e+00,  2.290765e+02
  4.403645e+00,  2.188434e+02
  4.168787e+00,  2.034329e+02
  4.257472e+00,  1.845592e+02
  4.778700e+00,  1.669779e+02
  5.592410e+00,  1.539044e+02
  6.458826e+00,  1.451667e+02
  7.172678e+00,  1.394608e+02
  7.593058e+00,  1.356752e+02
  7.639311e+00,  1.330399e+02
  7.284259e+00,  1.309865e+02
  6.547899e+00,  1.289780e+02
  5.491253e+00,  1.262783e+02
  4.213988e+00,  1.214318e+02
  2.873931e+00,  1.105412e+02
  1.820750e+00,  8.178642e+01
  1.836554e+00,  3.299452e+01
  2.779347e+00,  6.876967e+00
  3.848377e+00,  3.573085e+02
  4.759428e+00,  3.533718e+02
  5.415015e+00,  3.514377e+02
  5.775114e+00,  3.500149e+02
  5.834037e+00,  3.482039e+02
  5.619472e+00,  3.451970e+02
  5.199641e+00,  3.400419e+02
  4.695619e+00,  3.315782e+02
  4.288539e+00,  3.189266e+02
  4.178103e+00,  3.030999e+02
  4.451075e+00,  2.878337e+02
  4.999522e+00,  2.764320e+02
  5.624251e+00,  2.694083e+02
  6.153895e+00,  2.658836e+02
  6.479333e+00,  2.649806e+02
  6.550908e+00,  2.661657e+02
  6.370201e+00,  2.692047e+02
  5.980524e+00,  2.740600e+02
  5.453918e+00,  2.807771e+02
  4.872602e+00,  2.893328e+02
  4.305361e+00,  2.994410e+02
  3.784712e+00,  3.104126e+02
  3.294427e+00,  3.212777e+02
  2.783628e+00,  3.311734e+02
  2.199448e+00,  3.396668e+02
  1.515960e+00,  3.468540e+02
  7.470285e-01,  3.539545e+02
  8.114217e-02,  1.315888e+02
  8.266930e-01,  1.718209e+02
  1.461221e+00,  1.741985e+02
  1.885628e+00,  1.736043e+02
  2.044875e+00,  1.698871e+02
  1.941953e+00,  1.608492e+02
  1.709720e+00,  1.413151e+02
  1.744036e+00,  1.081830e+02
  2.429590e+00,  7.872578e+01
  3.599492e+00,  6.293920e+01
  4.962499e+00,  5.504017e+01
  6.316798e+00,  5.083008e+01
  7.510359e+00,  4.845081e+01
  8.423632e+00,  4.703549e+01
  8.970159e+00,  4.611565e+01
  9.100872e+00,  4.538000e+01
  8.807027e+00,  4.455545e+01
  8.120278e+00,  4.331870e+01
  7.110792e+00,  4.118522e+01
  5.886271e+00,  3.731024e+01
  4.593253e+00,  3.006518e+01
  3.437993e+00,  1.636643e+01
  2.720812e+00,  3.528706e+02
  2.680446e+00,  3.252270e+02
  3.101241e+00,  3.055183e+02
  3.576632e+00,  2.943191e+02
  3.870856e+00,  2.876102e+02
  3.886576e+00,  2.825245e+02
  3.604328e+00,  2.769429e+02
  3.071969e+00,  2.682816e+02
  2.446341e+00,  2.518178e+02
  2.113710e+00,  2.217854e+02
  2.533970e+00,  1.891886e+02
  3.537031e+00,  1.702075e+02
  4.709292e+00,  1.610732e+02
  5.800494e+00,  1.566339e+02
  6.659420e+00,  1.545258e+02
  7.187905e+00,  1.537098e+02
  7.331463e+00,  1.537026e+02
  7.079164e+00,  1.542802e+02
  6.463017e+00,  1.553616e+02
  5.553673e+00,  1.569678e+02
  4.451827e+00,  1.592221e+02
  3.276275e+00,  1.623995e+02
  2.150449e+00,  1.670861e+02
  1.185614e+00,  1.745912e+02
  4.631162e-01,  1.887527e+02
  4.589731e-02,  2.902067e+02
  2.896710e-01,  4.149917e+01
  6.274187e-01,  7.548252e+01
  1.159484e+00,  9.583391e+01
  1.842304e+00,  1.068885e+02
  2.562164e+00,  1.130443e+02
  3.192862e+00,  1.164565e+02
  3.618049e+00,  1.180506e+02
  3.747499e+00,  1.181064e+02
  3.531264e+00,  1.163696e+02
  2.973934e+00,  1.116622e+02
  2.164560e+00,  1.000147e+02
  1.426231e+00,  6.774715e+01
  1.621412e+00,  1.442522e+01
  2.669233e+00,  3.485712e+02
  3.835328e+00,  3.387859e+02
  4.827860e+00,  3.343491e+02
  5.505444e+00,  3.321762e+02
  5.790765e+00,  3.312310e+02
  5.658986e+00,  3.311361e+02
  5.134814e+00,  3.318126e+02
  4.287488e+00,  3.334226e+02
  3.222612e+00,  3.365420e+02
  2.072032e+00,  3.430473e+02
  1.007896e+00,  1.853250e+00
  5.671688e-01,  7.752434e+01
  1.086593e+00,  1.233648e+02
  1.535482e+00,  1.357780e+02
  1.719975e+00,  1.422385e+02
  1.641906e+00,  1.469782e+02
  1.349551e+00,  1.506798e+02
  9.136510e-01,  1.517069e+02
  4.346400e-01,  1.368622e+02
  3.994360e-01,  5.589150e+01
  9.632766e-01,  3.782424e+01
  1.664362e+00,  4.155904e+01
  2.483789e+00,  4.855224e+01
  3.420788e+00,  5.543311e+01
  4.437231e+00,  6.121637e+01
  5.456040e+00,  6.568200e+01
  6.374978e+00,  6.887509e+01
  7.085716e+00,  7.089057e+01
  7.493343e+00,  7.177661e+01
  7.533758e+00,  7.148029e+01
  7.187465e+00,  6.978817e+01
  6.489465e+00,  6.621994e+01
  5.537811e+00,  5.982185e+01
  4.506624e+00,  4.886469e+01
  3.657779e+00,  3.109839e+01
  3.282314e+00,  7.238345e+00
  3.428517e+00,  3.448291e+02
  3.796176e+00,  3.294625e+02
  4.067826e+00,  3.202326e+02
  4.074752e+00,  3.149776e+02
  3.768835e+00,  3.123764e+02
  3.182135e+00,  3.119023e+02
  2.400149e+00,  3.137111e+02
  1.540831e+00,  3.191024e+02
  7.406310e-01,  3.340543e+02
  2.648582e-01,  4.717838e+01
  5.278923e-01,  1.222769e+02
  8.054380e-01,  1.525994e+02
  1.121308e+00,  1.824370e+02
  1.690060e+00,  2.072969e+02
  2.545966e+00,  2.229015e+02
  3.575722e+00,  2.317627e+02
  4.629814e+00,  2.366466e+02
  5.560967e+00,  2.390982e+02
  6.241234e+00,  2.398742e+02
  6.576780e+00,  2.392911e+02
  6.520520e+00,  2.373694e+02
  6.082102e+00,  2.338420e+02
  5.336057e+00,  2.280487e+02
  4.424047e+00,  2.187017e+02
  3.559924e+00,  2.038072e+02
  3.006657e+00,  1.824636e+02
  2.907643e+00,  1.596204e+02
  3.087508e+00,  1.428126e+02
  3.246949e+00,  1.337021e+02
  3.210124e+00,  1.310548e+02
  2.955887e+00,  1.346149e+02
  2.605475e+00,  1.457417e+02
  2.412178e+00,  1.651167e+02
  2.600938e+00,  1.865854e+02
  3.088883e+00,  2.016257e+02
  3.605425e+00,  2.092595e+02
  3.935686e+00,  2.115567e+02
  3.968330e+00,  2.096686e+02
  3.692957e+00,  2.033236e+02
  3.217555e+00,  1.906598e+02
  2.813387e+00,  1.688549e+02
  2.863044e+00,  1.404651e+02
  3.452266e+00,  1.166506e+02
  4.258391e+00,  1.014041e+02
  4.949781e+00,  9.184781e+01
  5.314303e+00,  8.540992e+01
  5.235558e+00,  8.070205e+01
  4.676574e+00,  7.701629e+01
  3.668620e+00,  7.402088e+01
  2.301252e+00,  7.177332e+01
  7.108556e-01,  7.334282e+01
  9.548148e-01,  2.391683e+02
  2.506991e+00,  2.390114e+02
  3.804133e+00,  2.361395e+02
  4.726957e+00,  2.322720e+02
  5.210027e+00,  2.272864e+02
  5.254621e+00,  2.206618e+02
  4.939915e+00,  2.114766e+02
  4.432969e+00,  1.983746e+02
  3.985962e+00,  1.802436e+02
  3.855638e+00,  1.586402e+02
  4.101378e+00,  1.386495e+02
  4.525474e+00,  1.237683e+02
  4.873556e+00,  1.137788e+02
  4.973716e+00,  1.073398e+02
  4.750621e+00,  1.034470e+02
  4.207126e+00,  1.016204e+02
  3.405158e+00,  1.018997e+02
  2.448356e+00,  1.051386e+02
  1.470739e+00,  1.146908e+02
  6.823334e-01,  1.474479e+02
  6.503501e-01,  2.234205e+02
  1.075059e+00,  2.555348e+02
  1.387082e+00,  2.722467e+02
  1.568734e+00,  2.882053e+02
  1.719662e+00,  3.058355e+02
  1.937139e+00,  3.231318e+02
  2.225655e+00,  3.369534e+02
  2.496656e+00,  3.461514e+02
  2.636591e+00,  3.511716e+02
  2.557768e+00,  3.525100e+02
  2.222567e+00,  3.497324e+02
  1.666326e+00,  3.398030e+02
  1.089528e+00,  3.106228e+02
  1.129194e+00,  2.546750e+02
  1.870979e+00,  2.236748e+02
  2.705274e+00,  2.104551e+02
  3.362358e+00,  2.023408e+02
  3.710864e+00,  1.954675e+02
  3.686357e+00,  1.880145e+02
  3.294207e+00,  1.781087e+02
  2.640232e+00,  1.621454e+02
  2.033579e+00,  1.325162e+02
  2.078592e+00,  8.958743e+01
  2.881376e+00,  5.841038e+01
  3.894364e+00,  4.091694e+01
  4.753045e+00,  2.923588e+01
  5.276662e+00,  1.948523e+01
  5.386935e+00,  9.635132e+00
  5.099138e+00,  3.579792e+02
  4.542812e+00,  3.423478e+02
  4.001168e+00,  3.201499e+02
  3.883086e+00,  2.918299e+02
  4.393044e+00,  2.649026e+02
  5.277227e+00,  2.448885e+02
  6.152582e+00,  2.305818e+02
  6.748104e+00,  2.194385e+02
  6.914358e+00,  2.096117e+02
  6.603401e+00,  1.997037e+02
  5.863251e+00,  1.882226e+02
  4.849010e+00,  1.728981e+02
  3.864401e+00,  1.500129e+02
  3.391182e+00,  1.174385e+02
  3.729269e+00,  8.452862e+01
  4.532418e+00,  6.080856e+01
  5.322229e+00,  4.418415e+01
  5.841625e+00,  3.076725e+01
  6.008386e+00,  1.803873e+01
  5.865996e+00,  4.244767e+00
  5.565151e+00,  3.480283e+02
  5.333888e+00,  3.288990e+02
  5.380910e+00,  3.083247e+02
  5.748600e+00,  2.893018e+02
  6.284595e+00,  2.737871e+02
  6.769592e+00,  2.617671e+02
  7.027762e+00,  2.523557e+02
  6.960145e+00,  2.446240e+02
  6.542272e+00,  2.377739e+02
  5.813031e+00,  2.310319e+02
  4.862728e+00,  2.234130e+02
  3.825137e+00,  2.132993e+02
  2.882386e+00,  1.978400e+02
  2.278515e+00,  1.740131e+02
  2.206185e+00,  1.466511e+02
  2.529399e+00,  1.271396e+02
  2.962781e+00,  1.168701e+02
  3.350881e+00,  1.121850e+02
  3.641629e+00,  1.102908e+02
  3.820146e+00,  1.093925e+02
  3.878544e+00,  1.081851e+02
  3.811274e+00,  1.055708e+02
  3.626504e+00,  1.004765e+02
  3.365774e+00,  9.174309e+01
  3.121459e+00,  7.836999e+01
  3.025085e+00,  6.070522e+01
  3.166311e+00,  4.170553e+01
  3.499345e+00,  2.493130e+01
  3.873062e+00,  1.153121e+01
  4.126130e+00,  7.170942e-01
  4.137870e+00,  3.512318e+02
  3.842222e+00,  3.417632e+02
  3.235420e+00,  3.305237e+02
  2.398950e+00,  3.136044e+02
  1.616439e+00,  2.797202e+02
  1.643138e+00,  2.240368e+02
  2.571197e+00,  1.888990e+02
  3.683104e+00,  1.707488e+02
  4.657053e+00,  1.579645e+02
  5.366299e+00,  1.465039e+02
  5.775278e+00,  1.345868e+02
  5.928819e+00,  1.211007e+02
  5.949726e+00,  1.053462e+02
  6.011682e+00,  8.738596e+01
  6.262979e+00,  6.844586e+01
  6.732317e+00,  5.036509e+01
  7.311000e+00,  3.430105e+01
  7.826002e+00,  2.027629e+01
  8.119758e+00,  7.648409e+00
  8.093065e+00,  3.555565e+02
  7.722092e+00,  3.430465e+02
  7.065935e+00,  3.290063e+02
  6.272446e+00,  3.121040e+02
  5.575280e+00,  2.911640e+02
  5.231663e+00,  2.666622e+02
  5.352993e+00,  2.419209e+02
  5.794915e+00,  2.203145e+02
  6.299114e+00,  2.023634e+02
  6.666484e+00,  1.868540e+02
  6.805655e+00,  1.723755e+02
  6.722339e+00,  1.577704e+02
  6.497188e+00,  1.422130e+02
  6.253327e+00,  1.253812e+02
  6.103946e+00,  1.077195e+02
  6.090630e+00,  9.036464e+01
  6.157670e+00,  7.446192e+01
  6.188917e+00,  6.050415e+01
  6.069414e+00,  4.829994e+01
  5.726548e+00,  3.726969e+01
  5.143994e+00,  2.662582e+01
  4.360818e+00,  1.530868e+01
  3.467883e+00,  1.633503e+00
  2.613428e+00,  3.426049e+02
  2.021706e+00,  3.143737e+02
  1.907495e+00,  2.804646e+02
  2.167797e+00,  2.537164e+02
  2.500779e+00,  2.365447e+02
  2.730293e+00,  2.249820e+02
  2.805371e+00,  2.160866e+02
  2.740747e+00,  2.081071e+02
  2.586474e+00,  1.997929e+02
  2.412672e+00,  1.901347e+02
  2.298051e+00,  1.786226e+02
  2.312142e+00,  1.658737e+02
  2.488728e+00,  1.535882e+02
  2.812615e+00,  1.431736e+02
  3.234833e+00,  1.347854e+02
  3.694461e+00,  1.277515e+02
  4.131140e+00,  1.212386e+02
  4.492987e+00,  1.145263e+02
  4.744980e+00,  1.070297e+02
  4.877508e+00,  9.826462e+01
  4.911959e+00,  8.785735e+01
  4.898458e+00,  7.565057e+01
  4.899791e+00,  6.188934e+01
  4.960620e+00,  4.730854e+01
  5.076912e+00,  3.287678e+01
  5.190276e+00,  1.930577e+01
  5.212196e+00,  6.765869e+00
  5.058196e+00,  3.549333e+02
  4.674291e+00,  3.431026e+02
  4.053696e+00,  3.300930e+02
  3.253499e+00,  3.136740e+02
  2.437781e+00,  2.890692e+02
  1.982374e+00,  2.498117e+02
  2.287919e+00,  2.073531e+02
  3.093787e+00,  1.789742e+02
  3.978922e+00,  1.600723e+02
  4.749068e+00,  1.450060e+02
  5.338339e+00,  1.311610e+02
  5.750159e+00,  1.173358e+02
  6.030152e+00,  1.030297e+02
  6.238872e+00,  8.823285e+01
  6.419729e+00,  7.330128e+01
  6.573506e+00,  5.873199e+01
  6.654585e+00,  4.488033e+01
  6.590827e+00,  3.177883e+01
  6.314373e+00,  1.909755e+01
  5.790430e+00,  6.129041e+00
  5.040721e+00,  3.516433e+02
  4.168930e+00,  3.334997e+02
  3.401801e+00,  3.084494e+02
  3.094946e+00,  2.756466e+02
  3.438471e+00,  2.437759e+02
  4.167899e+00,  2.203338e+02
  4.926286e+00,  2.036664e+02
  5.500571e+00,  1.906121e+02
  5.794950e+00,  1.791313e+02
  5.793932e+00,  1.679274e+02
  5.544260e+00,  1.560379e+02
  5.141100e+00,  1.426808e+02
  4.707837e+00,  1.273838e+02
  4.359263e+00,  1.103942e+02
  4.149869e+00,  9.294525e+01
  4.043751e+00,  7.663984e+01
  3.944991e+00,  6.236017e+01
  3.760156e+00,  4.993247e+01
  3.440385e+00,  3.844092e+01
  2.995363e+00,  2.640068e+01
  2.498292e+00,  1.156818e+01
  2.095969e+00,  3.511918e+02
  1.985226e+00,  3.258837e+02
  2.244839e+00,  3.037389e+02
  2.745941e+00,  2.901122e+02
  3.339954e+00,  2.833589e+02
  3.948490e+00,  2.807111e+02
  4.535421e+00,  2.802221e+02
  5.074441e+00,  2.806047e+02
  5.532829e+00,  2.809814e+02
  5.869868e+00,  2.807408e+02
  6.045810e+00,  2.794326e+02
  6.036000e+00,  2.766728e+02
  5.845496e+00,  2.720672e+02
  5.520301e+00,  2.651950e+02
  5.146184e+00,  2.557352e+02
  4.829412e+00,  2.438361e+02
  4.650280e+00,  2.305662e+02
  4.608235e+00,  2.177412e+02
  4.613220e+00,  2.069276e+02
  4.537512e+00,  1.988051e+02
  4.275555e+00,  1.934778e+02
  3.776817e+00,  1.911182e+02
  3.059392e+00,  1.926981e+02
  2.229021e+00,  2.015117e+02
  1.559182e+00,  2.261959e+02
  1.540953e+00,  2.655594e+02
  2.092140e+00,  2.892735e+02
  2.670556e+00,  2.979717e+02
  3.008986e+00,  2.998925e+02
  3.008393e+00,  2.978267e+02
  2.661069e+00,  2.916920e+02
  2.054773e+00,  2.783164e+02
  1.472707e+00,  2.477086e+02
  1.549883e+00,  1.993094e+02
  2.325567e+00,  1.690855e+02
  3.216996e+00,  1.541611e+02
  3.920444e+00,  1.445601e+02
  4.293917e+00,  1.364109e+02
  4.282817e+00,  1.276851e+02
  3.919525e+00,  1.163639e+02
  3.357738e+00,  9.934111e+01
  2.942464e+00,  7.296110e+01
  3.126606e+00,  4.132319e+01
  3.938126e+00,  1.690614e+01
  4.984161e+00,  1.725980e+00
  5.927889e+00,  3.520332e+02
  6.566693e+00,  3.451904e+02
  6.790950e+00,  3.397717e+02
  6.563861e+00,  3.348944e+02
  5.913349e+00,  3.297877e+02
  4.927296e+00,  3.233985e+02
  3.755047e+00,  3.136621e+02
  2.637903e+00,  2.957959e+02
  2.001190e+00,  2.628316e+02
  2.195474e+00,  2.274506e+02
  2.799779e+00,  2.082882e+02
  3.337603e+00,  2.001297e+02
  3.636259e+00,  1.974565e+02
  3.666866e+00,  1.980058e+02
  3.465277e+00,  2.008223e+02
  3.095702e+00,  2.053028e+02
  2.622697e+00,  2.106470e+02
  2.088664e+00,  2.152899e+02
  1.511145e+00,  2.156754e+02
  9.512546e-01,  2.005759e+02
  8.528178e-01,  1.496861e+02
  1.582327e+00,  1.194988e+02
  2.640015e+00,  1.123959e+02
  3.792931e+00,  1.112943e+02
  4.912249e+00,  1.119382e+02
  5.880593e+00,  1.131166e+02
  6.591602e+00,  1.144156e+02
  6.962001e+00,  1.156729e+02
  6.943336e+00,  1.168063e+02
  6.529607e+00,  1.177360e+02
  5.759264e+00,  1.183199e+02
  4.711505e+00,  1.182349e+02
  3.498876e+00,  1.166460e+02
  2.263671e+00,  1.109675e+02
  1.220318e+00,  9.092774e+01
  9.060083e-01,  3.636447e+01
  1.375081e+00,  5.227236e+00
  1.841294e+00,  2.174893e-01
  2.109437e+00,  4.472951e+00
  2.200194e+00,  1.427075e+01
  2.198581e+00,  2.867642e+01
  2.202015e+00,  4.655062e+01
  2.264265e+00,  6.578836e+01
  2.367417e+00,  8.458896e+01
  2.461071e+00,  1.026999e+02
  2.520282e+00,  1.210459e+02
  2.576496e+00,  1.405875e+02
  2.705169e+00,  1.610898e+02
  2.964195e+00,  1.806604e+02
  3.329047e+00,  1.972126e+02
  3.696684e+00,  2.100403e+02
  3.937328e+00,  2.195507e+02
  3.936145e+00,  2.263801e+02
  3.614580e+00,  2.308890e+02
  2.941842e+00,  2.327520e+02
  1.948679e+00,  2.293009e+02
  8.478008e-01,  1.988903e+02
  1.236703e+00,  1.097812e+02
  2.709386e+00,  9.319011e+01
  4.204001e+00,  9.018558e+01
  5.517342e+00,  9.004318e+01
  6.523382e+00,  9.089687e+01
  7.136890e+00,  9.218268e+01
  7.316549e+00,  9.365071e+01
  7.067136e+00,  9.511599e+01
  6.436865e+00,  9.633470e+01
  5.510649e+00,  9.685668e+01
  4.403216e+00,  9.570195e+01
  3.262988e+00,  9.049539e+01
  2.316859e+00,  7.579289e+01
  1.959284e+00,  4.735061e+01
  2.386563e+00,  2.280832e+01
  3.204482e+00,  1.322250e+01
  4.097485e+00,  1.201573e+01
  4.937702e+00,  1.441356e+01
  5.649701e+00,  1.823133e+01
  6.161165e+00,  2.241361e+01
  6.396487e+00,  2.640528e+01
  6.286368e+00,  2.986854e+01
  5.782251e+00,  3.249242e+01
  4.870341e+00,  3.373499e+01
  3.586246e+00,  3.206301e+01
  2.061978e+00,  2.066000e+01
  1.109091e+00,  3.171309e+02
  2.444879e+00,  2.647776e+02
  4.321642e+00,  2.551976e+02
  6.103218e+00,  2.530137e+02
  7.602592e+00,  2.528646e+02
  8.697593e+00,  2.533833e+02
  9.308305e+00,  2.539949e+02
  9.399052e+00,  2.543041e+02
  8.982044e+00,  2.538744e+02
  8.122084e+00,  2.520418e+02
  6.948190e+00,  2.476117e+02
  5.679712e+00,  2.384098e+02
  4.686218e+00,  2.214409e+02
  4.455389e+00,  1.976926e+02
  5.124688e+00,  1.769284e+02
  6.272320e+00,  1.645028e+02
  7.449434e+00,  1.581516e+02
  8.381521e+00,  1.551452e+02
  8.910071e+00,  1.538617e+02
  8.948161e+00,  1.533551e+02
  8.465232e+00,  1.529513e+02
  7.484319e+00,  1.519480e+02
  6.086225e+00,  1.491873e+02
  4.431780e+00,  1.418826e+02
  2.879688e+00,  1.215668e+02
  2.395288e+00,  7.657566e+01
  3.488007e+00,  4.338339e+01
  5.022129e+00,  3.189858e+01
  6.389223e+00,  2.879871e+01
  7.384015e+00,  2.934409e+01
  7.932584e+00,  3.204325e+01
  8.037301e+00,  3.642185e+01
  7.759416e+00,  4.239248e+01
  7.202726e+00,  5.001374e+01
  6.490788e+00,  5.931548e+01
  5.736258e+00,  7.008447e+01
  5.003894e+00,  8.169059e+01
  4.290021e+00,  9.311524e+01
  3.536794e+00,  1.032009e+02
  2.676680e+00,  1.106795e+02
  1.683215e+00,  1.126709e+02
  6.808037e-01,  8.822361e+01
  9.539444e-01,  3.582040e+02
  2.064544e+00,  3.457071e+02
  3.080189e+00,  3.465976e+02
  3.827869e+00,  3.505828e+02
  4.207152e+00,  3.564378e+02
  4.176907e+00,  4.616570e+00
  3.783459e+00,  1.684146e+01
  3.225109e+00,  3.676267e+01
  2.962359e+00,  6.777530e+01
  3.500364e+00,  1.006724e+02
  4.705872e+00,  1.230314e+02
  6.125472e+00,  1.366422e+02
  7.436450e+00,  1.456303e+02
  8.437186e+00,  1.522025e+02
  9.004445e+00,  1.574065e+02
  9.079581e+00,  1.617416e+02
  8.662988e+00,  1.654069e+02
  7.807810e+00,  1.683600e+02
  6.611671e+00,  1.702190e+02
  5.207537e+00,  1.699265e+02
  3.773271e+00,  1.647217e+02
  2.612253e+00,  1.478012e+02
  2.297683e+00,  1.151566e+02
  2.991250e+00,  9.079529e+01
  4.057384e+00,  8.238535e+01
  5.096468e+00,  8.150059e+01
  5.938610e+00,  8.375502e+01
  6.476288e+00,  8.737228e+01
  6.621376e+00,  9.160468e+01
  6.304482e+00,  9.620021e+01
  5.487108e+00,  1.012987e+02
  4.177749e+00,  1.077683e+02
  2.461588e+00,  1.197530e+02
  8.979995e-01,  1.810486e+02
  2.339462e+00,  2.618918e+02
  4.591998e+00,  2.752002e+02
  6.712018e+00,  2.806830e+02
  8.459576e+00,  2.839551e+02
  9.660809e+00,  2.861510e+02
  1.019919e+01,  2.875913e+02
  1.002700e+01,  2.883027e+02
  9.173051e+00,  2.880833e+02
  7.745851e+00,  2.863586e+02
  5.939483e+00,  2.816449e+02
  4.064689e+00,  2.697721e+02
  2.728755e+00,  2.403210e+02
  2.831457e+00,  1.988697e+02
  3.877435e+00,  1.776794e+02
  4.883277e+00,  1.710795e+02
  5.511394e+00,  1.710395e+02
  5.706540e+00,  1.749653e+02
  5.539864e+00,  1.822145e+02
  5.154335e+00,  1.927363e+02
  4.711821e+00,  2.062978e+02
  4.319377e+00,  2.218800e+02
  3.965641e+00,  2.378838e+02
  3.535265e+00,  2.534057e+02
  2.902778e+00,  2.696012e+02
  2.053960e+00,  2.922677e+02
  1.403756e+00,  3.413863e+02
  2.088325e+00,  3.951644e+01
  3.640938e+00,  6.344753e+01
  5.329438e+00,  7.458435e+01
  6.850175e+00,  8.127650e+01
  7.999758e+00,  8.590879e+01
  8.631620e+00,  8.937035e+01
  8.662073e+00,  9.204262e+01
  8.079225e+00,  9.405404e+01
  6.947141e+00,  9.529820e+01
  5.397376e+00,  9.520929e+01
  3.622511e+00,  9.174345e+01
  1.927122e+00,  7.551854e+01
  1.289295e+00,  1.423759e+01
  2.302269e+00,  3.383548e+02
  3.437141e+00,  3.339495e+02
  4.333211e+00,  3.382073e+02
  5.014703e+00,  3.465340e+02
  5.591298e+00,  3.571189e+02
  6.158810e+00,  8.359506e+00
  6.725003e+00,  1.876710e+01
  7.194510e+00,  2.738761e+01
  7.414321e+00,  3.386339e+01
  7.236239e+00,  3.811366e+01
  6.565667e+00,  3.991801e+01
  5.396201e+00,  3.831884e+01
  3.857851e+00,  2.983246e+01
  2.437817e+00,  1.473270e+00
  2.566822e+00,  3.076009e+02
  4.216422e+00,  2.807876e+02
  6.025397e+00,  2.714317e+02
  7.464983e+00,  2.675477e+02
  8.293263e+00,  2.658040e+02
  8.385839e+00,  2.651121e+02
  7.715401e+00,  2.650950e+02
  6.345904e+00,  2.657280e+02
  4.423639e+00,  2.674847e+02
  2.167774e+00,  2.734378e+02
  4.935256e-01,  2.334483e+01
  2.514403e+00,  7.303865e+01
  4.331651e+00,  7.747789e+01
  5.575554e+00,  7.912472e+01
  6.115469e+00,  7.992245e+01
  5.908014e+00,  8.017117e+01
  4.996138e+00,  7.966059e+01
  3.504774e+00,  7.723975e+01
  1.656177e+00,  6.559610e+01
  8.971012e-01,  3.181321e+02
  2.778696e+00,  2.858103e+02
  4.604345e+00,  2.821365e+02
  6.047263e+00,  2.824011e+02
  6.986158e+00,  2.843016e+02
  7.380758e+00,  2.873882e+02
  7.263402e+00,  2.916376e+02
  6.726670e+00,  2.971859e+02
  5.901724e+00,  3.042265e+02
  4.928241e+00,  3.129024e+02
  3.919789e+00,  3.231457e+02
  2.933573e+00,  3.345094e+02
  1.960191e+00,  3.461773e+02
  9.517347e-01,  3.574378e+02
  1.294275e-01,  1.812390e+02
  1.269695e+00,  1.941941e+02
  2.400975e+00,  2.015846e+02
  3.410545e+00,  2.079888e+02
  4.170233e+00,  2.139700e+02
  4.566282e+00,  2.201310e+02
  4.529888e+00,  2.273722e+02
  4.071465e+00,  2.373910e+02
  3.340243e+00,  2.538789e+02
  2.765813e+00,  2.830946e+02
  3.034035e+00,  3.199785e+02
  4.137098e+00,  3.448723e+02
  5.465378e+00,  3.579410e+02
  6.591889e+00,  5.061938e+00
  7.270483e+00,  9.133745e+00
  7.363795e+00,  1.137858e+01
  6.825612e+00,  1.227821e+01
  5.696593e+00,  1.185620e+01
  4.098556e+00,  9.457200e+00
  2.232277e+00,  1.537106e+00
  6.433829e-01,  3.013649e+02
  1.768370e+00,  2.155573e+02
  3.153103e+00,  2.036232e+02
  4.018633e+00,  1.969251e+02
  4.244430e+00,  1.895481e+02
  3.860537e+00,  1.780955e+02
  3.150362e+00,  1.562140e+02
  2.948397e+00,  1.172713e+02
  4.083449e+00,  8.181077e+01
  6.024414e+00,  6.323200e+01
  8.072046e+00,  5.335731e+01
  9.814328e+00,  4.719368e+01
  1.098235e+01,  4.272177e+01
  1.140710e+01,  3.900577e+01
  1.101700e+01,  3.548159e+01
  9.839077e+00,  3.163854e+01
  7.995471e+00,  2.671114e+01
  5.700586e+00,  1.888272e+01
  3.308047e+00,  1.490628e+00
  1.859625e+00,  3.057231e+02
  2.982019e+00,  2.491759e+02
  4.666743e+00,  2.309636e+02
  5.909803e+00,  2.219003e+02
  6.513702e+00,  2.149267e+02
  6.467997e+00,  2.076506e+02
  5.888557e+00,  1.982214e+02
  5.029157e+00,  1.841474e+02
  4.320259e+00,  1.626139e+02
  4.270272e+00,  1.358608e+02
  4.960758e+00,  1.137017e+02
  5.965961e+00,  1.001037e+02
  6.882104e+00,  9.268821e+01
  7.490676e+00,  8.906429e+01
  7.706802e+00,  8.788948e+01
  7.531743e+00,  8.844589e+01
  7.020560e+00,  9.029256e+01
  6.254745e+00,  9.305167e+01
  5.318176e+00,  9.624346e+01
  4.280413e+00,  9.908898e+01
  3.194152e+00,  1.000835e+02
  2.118930e+00,  9.542652e+01
  1.236141e+00,  7.197443e+01
  1.191575e+00,  1.878373e+01
  1.954435e+00,  3.529936e+02
  2.782604e+00,  3.459719e+02
  3.410850e+00,  3.444015e+02
  3.716523e+00,  3.449399e+02
  3.629275e+00,  3.468667e+02
  3.131044e+00,  3.507450e+02
  2.277655e+00,  3.595601e+02
  1.320109e+00,  2.760818e+01
  1.358937e+00,  9.480679e+01
  2.594364e+00,  1.232265e+02
  3.968509e+00,  1.306601e+02
  5.143048e+00,  1.320751e+02
  5.959324e+00,  1.305333e+02
  6.336304e+00,  1.266566e+02
  6.272889e+00,  1.201961e+02
  5.862948e+00,  1.103091e+02
  5.311029e+00,  9.575632e+01
  4.918265e+00,  7.602224e+01
  4.943867e+00,  5.369109e+01
  5.367489e+00,  3.355289e+01
  5.904277e+00,  1.770424e+01
  6.243890e+00,  5.204725e+00
  6.177204e+00,  3.543148e+02
  5.616088e+00,  3.431462e+02
  4.605951e+00,  3.288862e+02
  3.409242e+00,  3.052428e+02
  2.812382e+00,  2.623203e+02
  3.717976e+00,  2.196054e+02
  5.482266e+00,  1.964720e+02
  7.329818e+00,  1.831246e+02
  8.903475e+00,  1.735417e+02
  1.001904e+01,  1.653708e+02
  1.059253e+01,  1.574852e+02
  1.062615e+01,  1.491615e+02
  1.020232e+01,  1.397974e+02
  9.472824e+00,  1.288422e+02
  8.632824e+00,  1.158966e+02
  7.873863e+00,  1.010192e+02
  7.313530e+00,  8.505953e+01
  6.936537e+00,  6.946480e+01
  6.609460e+00,  5.544322e+01
  6.164999e+00,  4.338204e+01
  5.480187e+00,  3.296158e+01
  4.508359e+00,  2.341677e+01
  3.279024e+00,  1.331849e+01
  1.896853e+00,  3.581617e+02
  7.445773e-01,  3.037396e+02
  1.420389e+00,  2.199073e+02
  2.639555e+00,  2.012206e+02
  3.662731e+00,  1.924712e+02
  4.379897e+00,  1.861665e+02
  4.759925e+00,  1.806180e+02
  4.819418e+00,  1.750912e+02
  4.614241e+00,  1.690501e+02
  4.230649e+00,  1.619560e+02
  3.774300e+00,  1.532508e+02
  3.355708e+00,  1.425766e+02
  3.067607e+00,  1.303134e+02
  2.954301e+00,  1.179604e+02
  2.996420e+00,  1.073741e+02
  3.134734e+00,  9.942660e+01
  3.306605e+00,  9.377922e+01
  3.460728e+00,  8.950638e+01
  3.555565e+00,  8.559911e+01
  3.557656e+00,  8.113298e+01
  3.446115e+00,  7.522534e+01
  3.222681e+00,  6.688317e+01
  2.925778e+00,  5.483454e+01
  2.645845e+00,  3.768040e+01
  2.521852e+00,  1.531618e+01
  2.665942e+00,  3.511430e+02
  3.054868e+00,  3.297628e+02
  3.560607e+00,  3.124658e+02
  4.055043e+00,  2.981159e+02
  4.451261e+00,  2.853138e+02
  4.703453e+00,  2.730176e+02
  4.799730e+00,  2.605045e+02
  4.754399e+00,  2.472626e+02
  4.599235e+00,  2.329270e+02
  4.373843e+00,  2.172533e+02
  4.116736e+00,  2.001005e+02
  3.859847e+00,  1.813974e+02
  3.628962e+00,  1.610921e+02
  3.449955e+00,  1.391477e+02
  3.355817e+00,  1.156865e+02
  3.384833e+00,  9.128087e+01
  3.564494e+00,  6.703981e+01
  3.893274e+00,  4.416011e+01
  4.338764e+00,  2.332642e+01
  4.851959e+00,  4.595028e+00
  5.382177e+00,  3.476751e+02
  5.884227e+00,  3.322055e+02
  6.319052e+00,  3.178848e+02
  6.651389e+00,  3.044973e+02
  6.847234e+00,  2.918934e+02
  6.872973e+00,  2.799528e+02
  6.697248e+00,  2.685461e+02
  6.295618e+00,  2.574901e+02
  5.657206e+00,  2.464837e+02
  4.792241e+00,  2.349707e+02
  3.740907e+00,  2.217489e+02
  2.593007e+00,  2.035529e+02
  1.585627e+00,  1.693281e+02
  1.434224e+00,  1.073255e+02
  2.274262e+00,  6.687577e+01
  3.300846e+00,  4.668390e+01
  4.221779e+00,  3.275989e+01
  4.957907e+00,  2.090155e+01
  5.497795e+00,  9.648472e+00
  5.868421e+00,  3.584185e+02
  6.119099e+00,  3.470689e+02
  6.302523e+00,  3.357818e+02
  6.454924e+00,  3.249779e+02
  6.583542e+00,  3.151719e+02
  6.668349e+00,  3.068135e+02
  6.676505e+00,  3.001985e+02
  6.580746e+00,  2.954705e+02
  6.373100e+00,  2.926611e+02
  6.069549e+00,  2.917082e+02
  5.704808e+00,  2.924195e+02
  5.318579e+00,  2.943953e+02
  4.938009e+00,  2.969668e+02
  4.565505e+00,  2.992332e+02
  4.181446e+00,  3.001928e+02
  3.762814e+00,  2.988406e+02
  3.308524e+00,  2.941220e+02
  2.860142e+00,  2.848708e+02
  2.505461e+00,  2.703116e+02
  2.336406e+00,  2.518014e+02
  2.352663e+00,  2.334637e+02
  2.429417e+00,  2.184958e+02
  2.408253e+00,  2.069752e+02
  2.174420e+00,  1.974046e+02
  1.676832e+00,  1.873858e+02
  9.447042e-01,  1.691700e+02
  4.993964e-01,  8.186165e+01
  1.424331e+00,  2.974324e+01
  2.574507e+00,  1.803047e+01
  3.651810e+00,  1.204231e+01
  4.520361e+00,  7.804055e+00
  5.076749e+00,  4.277588e+00
  5.254159e+00,  1.015382e+00
  5.030751e+00,  3.577129e+02
  4.434125e+00,  3.540291e+02
  3.540464e+00,  3.493701e+02
  2.470051e+00,  3.422613e+02
  1.392154e+00,  3.273456e+02
  6.630785e-01,  2.777950e+02
  9.004480e-01,  2.132386e+02
  1.280484e+00,  1.934076e+02
  1.324813e+00,  1.847673e+02
  9.641839e-01,  1.786401e+02
  2.296610e-01,  1.638966e+02
  8.125763e-01,  3.589880e+02
  2.008319e+00,  3.536593e+02
  3.209632e+00,  3.501188e+02
  4.197120e+00,  3.465595e+02
  4.071492e+00,  3.400353e+02
##END=
