##TITLE= E:\桌面\nmr\ogm\sjd\matlabcod\1\1_16_xjhsjd
##JCAMP-DX= 5.00 Bruker JCAMP library
##DATA TYPE= Shape Data
##ORIGIN= Colm's GRAPE Pulses 
##OWNER= Dawei.Lu
##DATE= 02-Aug-2025
##TIME= 11:22
##MINX= 1.994272e-01
##MAXX= 1.143919e+01
##MINY= 9.204414e-02
##MAXY= 3.599218e+02
##$SHAPE_EXMODE= None
##$SHAPE_TOTROT= 9.000000e+01
##$SHAPE_BWFAC= 1.000000e+00
##$SHAPE_INTEGFAC= 1.000000e+00
##$SHAPE_MODE= 1
##PULSE_WIDTH= 5000
##Calibration_Power= 12500
##NPOINTS= 1000
##XYPOINTS= (XY..XY)
  2.069202e+00,  2.470301e+02
  4.183381e+00,  2.134892e+02
  6.932204e+00,  1.972563e+02
  7.301826e+00,  1.869519e+02
  7.087575e+00,  1.761012e+02
  6.557318e+00,  1.636805e+02
  5.865040e+00,  1.486169e+02
  5.202319e+00,  1.299537e+02
  4.768040e+00,  1.078712e+02
  4.654908e+00,  8.466575e+01
  4.766956e+00,  6.317259e+01
  4.905662e+00,  4.422052e+01
  4.913388e+00,  2.675594e+01
  4.740218e+00,  9.008778e+00
  4.458508e+00,  3.491082e+02
  4.252744e+00,  3.259152e+02
  4.335934e+00,  3.007990e+02
  4.770027e+00,  2.775517e+02
  5.399531e+00,  2.585407e+02
  5.990207e+00,  2.433652e+02
  6.351817e+00,  2.306020e+02
  6.374532e+00,  2.188399e+02
  6.034789e+00,  2.067248e+02
  5.401677e+00,  1.926595e+02
  4.653800e+00,  1.745216e+02
  4.093144e+00,  1.504729e+02
  4.036924e+00,  1.228277e+02
  4.501384e+00,  9.860516e+01
  5.173925e+00,  8.094411e+01
  5.733485e+00,  6.832419e+01
  5.982843e+00,  5.869650e+01
  5.834444e+00,  5.061436e+01
  5.285301e+00,  4.300214e+01
  4.401020e+00,  3.472173e+01
  3.307542e+00,  2.383708e+01
  2.203760e+00,  5.599109e+00
  1.453856e+00,  3.289528e+02
  1.503409e+00,  2.819141e+02
  1.955055e+00,  2.552239e+02
  2.264866e+00,  2.410475e+02
  2.264647e+00,  2.306350e+02
  1.951448e+00,  2.191137e+02
  1.445862e+00,  1.992939e+02
  1.142409e+00,  1.573467e+02
  1.593286e+00,  1.147936e+02
  2.483890e+00,  9.683628e+01
  3.430335e+00,  9.026055e+01
  4.281824e+00,  8.843611e+01
  4.972119e+00,  8.908639e+01
  5.476069e+00,  9.119274e+01
  5.790971e+00,  9.409682e+01
  5.921382e+00,  9.721129e+01
  5.868769e+00,  9.991588e+01
  5.626871e+00,  1.015140e+02
  5.191226e+00,  1.011460e+02
  4.582988e+00,  9.755749e+01
  3.889001e+00,  8.867853e+01
  3.321923e+00,  7.172849e+01
  3.220355e+00,  4.742844e+01
  3.738142e+00,  2.483596e+01
  4.618580e+00,  9.738471e+00
  5.520312e+00,  3.644254e-01
  6.204079e+00,  3.540702e+02
  6.521866e+00,  3.491827e+02
  6.398381e+00,  3.446159e+02
  5.828067e+00,  3.393792e+02
  4.881389e+00,  3.320158e+02
  3.729316e+00,  3.194827e+02
  2.732266e+00,  2.952614e+02
  2.520599e+00,  2.577738e+02
  3.210429e+00,  2.292504e+02
  4.137604e+00,  2.155855e+02
  4.861878e+00,  2.097863e+02
  5.207641e+00,  2.083130e+02
  5.133952e+00,  2.101038e+02
  4.697799e+00,  2.153874e+02
  4.050818e+00,  2.254077e+02
  3.443962e+00,  2.419332e+02
  3.167202e+00,  2.641312e+02
  3.304827e+00,  2.853137e+02
  3.609344e+00,  3.000776e+02
  3.768729e+00,  3.086779e+02
  3.588839e+00,  3.126141e+02
  3.002479e+00,  3.119728e+02
  2.073489e+00,  3.028674e+02
  1.213866e+00,  2.640231e+02
  1.745511e+00,  2.027504e+02
  3.164047e+00,  1.834859e+02
  4.600290e+00,  1.775337e+02
  5.777504e+00,  1.753872e+02
  6.539522e+00,  1.747998e+02
  6.794705e+00,  1.750481e+02
  6.513129e+00,  1.758645e+02
  5.725594e+00,  1.771725e+02
  4.517810e+00,  1.790358e+02
  3.019266e+00,  1.817917e+02
  1.389030e+00,  1.873597e+02
  2.698176e-01,  3.297778e+02
  1.651261e+00,  1.801084e+00
  2.761998e+00,  7.945512e+00
  3.489127e+00,  1.368336e+01
  3.806842e+00,  2.046236e+01
  3.747040e+00,  2.921409e+01
  3.400478e+00,  4.121260e+01
  2.920282e+00,  5.842121e+01
  2.525918e+00,  8.286375e+01
  2.444569e+00,  1.127130e+02
  2.718372e+00,  1.406185e+02
  3.176135e+00,  1.627369e+02
  3.646510e+00,  1.804630e+02
  4.042115e+00,  1.957791e+02
  4.332446e+00,  2.098103e+02
  4.506505e+00,  2.229783e+02
  4.545981e+00,  2.353295e+02
  4.414060e+00,  2.468209e+02
  4.061298e+00,  2.575406e+02
  3.443277e+00,  2.679139e+02
  2.542434e+00,  2.792667e+02
  1.402783e+00,  2.976782e+02
  6.150964e-01,  2.380204e+01
  1.828280e+00,  8.539687e+01
  3.373143e+00,  9.939963e+01
  4.839049e+00,  1.074051e+02
  6.074852e+00,  1.136060e+02
  6.963117e+00,  1.190471e+02
  7.419671e+00,  1.241570e+02
  7.400935e+00,  1.291836e+02
  6.907733e+00,  1.343133e+02
  5.984069e+00,  1.397488e+02
  4.711058e+00,  1.458092e+02
  3.197108e+00,  1.532712e+02
  1.572098e+00,  1.657981e+02
  3.860862e-01,  2.677491e+02
  1.730835e+00,  3.327498e+02
  3.104307e+00,  3.450436e+02
  4.257951e+00,  3.541491e+02
  5.145398e+00,  2.596412e+00
  5.739327e+00,  1.084754e+01
  6.018581e+00,  1.898047e+01
  5.963048e+00,  2.698129e+01
  5.554452e+00,  3.485320e+01
  4.782351e+00,  4.271089e+01
  3.653437e+00,  5.100771e+01
  2.204497e+00,  6.176575e+01
  6.051910e-01,  1.018851e+02
  1.558467e+00,  2.255948e+02
  3.509352e+00,  2.397186e+02
  5.413402e+00,  2.470131e+02
  7.107811e+00,  2.526627e+02
  8.454841e+00,  2.575829e+02
  9.343167e+00,  2.620800e+02
  9.699678e+00,  2.662835e+02
  9.498462e+00,  2.702288e+02
  8.761985e+00,  2.738583e+02
  7.557471e+00,  2.769551e+02
  5.990532e+00,  2.789240e+02
  4.203854e+00,  2.779821e+02
  2.424952e+00,  2.670407e+02
  1.445573e+00,  2.169773e+02
  2.443979e+00,  1.718598e+02
  3.960964e+00,  1.635448e+02
  5.341369e+00,  1.646818e+02
  6.448541e+00,  1.690336e+02
  7.227908e+00,  1.749146e+02
  7.650057e+00,  1.816977e+02
  7.698344e+00,  1.891348e+02
  7.368391e+00,  1.972108e+02
  6.674593e+00,  2.061689e+02
  5.661588e+00,  2.166971e+02
  4.423354e+00,  2.305054e+02
  3.154496e+00,  2.520778e+02
  2.319402e+00,  2.905952e+02
  2.582471e+00,  3.372096e+02
  3.605508e+00,  6.181363e+00
  4.704402e+00,  2.302920e+01
  5.573209e+00,  3.489112e+01
  6.075861e+00,  4.463222e+01
  6.149742e+00,  5.351910e+01
  5.781680e+00,  6.231771e+01
  5.000607e+00,  7.179186e+01
  3.875862e+00,  8.331966e+01
  2.535517e+00,  1.011272e+02
  1.369609e+00,  1.451213e+02
  1.756293e+00,  2.192563e+02
  3.239746e+00,  2.489916e+02
  4.815936e+00,  2.634183e+02
  6.248610e+00,  2.735384e+02
  7.418483e+00,  2.818167e+02
  8.232273e+00,  2.890187e+02
  8.613291e+00,  2.954208e+02
  8.505269e+00,  3.011043e+02
  7.879699e+00,  3.060214e+02
  6.743662e+00,  3.099388e+02
  5.147674e+00,  3.121249e+02
  3.202576e+00,  3.096804e+02
  1.267410e+00,  2.795337e+02
  1.914827e+00,  1.886003e+02
  4.083519e+00,  1.750740e+02
  6.135439e+00,  1.741005e+02
  7.812834e+00,  1.758173e+02
  8.965308e+00,  1.785432e+02
  9.497809e+00,  1.818113e+02
  9.373110e+00,  1.854855e+02
  8.612939e+00,  1.895740e+02
  7.293891e+00,  1.942063e+02
  5.537959e+00,  1.997459e+02
  3.500823e+00,  2.074236e+02
  1.385549e+00,  2.258384e+02
  1.010428e+00,  3.576095e+02
  2.888693e+00,  2.393797e+01
  4.568364e+00,  3.378157e+01
  5.906556e+00,  4.167801e+01
  6.857152e+00,  4.917141e+01
  7.406388e+00,  5.659304e+01
  7.557352e+00,  6.395582e+01
  7.317860e+00,  7.112824e+01
  6.693702e+00,  7.788056e+01
  5.690234e+00,  8.385801e+01
  4.322782e+00,  8.834994e+01
  2.637694e+00,  8.886726e+01
  8.603357e-01,  5.986922e+01
  1.723838e+00,  3.159572e+02
  3.853923e+00,  3.082901e+02
  5.915582e+00,  3.092395e+02
  7.700602e+00,  3.117730e+02
  9.045384e+00,  3.147470e+02
  9.820151e+00,  3.178482e+02
  9.942979e+00,  3.209825e+02
  9.389908e+00,  3.241357e+02
  8.199900e+00,  3.273331e+02
  6.472591e+00,  3.306295e+02
  4.358130e+00,  3.341269e+02
  2.040210e+00,  3.381621e+02
  2.880166e-01,  1.544679e+02
  2.435884e+00,  1.644238e+02
  4.256318e+00,  1.693625e+02
  5.643393e+00,  1.746344e+02
  6.549155e+00,  1.805051e+02
  6.981235e+00,  1.870946e+02
  6.991628e+00,  1.944442e+02
  6.656122e+00,  2.024779e+02
  6.048170e+00,  2.109430e+02
  5.215333e+00,  2.193491e+02
  4.169303e+00,  2.268620e+02
  2.898826e+00,  2.317162e+02
  1.428176e+00,  2.257411e+02
  8.371436e-01,  1.301003e+02
  2.628030e+00,  1.000492e+02
  4.712059e+00,  9.898790e+01
  6.780374e+00,  1.010861e+02
  8.647933e+00,  1.037376e+02
  1.013941e+01,  1.063454e+02
  1.110483e+01,  1.087199e+02
  1.143919e+01,  1.107678e+02
  1.109743e+01,  1.123884e+02
  1.010249e+01,  1.133964e+02
  8.546498e+00,  1.133868e+02
  6.588963e+00,  1.113586e+02
  4.469519e+00,  1.043666e+02
  2.634620e+00,  8.197118e+01
  2.212088e+00,  3.100986e+01
  3.331688e+00,  8.745274e-01
  4.575110e+00,  3.527013e+02
  5.452604e+00,  3.521885e+02
  5.861537e+00,  3.553519e+02
  5.819323e+00,  1.141005e+00
  5.405596e+00,  9.469826e+00
  4.735272e+00,  2.080149e+01
  3.941963e+00,  3.621798e+01
  3.180991e+00,  5.775957e+01
  2.667474e+00,  8.794877e+01
  2.672614e+00,  1.242199e+02
  3.273768e+00,  1.558321e+02
  4.266364e+00,  1.781817e+02
  5.422375e+00,  1.935878e+02
  6.562352e+00,  2.044842e+02
  7.527699e+00,  2.122597e+02
  8.174271e+00,  2.176289e+02
  8.387392e+00,  2.208927e+02
  8.103259e+00,  2.219941e+02
  7.331917e+00,  2.203968e+02
  6.186914e+00,  2.146869e+02
  4.943644e+00,  2.018209e+02
  4.137460e+00,  1.781578e+02
  4.346246e+00,  1.497921e+02
  5.372704e+00,  1.301912e+02
  6.550025e+00,  1.199448e+02
  7.427439e+00,  1.151018e+02
  7.775490e+00,  1.134134e+02
  7.505140e+00,  1.140479e+02
  6.638590e+00,  1.171301e+02
  5.307082e+00,  1.240060e+02
  3.790202e+00,  1.389145e+02
  2.703629e+00,  1.717350e+02
  2.943157e+00,  2.148655e+02
  4.073352e+00,  2.393946e+02
  5.172263e+00,  2.512792e+02
  5.854011e+00,  2.582867e+02
  5.985683e+00,  2.634802e+02
  5.561385e+00,  2.683666e+02
  4.669935e+00,  2.742690e+02
  3.485917e+00,  2.834466e+02
  2.293659e+00,  3.016305e+02
  1.600260e+00,  3.396453e+02
  1.786731e+00,  1.945029e+01
  2.195300e+00,  3.732771e+01
  2.276348e+00,  4.238869e+01
  1.892107e+00,  3.760972e+01
  1.232776e+00,  9.958062e+00
  1.469785e+00,  3.053335e+02
  2.965024e+00,  2.784238e+02
  4.799930e+00,  2.699727e+02
  6.607858e+00,  2.662689e+02
  8.158234e+00,  2.642121e+02
  9.274191e+00,  2.628064e+02
  9.835591e+00,  2.616060e+02
  9.787750e+00,  2.603164e+02
  9.145300e+00,  2.586274e+02
  7.990412e+00,  2.560572e+02
  6.468791e+00,  2.516539e+02
  4.794917e+00,  2.432164e+02
  3.304748e+00,  2.253936e+02
  2.584647e+00,  1.918188e+02
  2.978135e+00,  1.595462e+02
  3.821527e+00,  1.439723e+02
  4.558412e+00,  1.383140e+02
  5.008819e+00,  1.374763e+02
  5.144853e+00,  1.393255e+02
  4.995766e+00,  1.428287e+02
  4.606730e+00,  1.472828e+02
  4.016118e+00,  1.520016e+02
  3.247094e+00,  1.561050e+02
  2.314894e+00,  1.579626e+02
  1.259477e+00,  1.514538e+02
  5.414579e-01,  8.015038e+01
  1.513870e+00,  2.514173e+01
  2.771430e+00,  1.845707e+01
  3.935744e+00,  1.713283e+01
  4.868753e+00,  1.674356e+01
  5.458722e+00,  1.622604e+01
  5.625151e+00,  1.508757e+01
  5.332968e+00,  1.283846e+01
  4.606057e+00,  8.596124e+00
  3.545322e+00,  1.784636e-01
  2.392141e+00,  3.409812e+02
  1.793197e+00,  2.973080e+02
  2.414793e+00,  2.547992e+02
  3.497242e+00,  2.358438e+02
  4.415388e+00,  2.265455e+02
  4.935803e+00,  2.206208e+02
  4.962156e+00,  2.158299e+02
  4.481680e+00,  2.109514e+02
  3.556443e+00,  2.045606e+02
  2.330331e+00,  1.928568e+02
  1.166580e+00,  1.566517e+02
  1.367417e+00,  8.055689e+01
  2.505612e+00,  5.438364e+01
  3.486854e+00,  4.456873e+01
  4.060624e+00,  3.862705e+01
  4.131400e+00,  3.378848e+01
  3.680790e+00,  2.881925e+01
  2.759713e+00,  2.218079e+01
  1.500823e+00,  7.883281e+00
  6.247265e-01,  2.815581e+02
  1.894530e+00,  2.228619e+02
  3.366744e+00,  2.106181e+02
  4.612927e+00,  2.030748e+02
  5.504340e+00,  1.960728e+02
  5.989337e+00,  1.882703e+02
  6.096418e+00,  1.787171e+02
  5.944194e+00,  1.664934e+02
  5.738779e+00,  1.509990e+02
  5.721172e+00,  1.329202e+02
  6.034081e+00,  1.147743e+02
  6.615000e+00,  9.919109e+01
  7.258826e+00,  8.703856e+01
  7.750418e+00,  7.783774e+01
  7.934796e+00,  7.080027e+01
  7.730582e+00,  6.527274e+01
  7.124544e+00,  6.079154e+01
  6.161090e+00,  5.703465e+01
  4.929264e+00,  5.376730e+01
  3.547684e+00,  5.079592e+01
  2.147894e+00,  4.791087e+01
  8.572093e-01,  4.461851e+01
  2.180970e-01,  2.263207e+02
  1.002940e+00,  2.200254e+02
  1.467375e+00,  2.153769e+02
  1.627322e+00,  2.090187e+02
  1.551149e+00,  1.990323e+02
  1.371942e+00,  1.823294e+02
  1.296330e+00,  1.574885e+02
  1.485618e+00,  1.330155e+02
  1.875903e+00,  1.179705e+02
  2.320859e+00,  1.112745e+02
  2.734032e+00,  1.097231e+02
  3.084154e+00,  1.112383e+02
  3.367275e+00,  1.144804e+02
  3.583533e+00,  1.184127e+02
  3.721431e+00,  1.221699e+02
  3.753852e+00,  1.250602e+02
  3.646131e+00,  1.265417e+02
  3.370986e+00,  1.260949e+02
  2.925058e+00,  1.229404e+02
  2.345071e+00,  1.154336e+02
  1.733455e+00,  9.965919e+01
  1.316995e+00,  6.882797e+01
  1.373930e+00,  2.979791e+01
  1.756565e+00,  2.936397e+00
  2.131305e+00,  3.458213e+02
  2.338946e+00,  3.315448e+02
  2.352072e+00,  3.157991e+02
  2.260449e+00,  2.951181e+02
  2.286669e+00,  2.681098e+02
  2.669131e+00,  2.401451e+02
  3.407978e+00,  2.182322e+02
  4.310100e+00,  2.026801e+02
  5.176676e+00,  1.910383e+02
  5.857284e+00,  1.813561e+02
  6.252598e+00,  1.723579e+02
  6.316904e+00,  1.630891e+02
  6.063851e+00,  1.526325e+02
  5.573850e+00,  1.399153e+02
  5.000434e+00,  1.237179e+02
  4.557864e+00,  1.033793e+02
  4.438153e+00,  8.046207e+01
  4.660219e+00,  5.869632e+01
  5.047538e+00,  4.048280e+01
  5.379768e+00,  2.555821e+01
  5.504035e+00,  1.257291e+01
  5.357185e+00,  1.067249e-01
  4.959867e+00,  3.467732e+02
  4.409831e+00,  3.310895e+02
  3.872007e+00,  3.116823e+02
  3.533954e+00,  2.886019e+02
  3.484084e+00,  2.648684e+02
  3.614654e+00,  2.441704e+02
  3.715866e+00,  2.273298e+02
  3.619396e+00,  2.129313e+02
  3.250491e+00,  1.987226e+02
  2.641886e+00,  1.811989e+02
  1.994461e+00,  1.532251e+02
  1.827389e+00,  1.090536e+02
  2.481394e+00,  7.174108e+01
  3.503099e+00,  5.129311e+01
  4.496846e+00,  3.904458e+01
  5.268132e+00,  3.025858e+01
  5.715663e+00,  2.292537e+01
  5.800710e+00,  1.597561e+01
  5.540138e+00,  8.599875e+00
  5.002909e+00,  3.599218e+02
  4.307299e+00,  3.487731e+02
  3.618421e+00,  3.336954e+02
  3.126299e+00,  3.139857e+02
  2.956594e+00,  2.921654e+02
  3.050101e+00,  2.731687e+02
  3.217973e+00,  2.591761e+02
  3.299543e+00,  2.492135e+02
  3.216459e+00,  2.415317e+02
  2.958943e+00,  2.343801e+02
  2.570028e+00,  2.256666e+02
  2.149911e+00,  2.122890e+02
  1.887102e+00,  1.909546e+02
  2.018843e+00,  1.654424e+02
  2.579790e+00,  1.465019e+02
  3.399938e+00,  1.360161e+02
  4.324517e+00,  1.305606e+02
  5.244347e+00,  1.275433e+02
  6.068146e+00,  1.255439e+02
  6.712747e+00,  1.237731e+02
  7.106755e+00,  1.217372e+02
  7.199682e+00,  1.190556e+02
  6.972296e+00,  1.153403e+02
  6.446037e+00,  1.100866e+02
  5.690749e+00,  1.025447e+02
  4.830217e+00,  9.160310e+01
  4.039816e+00,  7.598589e+01
  3.505636e+00,  5.562613e+01
  3.297668e+00,  3.368383e+01
  3.268404e+00,  1.437608e+01
  3.171263e+00,  3.586337e+02
  2.828687e+00,  3.444040e+02
  2.195751e+00,  3.271687e+02
  1.465591e+00,  2.940645e+02
  1.509080e+00,  2.330143e+02
  2.659291e+00,  1.980368e+02
  4.111622e+00,  1.834873e+02
  5.491478e+00,  1.754479e+02
  6.598515e+00,  1.700162e+02
  7.294447e+00,  1.658566e+02
  7.495056e+00,  1.623846e+02
  7.174273e+00,  1.592910e+02
  6.365426e+00,  1.563831e+02
  5.156790e+00,  1.535215e+02
  3.681256e+00,  1.505993e+02
  2.100827e+00,  1.476033e+02
  5.873571e-01,  1.459937e+02
  7.039975e-01,  3.151515e+02
  1.648588e+00,  3.101975e+02
  2.195354e+00,  3.011768e+02
  2.396263e+00,  2.870510e+02
  2.467869e+00,  2.655353e+02
  2.785310e+00,  2.386571e+02
  3.582972e+00,  2.152595e+02
  4.724995e+00,  1.995009e+02
  5.937405e+00,  1.894334e+02
  6.978670e+00,  1.827378e+02
  7.665696e+00,  1.780176e+02
  7.876972e+00,  1.744924e+02
  7.556177e+00,  1.716912e+02
  6.712930e+00,  1.692645e+02
  5.418011e+00,  1.668151e+02
  3.793534e+00,  1.635091e+02
  2.006722e+00,  1.558514e+02
  5.255750e-01,  9.163275e+01
  1.677435e+00,  8.460809e+00
  3.062617e+00,  5.922703e-01
  4.102350e+00,  3.587123e+02
  4.727360e+00,  3.585417e+02
  4.933226e+00,  3.591524e+02
  4.762640e+00,  9.204414e-02
  4.293079e+00,  8.520190e-01
  3.623795e+00,  4.984686e-01
  2.870374e+00,  3.570281e+02
  2.189667e+00,  3.462329e+02
  1.855777e+00,  3.235017e+02
  2.143258e+00,  2.984669e+02
  2.914146e+00,  2.847975e+02
  3.883519e+00,  2.796997e+02
  4.867773e+00,  2.784515e+02
  5.730293e+00,  2.787118e+02
  6.347948e+00,  2.794159e+02
  6.612613e+00,  2.800285e+02
  6.444116e+00,  2.801896e+02
  5.804750e+00,  2.794759e+02
  4.712697e+00,  2.770133e+02
  3.262450e+00,  2.700808e+02
  1.745320e+00,  2.454873e+02
  1.568980e+00,  1.724695e+02
  3.113695e+00,  1.409716e+02
  4.782730e+00,  1.326022e+02
  6.168161e+00,  1.296700e+02
  7.112368e+00,  1.288020e+02
  7.539866e+00,  1.290631e+02
  7.442511e+00,  1.301658e+02
  6.875071e+00,  1.320826e+02
  5.946631e+00,  1.349436e+02
  4.805505e+00,  1.390062e+02
  3.617094e+00,  1.445863e+02
  2.533659e+00,  1.516881e+02
  1.656319e+00,  1.584892e+02
  1.022113e+00,  1.563395e+02
  8.004833e-01,  1.250754e+02
  1.332395e+00,  9.594751e+01
  2.342053e+00,  8.942409e+01
  3.573997e+00,  8.940165e+01
  4.852737e+00,  9.080863e+01
  5.997815e+00,  9.243054e+01
  6.833103e+00,  9.398413e+01
  7.209866e+00,  9.544211e+01
  7.027847e+00,  9.686687e+01
  6.250074e+00,  9.839136e+01
  4.909522e+00,  1.003146e+02
  3.108149e+00,  1.036657e+02
  1.030369e+00,  1.180461e+02
  1.317747e+00,  2.635348e+02
  3.437938e+00,  2.740839e+02
  5.294754e+00,  2.771481e+02
  6.703053e+00,  2.790434e+02
  7.547198e+00,  2.806064e+02
  7.779267e+00,  2.820892e+02
  7.422743e+00,  2.835932e+02
  6.567817e+00,  2.851361e+02
  5.357940e+00,  2.866061e+02
  3.969852e+00,  2.875363e+02
  2.593402e+00,  2.862263e+02
  1.439104e+00,  2.757380e+02
  9.128927e-01,  2.361626e+02
  1.311493e+00,  2.053615e+02
  2.028924e+00,  2.053464e+02
  2.903889e+00,  2.142896e+02
  3.951710e+00,  2.242649e+02
  5.112882e+00,  2.329391e+02
  6.251879e+00,  2.400497e+02
  7.203102e+00,  2.459689e+02
  7.811647e+00,  2.511781e+02
  7.963024e+00,  2.561596e+02
  7.603801e+00,  2.614534e+02
  6.755178e+00,  2.678330e+02
  5.524372e+00,  2.767282e+02
  4.131627e+00,  2.913140e+02
  3.003681e+00,  3.181096e+02
  2.794730e+00,  3.569566e+02
  3.480520e+00,  2.603367e+01
  4.308077e+00,  4.137580e+01
  4.823557e+00,  4.967342e+01
  4.852154e+00,  5.425304e+01
  4.358667e+00,  5.604256e+01
  3.407435e+00,  5.409268e+01
  2.185842e+00,  4.264623e+01
  1.341292e+00,  3.570727e+02
  2.120598e+00,  3.062774e+02
  3.545029e+00,  2.930977e+02
  4.883737e+00,  2.910293e+02
  5.940988e+00,  2.928713e+02
  6.640722e+00,  2.968006e+02
  6.966603e+00,  3.022048e+02
  6.940963e+00,  3.088196e+02
  6.605299e+00,  3.164851e+02
  6.001217e+00,  3.250912e+02
  5.157511e+00,  3.346590e+02
  4.090689e+00,  3.456845e+02
  2.828964e+00,  4.898896e-01
  1.532431e+00,  3.148826e+01
  1.357065e+00,  1.118451e+02
  2.833790e+00,  1.506037e+02
  4.588688e+00,  1.644585e+02
  6.244912e+00,  1.721854e+02
  7.610597e+00,  1.773570e+02
  8.533610e+00,  1.810178e+02
  8.904026e+00,  1.835329e+02
  8.669188e+00,  1.849568e+02
  7.846216e+00,  1.850597e+02
  6.530335e+00,  1.831165e+02
  4.907442e+00,  1.771577e+02
  3.312889e+00,  1.615889e+02
  2.441837e+00,  1.263463e+02
  2.900828e+00,  9.014314e+01
  3.873143e+00,  7.484675e+01
  4.625935e+00,  7.111018e+01
  4.934842e+00,  7.354481e+01
  4.809491e+00,  8.122921e+01
  4.440293e+00,  9.524982e+01
  4.199420e+00,  1.164740e+02
  4.474780e+00,  1.409155e+02
  5.279749e+00,  1.613138e+02
  6.272654e+00,  1.756889e+02
  7.102483e+00,  1.859053e+02
  7.535828e+00,  1.939123e+02
  7.454884e+00,  2.011034e+02
  6.846754e+00,  2.086685e+02
  5.801948e+00,  2.181281e+02
  4.530426e+00,  2.322233e+02
  3.422127e+00,  2.559038e+02
  3.051550e+00,  2.901220e+02
  3.528610e+00,  3.191223e+02
  4.224071e+00,  3.355072e+02
  4.633364e+00,  3.438414e+02
  4.537877e+00,  3.471519e+02
  3.897285e+00,  3.455583e+02
  2.847260e+00,  3.348576e+02
  1.975673e+00,  2.994363e+02
  2.619353e+00,  2.506867e+02
  4.363632e+00,  2.311804e+02
  6.262050e+00,  2.248192e+02
  7.942007e+00,  2.228979e+02
  9.200198e+00,  2.228784e+02
  9.911208e+00,  2.238335e+02
  1.001360e+01,  2.253268e+02
  9.504963e+00,  2.270713e+02
  8.435046e+00,  2.287634e+02
  6.896543e+00,  2.298852e+02
  5.018336e+00,  2.291516e+02
  2.986956e+00,  2.217869e+02
  1.402329e+00,  1.787969e+02
  2.305113e+00,  1.126554e+02
  4.216305e+00,  9.974342e+01
  6.028595e+00,  9.813719e+01
  7.533933e+00,  9.941567e+01
  8.620917e+00,  1.016410e+02
  9.210256e+00,  1.040915e+02
  9.252829e+00,  1.063735e+02
  8.737032e+00,  1.081550e+02
  7.697270e+00,  1.089823e+02
  6.222626e+00,  1.079494e+02
  4.475463e+00,  1.026573e+02
  2.786353e+00,  8.505297e+01
  2.091589e+00,  3.860764e+01
  3.063444e+00,  1.782747e+00
  4.434203e+00,  3.503540e+02
  5.538252e+00,  3.481132e+02
  6.183054e+00,  3.499652e+02
  6.329380e+00,  3.547142e+02
  6.042834e+00,  2.502245e+00
  5.490230e+00,  1.418368e+01
  4.932298e+00,  3.068306e+01
  4.653072e+00,  5.117577e+01
  4.767313e+00,  7.167756e+01
  5.103087e+00,  8.837629e+01
  5.367673e+00,  1.006999e+02
  5.331782e+00,  1.097672e+02
  4.876147e+00,  1.167423e+02
  3.980709e+00,  1.224893e+02
  2.706483e+00,  1.277634e+02
  1.177556e+00,  1.344490e+02
  4.587032e-01,  3.024302e+02
  1.987013e+00,  3.153049e+02
  3.261663e+00,  3.206666e+02
  4.138431e+00,  3.260458e+02
  4.534605e+00,  3.325119e+02
  4.446114e+00,  3.412643e+02
  3.979654e+00,  3.544695e+02
  3.420491e+00,  1.579583e+01
  3.284534e+00,  4.636438e+01
  3.931410e+00,  7.536373e+01
  5.081159e+00,  9.442605e+01
  6.286639e+00,  1.060646e+02
  7.249050e+00,  1.135926e+02
  7.792068e+00,  1.187511e+02
  7.826636e+00,  1.223113e+02
  7.337379e+00,  1.244808e+02
  6.376215e+00,  1.249535e+02
  5.061513e+00,  1.225313e+02
  3.603129e+00,  1.136265e+02
  2.449366e+00,  8.850993e+01
  2.456051e+00,  4.737429e+01
  3.516630e+00,  2.413667e+01
  4.760499e+00,  1.657579e+01
  5.811855e+00,  1.535254e+01
  6.530989e+00,  1.700673e+01
  6.857105e+00,  2.023802e+01
  6.768675e+00,  2.450312e+01
  6.271209e+00,  2.961843e+01
  5.393945e+00,  3.571712e+01
  4.192558e+00,  4.354393e+01
  2.765716e+00,  5.599115e+01
  1.384925e+00,  8.889110e+01
  1.423403e+00,  1.705829e+02
  2.847599e+00,  2.017342e+02
  4.311160e+00,  2.129027e+02
  5.519271e+00,  2.191285e+02
  6.336329e+00,  2.232212e+02
  6.678646e+00,  2.259183e+02
  6.511842e+00,  2.273032e+02
  5.858164e+00,  2.269749e+02
  4.807795e+00,  2.236852e+02
  3.552919e+00,  2.139512e+02
  2.528738e+00,  1.890777e+02
  2.547428e+00,  1.497734e+02
  3.585981e+00,  1.260835e+02
  4.851566e+00,  1.176992e+02
  5.959632e+00,  1.161443e+02
  6.775899e+00,  1.180967e+02
  7.274393e+00,  1.223459e+02
  7.494449e+00,  1.283566e+02
  7.512098e+00,  1.357200e+02
  7.405874e+00,  1.438936e+02
  7.221170e+00,  1.521228e+02
  6.950453e+00,  1.595401e+02
  6.543846e+00,  1.653171e+02
  5.945353e+00,  1.686638e+02
  5.137394e+00,  1.685316e+02
  4.187634e+00,  1.629051e+02
  3.320214e+00,  1.479782e+02
  2.976671e+00,  1.218823e+02
  3.436010e+00,  9.637488e+01
  4.334060e+00,  8.132106e+01
  5.201337e+00,  7.385049e+01
  5.758374e+00,  7.037392e+01
  5.856071e+00,  6.913542e+01
  5.432556e+00,  6.945531e+01
  4.498763e+00,  7.137931e+01
  3.133705e+00,  7.623421e+01
  1.516134e+00,  9.281086e+01
  9.447819e-01,  1.926002e+02
  2.608307e+00,  2.293737e+02
  4.336832e+00,  2.376748e+02
  5.810255e+00,  2.420324e+02
  6.909037e+00,  2.452850e+02
  7.573312e+00,  2.481509e+02
  7.794218e+00,  2.508576e+02
  7.607667e+00,  2.534248e+02
  7.084220e+00,  2.556995e+02
  6.316658e+00,  2.572942e+02
  5.409840e+00,  2.574344e+02
  4.480641e+00,  2.547026e+02
  3.679215e+00,  2.468679e+02
  3.222062e+00,  2.322503e+02
  3.312558e+00,  2.144431e+02
  3.911526e+00,  2.008314e+02
  4.777747e+00,  1.933208e+02
  5.684318e+00,  1.899036e+02
  6.465682e+00,  1.886859e+02
  6.998489e+00,  1.885465e+02
  7.193891e+00,  1.888581e+02
  7.000442e+00,  1.892313e+02
  6.409067e+00,  1.893371e+02
  5.455820e+00,  1.887257e+02
  4.222385e+00,  1.864476e+02
  2.843134e+00,  1.797104e+02
  1.585245e+00,  1.571992e+02
  1.300788e+00,  9.787437e+01
  2.182138e+00,  6.584793e+01
  3.149892e+00,  5.806473e+01
  3.898030e+00,  5.749938e+01
  4.372071e+00,  6.017699e+01
  4.589948e+00,  6.490563e+01
  4.603092e+00,  7.110210e+01
  4.468714e+00,  7.819287e+01
  4.223665e+00,  8.541118e+01
  3.869412e+00,  9.179329e+01
  3.379304e+00,  9.619002e+01
  2.729064e+00,  9.685344e+01
  1.946277e+00,  8.943500e+01
  1.277967e+00,  5.953343e+01
  1.508872e+00,  7.992342e+00
  2.550945e+00,  3.442299e+02
  3.748433e+00,  3.352174e+02
  4.835004e+00,  3.304087e+02
  5.662058e+00,  3.267191e+02
  6.132262e+00,  3.229162e+02
  6.200812e+00,  3.181962e+02
  5.887309e+00,  3.116863e+02
  5.291281e+00,  3.021309e+02
  4.612270e+00,  2.877915e+02
  4.150896e+00,  2.676379e+02
  4.174216e+00,  2.448264e+02
  4.645610e+00,  2.256575e+02
  5.264641e+00,  2.124860e+02
  5.741218e+00,  2.040762e+02
  5.896232e+00,  1.989257e+02
  5.651632e+00,  1.961998e+02
  5.012047e+00,  1.957490e+02
  4.054206e+00,  1.982828e+02
  2.929779e+00,  2.063705e+02
  1.922603e+00,  2.276925e+02
  1.593132e+00,  2.697354e+02
  2.081159e+00,  3.017834e+02
  2.691239e+00,  3.150604e+02
  3.047565e+00,  3.203933e+02
  3.036102e+00,  3.222705e+02
  2.646641e+00,  3.221538e+02
  1.931147e+00,  3.201794e+02
  9.878413e-01,  3.138849e+02
  1.994272e-01,  2.047134e+02
  1.154711e+00,  1.486296e+02
  2.061738e+00,  1.414483e+02
  2.743190e+00,  1.358725e+02
  3.142865e+00,  1.295295e+02
  3.261320e+00,  1.212583e+02
  3.167266e+00,  1.097982e+02
  3.007062e+00,  9.394983e+01
  2.979872e+00,  7.420647e+01
  3.220004e+00,  5.445057e+01
  3.677925e+00,  3.884786e+01
  4.187413e+00,  2.828090e+01
  4.591648e+00,  2.177934e+01
  4.789774e+00,  1.836298e+01
  4.739379e+00,  1.751283e+01
  4.450892e+00,  1.915733e+01
  3.980951e+00,  2.362669e+01
  3.424623e+00,  3.161122e+01
  2.903534e+00,  4.388290e+01
  2.530681e+00,  6.022551e+01
  2.346821e+00,  7.824209e+01
  2.285579e+00,  9.481750e+01
  2.237597e+00,  1.089595e+02
  2.136174e+00,  1.217678e+02
  1.985618e+00,  1.349946e+02
  1.849351e+00,  1.498216e+02
  1.808884e+00,  1.652983e+02
  1.896799e+00,  1.779643e+02
  2.072915e+00,  1.847761e+02
  2.282705e+00,  1.850573e+02
  2.515379e+00,  1.795891e+02
  2.810751e+00,  1.699291e+02
  3.221311e+00,  1.582883e+02
  3.759001e+00,  1.468054e+02
  4.373113e+00,  1.366531e+02
  4.969051e+00,  1.280095e+02
  5.438876e+00,  1.205606e+02
  5.685021e+00,  1.138673e+02
  5.636278e+00,  1.074839e+02
  5.258578e+00,  1.009256e+02
  4.561881e+00,  9.351673e+01
  3.605198e+00,  8.397093e+01
  2.509639e+00,  6.896217e+01
  1.540265e+00,  3.770586e+01
  1.369458e+00,  3.397029e+02
  2.065248e+00,  3.015482e+02
  2.841579e+00,  2.826673e+02
  3.396936e+00,  2.693636e+02
  3.650399e+00,  2.569817e+02
  3.613694e+00,  2.431858e+02
  3.381544e+00,  2.259340e+02
  3.141721e+00,  2.034494e+02
  3.139451e+00,  1.765322e+02
  3.507371e+00,  1.503213e+02
  4.141641e+00,  1.289066e+02
  4.840275e+00,  1.120199e+02
  5.443167e+00,  9.788930e+01
  5.860109e+00,  8.501258e+01
  6.064629e+00,  7.233371e+01
  6.084986e+00,  5.912671e+01
  5.990443e+00,  4.497886e+01
  5.866559e+00,  2.989527e+01
  5.779212e+00,  1.438396e+01
  5.741538e+00,  3.592956e+02
  5.706789e+00,  3.454172e+02
  5.592614e+00,  3.331592e+02
  5.316747e+00,  3.225511e+02
  4.823935e+00,  3.134176e+02
  4.098279e+00,  3.055746e+02
  3.164047e+00,  2.989864e+02
  2.080591e+00,  2.942030e+02
  9.386470e-01,  2.957758e+02
  3.436350e-01,  4.745255e+01
  1.304941e+00,  7.556551e+01
  2.172293e+00,  7.245608e+01
  2.840694e+00,  6.582916e+01
  3.299434e+00,  5.742640e+01
  3.575169e+00,  4.749674e+01
  3.723881e+00,  3.613481e+01
  3.815323e+00,  2.367075e+01
  3.908692e+00,  1.083659e+01
  4.029819e+00,  3.586275e+02
  4.166136e+00,  3.479264e+02
  4.283012e+00,  3.392393e+02
  4.347327e+00,  3.327149e+02
  4.343977e+00,  3.282892e+02
  4.281167e+00,  3.257729e+02
  4.185949e+00,  3.248348e+02
  4.092489e+00,  3.249297e+02
  4.027293e+00,  3.252802e+02
  3.998775e+00,  3.250025e+02
  3.997586e+00,  3.233390e+02
  4.006001e+00,  3.198337e+02
  4.007705e+00,  3.143558e+02
  3.991263e+00,  3.070602e+02
  3.945573e+00,  2.982971e+02
  3.852297e+00,  2.884838e+02
  3.681914e+00,  2.779485e+02
  3.397338e+00,  2.667565e+02
  2.964884e+00,  2.544722e+02
  2.372197e+00,  2.395448e+02
  1.668423e+00,  2.168882e+02
  1.143902e+00,  1.704477e+02
  1.518991e+00,  1.113962e+02
  2.566908e+00,  8.156422e+01
  3.789197e+00,  6.484144e+01
  5.007341e+00,  5.240190e+01
  6.125860e+00,  4.158367e+01
  7.078263e+00,  3.136979e+01
  7.819496e+00,  2.127499e+01
  8.325303e+00,  1.102531e+01
  8.591010e+00,  4.501238e-01
  8.627469e+00,  3.494421e+02
  8.454273e+00,  3.379353e+02
  8.092636e+00,  3.258769e+02
  7.561402e+00,  3.131778e+02
  6.878680e+00,  2.996363e+02
  6.069704e+00,  2.848194e+02
  5.180689e+00,  2.678783e+02
  4.300998e+00,  2.472777e+02
  3.596835e+00,  2.209314e+02
  3.307656e+00,  1.888431e+02
  3.560391e+00,  1.570704e+02
  4.186833e+00,  1.314871e+02
  4.917137e+00,  1.118644e+02
  5.560836e+00,  9.596037e+01
  6.012123e+00,  8.206628e+01
  6.222312e+00,  6.911684e+01
  6.182250e+00,  5.641605e+01
  5.911973e+00,  4.343906e+01
  5.452989e+00,  2.971257e+01
  4.860542e+00,  1.473179e+01
  4.195811e+00,  3.578624e+02
  3.522594e+00,  3.381573e+02
  2.918045e+00,  3.140926e+02
  2.503181e+00,  2.839417e+02
  2.445291e+00,  2.491313e+02
  2.818567e+00,  2.168924e+02
  3.504241e+00,  1.920437e+02
  4.328592e+00,  1.736449e+02
  5.153993e+00,  1.595757e+02
  5.877229e+00,  1.483535e+02
  6.421122e+00,  1.390798e+02
  6.734874e+00,  1.311989e+02
  6.797190e+00,  1.243510e+02
  6.617306e+00,  1.182949e+02
  6.232042e+00,  1.128660e+02
  5.699230e+00,  1.079456e+02
  5.088901e+00,  1.034321e+02
  4.473564e+00,  9.920810e+01
  3.918525e+00,  9.510591e+01
  3.473048e+00,  9.089106e+01
  3.163431e+00,  8.629790e+01
  2.989183e+00,  8.112241e+01
  2.923050e+00,  7.528458e+01
  2.915354e+00,  6.875285e+01
  2.903167e+00,  6.136186e+01
  2.824530e+00,  5.261372e+01
  2.638590e+00,  4.141715e+01
  2.357094e+00,  2.562407e+01
  2.100203e+00,  1.918304e+00
  2.136662e+00,  3.303582e+02
  2.664171e+00,  3.011798e+02
  3.549245e+00,  2.809878e+02
  4.500254e+00,  2.677929e+02
  4.367737e+00,  2.650723e+02
##END=
