##TITLE= E:\桌面\nmr\ogm\sjd\matlabcod\1\1_17_xjhsjd
##JCAMP-DX= 5.00 Bruker JCAMP library
##DATA TYPE= Shape Data
##ORIGIN= Colm's GRAPE Pulses 
##OWNER= Dawei.Lu
##DATE= 02-Aug-2025
##TIME= 11:22
##MINX= 9.097152e-02
##MAXX= 1.009359e+01
##MINY= 5.887487e-01
##MAXY= 3.596994e+02
##$SHAPE_EXMODE= None
##$SHAPE_TOTROT= 9.000000e+01
##$SHAPE_BWFAC= 1.000000e+00
##$SHAPE_INTEGFAC= 1.000000e+00
##$SHAPE_MODE= 1
##PULSE_WIDTH= 5000
##Calibration_Power= 12500
##NPOINTS= 1000
##XYPOINTS= (XY..XY)
  1.802096e+00,  2.295485e+02
  2.331315e+00,  2.320313e+02
  2.782018e+00,  2.373547e+02
  2.454558e+00,  2.527237e+02
  2.037400e+00,  2.689151e+02
  1.501174e+00,  2.878389e+02
  9.193909e-01,  3.239222e+02
  1.002310e+00,  3.483207e+01
  1.974971e+00,  6.798936e+01
  3.181346e+00,  7.984754e+01
  4.375873e+00,  8.521214e+01
  5.411053e+00,  8.746965e+01
  6.173063e+00,  8.758658e+01
  6.588706e+00,  8.574690e+01
  6.641454e+00,  8.170182e+01
  6.389311e+00,  7.483679e+01
  5.981988e+00,  6.428822e+01
  5.660328e+00,  4.959900e+01
  5.679854e+00,  3.221154e+01
  6.133767e+00,  1.567328e+01
  6.871702e+00,  2.665359e+00
  7.633913e+00,  3.534383e+02
  8.190782e+00,  3.471154e+02
  8.387005e+00,  3.427981e+02
  8.142026e+00,  3.398314e+02
  7.441784e+00,  3.377562e+02
  6.328653e+00,  3.362045e+02
  4.889609e+00,  3.347465e+02
  3.243385e+00,  3.324519e+02
  1.535892e+00,  3.248542e+02
  4.581211e-01,  2.240460e+02
  1.784369e+00,  1.756469e+02
  3.041268e+00,  1.716428e+02
  4.000491e+00,  1.714503e+02
  4.625781e+00,  1.723554e+02
  4.918430e+00,  1.735878e+02
  4.906872e+00,  1.746467e+02
  4.640948e+00,  1.749551e+02
  4.189823e+00,  1.736565e+02
  3.647602e+00,  1.694050e+02
  3.150573e+00,  1.603821e+02
  2.888717e+00,  1.457845e+02
  3.026726e+00,  1.292715e+02
  3.544433e+00,  1.168314e+02
  4.274996e+00,  1.101184e+02
  5.057383e+00,  1.076623e+02
  5.780107e+00,  1.078886e+02
  6.370333e+00,  1.097808e+02
  6.783098e+00,  1.127280e+02
  6.995345e+00,  1.163314e+02
  7.000958e+00,  1.202762e+02
  6.805553e+00,  1.242474e+02
  6.422445e+00,  1.278683e+02
  5.868170e+00,  1.306249e+02
  5.164506e+00,  1.317448e+02
  4.350565e+00,  1.299323e+02
  3.512595e+00,  1.228183e+02
  2.846440e+00,  1.066708e+02
  2.688953e+00,  8.134347e+01
  3.194564e+00,  5.824546e+01
  4.082352e+00,  4.420818e+01
  5.028612e+00,  3.629803e+01
  5.829301e+00,  3.129321e+01
  6.358380e+00,  2.736658e+01
  6.543600e+00,  2.340375e+01
  6.365746e+00,  1.847760e+01
  5.869050e+00,  1.148483e+01
  5.181612e+00,  8.428369e-01
  4.544967e+00,  3.446479e+02
  4.295936e+00,  3.229908e+02
  4.641189e+00,  3.012465e+02
  5.419990e+00,  2.849544e+02
  6.299260e+00,  2.743872e+02
  7.010314e+00,  2.677187e+02
  7.384488e+00,  2.634650e+02
  7.332600e+00,  2.607229e+02
  6.829650e+00,  2.589591e+02
  5.905479e+00,  2.578474e+02
  4.633746e+00,  2.571578e+02
  3.120154e+00,  2.566527e+02
  1.489568e+00,  2.556771e+02
  1.396093e-01,  9.947272e+01
  1.614490e+00,  8.001103e+01
  2.860336e+00,  7.950715e+01
  3.793372e+00,  7.939372e+01
  4.371216e+00,  7.908294e+01
  4.587604e+00,  7.818229e+01
  4.473457e+00,  7.614688e+01
  4.099088e+00,  7.207451e+01
  3.582403e+00,  6.446774e+01
  3.106456e+00,  5.138255e+01
  2.911808e+00,  3.276733e+01
  3.150724e+00,  1.409606e+01
  3.725023e+00,  1.200833e+00
  4.422002e+00,  3.543735e+02
  5.075446e+00,  3.517077e+02
  5.582710e+00,  3.516902e+02
  5.885834e+00,  3.534396e+02
  5.959813e+00,  3.564839e+02
  5.807086e+00,  5.887487e-01
  5.453513e+00,  5.652508e+00
  4.943113e+00,  1.163222e+01
  4.330508e+00,  1.846762e+01
  3.668921e+00,  2.594454e+01
  2.996850e+00,  3.349205e+01
  2.329131e+00,  3.984369e+01
  1.663525e+00,  4.210839e+01
  1.033927e+00,  3.136205e+01
  7.799360e-01,  3.446604e+02
  1.351869e+00,  3.077642e+02
  2.255718e+00,  2.981716e+02
  3.215659e+00,  2.956461e+02
  4.108943e+00,  2.947275e+02
  4.835903e+00,  2.937733e+02
  5.313760e+00,  2.920242e+02
  5.489544e+00,  2.888642e+02
  5.358446e+00,  2.834986e+02
  4.988320e+00,  2.747150e+02
  4.552899e+00,  2.609122e+02
  4.345310e+00,  2.415259e+02
  4.645722e+00,  2.201363e+02
  5.455527e+00,  2.024432e+02
  6.520471e+00,  1.901643e+02
  7.563801e+00,  1.819986e+02
  8.380438e+00,  1.764395e+02
  8.838319e+00,  1.724711e+02
  8.869375e+00,  1.694581e+02
  8.463641e+00,  1.669768e+02
  7.662831e+00,  1.646825e+02
  6.552115e+00,  1.621968e+02
  5.249853e+00,  1.589472e+02
  3.897520e+00,  1.538249e+02
  2.656622e+00,  1.443243e+02
  1.727661e+00,  1.250520e+02
  1.342379e+00,  9.379934e+01
  1.422362e+00,  6.963795e+01
  1.572066e+00,  6.197625e+01
  1.617123e+00,  6.600081e+01
  1.593541e+00,  7.914542e+01
  1.628500e+00,  9.924840e+01
  1.823007e+00,  1.210607e+02
  2.156737e+00,  1.397423e+02
  2.537885e+00,  1.547013e+02
  2.889887e+00,  1.673161e+02
  3.176761e+00,  1.788089e+02
  3.395187e+00,  1.897996e+02
  3.556454e+00,  2.003544e+02
  3.666202e+00,  2.101350e+02
  3.710403e+00,  2.186057e+02
  3.655114e+00,  2.252090e+02
  3.460041e+00,  2.293717e+02
  3.100347e+00,  2.302452e+02
  2.595234e+00,  2.260244e+02
  2.057202e+00,  2.126408e+02
  1.784557e+00,  1.854239e+02
  2.109812e+00,  1.555417e+02
  2.873152e+00,  1.380172e+02
  3.738171e+00,  1.296424e+02
  4.501237e+00,  1.257094e+02
  5.047239e+00,  1.240263e+02
  5.315109e+00,  1.236467e+02
  5.289034e+00,  1.241472e+02
  4.994542e+00,  1.253271e+02
  4.492104e+00,  1.270515e+02
  3.866400e+00,  1.291012e+02
  3.211989e+00,  1.309258e+02
  2.619632e+00,  1.312295e+02
  2.174650e+00,  1.276289e+02
  1.978431e+00,  1.178879e+02
  2.145671e+00,  1.043321e+02
  2.705646e+00,  9.317397e+01
  3.570596e+00,  8.647218e+01
  4.614070e+00,  8.274797e+01
  5.705168e+00,  8.046949e+01
  6.712705e+00,  7.874178e+01
  7.512834e+00,  7.707852e+01
  8.001971e+00,  7.517738e+01
  8.111638e+00,  7.277932e+01
  7.817402e+00,  6.957839e+01
  7.145948e+00,  6.511204e+01
  6.180716e+00,  5.858256e+01
  5.069531e+00,  4.855563e+01
  4.040031e+00,  3.273630e+01
  3.395862e+00,  9.634184e+00
  3.337063e+00,  3.441489e+02
  3.680954e+00,  3.245440e+02
  4.068817e+00,  3.121700e+02
  4.267526e+00,  3.047289e+02
  4.186647e+00,  3.003885e+02
  3.828413e+00,  2.981763e+02
  3.253753e+00,  2.976509e+02
  2.558165e+00,  2.986293e+02
  1.849297e+00,  3.008292e+02
  1.223774e+00,  3.027676e+02
  7.550852e-01,  2.977985e+02
  5.717143e-01,  2.699632e+02
  8.685910e-01,  2.419351e+02
  1.514602e+00,  2.345602e+02
  2.373568e+00,  2.337436e+02
  3.350074e+00,  2.340412e+02
  4.331653e+00,  2.341256e+02
  5.195110e+00,  2.336733e+02
  5.825876e+00,  2.325819e+02
  6.133129e+00,  2.307457e+02
  6.063570e+00,  2.279584e+02
  5.612290e+00,  2.237986e+02
  4.831378e+00,  2.173862e+02
  3.843082e+00,  2.067873e+02
  2.878847e+00,  1.878362e+02
  2.348922e+00,  1.560262e+02
  2.571986e+00,  1.222130e+02
  3.208676e+00,  1.006215e+02
  3.798749e+00,  8.808252e+01
  4.117729e+00,  7.983746e+01
  4.085285e+00,  7.345432e+01
  3.703767e+00,  6.755476e+01
  3.035041e+00,  6.086499e+01
  2.191112e+00,  5.110706e+01
  1.349759e+00,  3.161918e+01
  8.814854e-01,  3.455462e+02
  1.114056e+00,  2.995527e+02
  1.487140e+00,  2.814787e+02
  1.643703e+00,  2.749336e+02
  1.506270e+00,  2.744467e+02
  1.104515e+00,  2.821069e+02
  6.422053e-01,  3.173764e+02
  8.772521e-01,  2.338881e+01
  1.664550e+00,  4.488098e+01
  2.483635e+00,  5.176989e+01
  3.171192e+00,  5.498826e+01
  3.640120e+00,  5.708164e+01
  3.846052e+00,  5.898985e+01
  3.786045e+00,  6.126504e+01
  3.497529e+00,  6.441353e+01
  3.053455e+00,  6.903572e+01
  2.552398e+00,  7.581353e+01
  2.100024e+00,  8.506721e+01
  1.774220e+00,  9.548960e+01
  1.584826e+00,  1.031860e+02
  1.491212e+00,  1.035576e+02
  1.494116e+00,  9.441385e+01
  1.678192e+00,  7.863858e+01
  2.105513e+00,  6.333622e+01
  2.718370e+00,  5.239083e+01
  3.393751e+00,  4.533860e+01
  4.006822e+00,  4.087611e+01
  4.452808e+00,  3.815618e+01
  4.657006e+00,  3.681879e+01
  4.583621e+00,  3.689567e+01
  4.244160e+00,  3.883250e+01
  3.706761e+00,  4.366783e+01
  3.110451e+00,  5.324358e+01
  2.676078e+00,  6.924331e+01
  2.623727e+00,  8.857923e+01
  2.943655e+00,  1.029643e+02
  3.417754e+00,  1.089489e+02
  3.872260e+00,  1.079113e+02
  4.259377e+00,  1.015108e+02
  4.634051e+00,  9.100480e+01
  5.102851e+00,  7.790044e+01
  5.746725e+00,  6.412354e+01
  6.556754e+00,  5.130500e+01
  7.433318e+00,  4.015058e+01
  8.231947e+00,  3.058630e+01
  8.809485e+00,  2.219832e+01
  9.053504e+00,  1.450303e+01
  8.898440e+00,  7.021592e+00
  8.333348e+00,  3.592481e+02
  7.404057e+00,  3.505505e+02
  6.212247e+00,  3.399797e+02
  4.915963e+00,  3.259156e+02
  3.738597e+00,  3.056376e+02
  2.968541e+00,  2.766058e+02
  2.795570e+00,  2.431671e+02
  3.018684e+00,  2.147268e+02
  3.282441e+00,  1.922869e+02
  3.418319e+00,  1.720577e+02
  3.457370e+00,  1.508360e+02
  3.565789e+00,  1.274270e+02
  3.931243e+00,  1.037818e+02
  4.601404e+00,  8.336913e+01
  5.455109e+00,  6.761535e+01
  6.312221e+00,  5.585039e+01
  7.014804e+00,  4.694106e+01
  7.452089e+00,  3.999712e+01
  7.564477e+00,  3.443104e+01
  7.341549e+00,  2.987685e+01
  6.816446e+00,  2.612023e+01
  6.056880e+00,  2.306036e+01
  5.153494e+00,  2.070103e+01
  4.206863e+00,  1.916916e+01
  3.314777e+00,  1.875543e+01
  2.561363e+00,  1.992845e+01
  2.008587e+00,  2.312152e+01
  1.688062e+00,  2.796932e+01
  1.592577e+00,  3.266598e+01
  1.680452e+00,  3.542372e+01
  1.897183e+00,  3.633881e+01
  2.190375e+00,  3.666951e+01
  2.514436e+00,  3.751990e+01
  2.836608e+00,  3.949285e+01
  3.144039e+00,  4.278467e+01
  3.446029e+00,  4.724857e+01
  3.764591e+00,  5.238577e+01
  4.116809e+00,  5.742526e+01
  4.497916e+00,  6.154767e+01
  4.876200e+00,  6.411578e+01
  5.202504e+00,  6.474439e+01
  5.427692e+00,  6.321447e+01
  5.520502e+00,  5.934682e+01
  5.481726e+00,  5.292465e+01
  5.352202e+00,  4.372030e+01
  5.209671e+00,  3.168566e+01
  5.145653e+00,  1.729330e+01
  5.220173e+00,  1.707080e+00
  5.420781e+00,  3.463254e+02
  5.665323e+00,  3.320113e+02
  5.844270e+00,  3.188277e+02
  5.864160e+00,  3.062852e+02
  5.673546e+00,  2.936009e+02
  5.276332e+00,  2.797656e+02
  4.740978e+00,  2.634953e+02
  4.207284e+00,  2.433727e+02
  3.869319e+00,  2.189292e+02
  3.877242e+00,  1.925763e+02
  4.198250e+00,  1.683857e+02
  4.648663e+00,  1.479732e+02
  5.046482e+00,  1.303671e+02
  5.287571e+00,  1.139316e+02
  5.356472e+00,  9.717737e+01
  5.322736e+00,  7.894794e+01
  5.325117e+00,  5.876876e+01
  5.517977e+00,  3.742780e+01
  5.978363e+00,  1.681979e+01
  6.652474e+00,  3.585447e+02
  7.398947e+00,  3.429716e+02
  8.064278e+00,  3.296167e+02
  8.527429e+00,  3.177668e+02
  8.715032e+00,  3.067618e+02
  8.603257e+00,  2.960424e+02
  8.213812e+00,  2.851243e+02
  7.605714e+00,  2.735726e+02
  6.862596e+00,  2.610070e+02
  6.075101e+00,  2.471583e+02
  5.319080e+00,  2.319719e+02
  4.634323e+00,  2.156793e+02
  4.014657e+00,  1.986772e+02
  3.420350e+00,  1.811171e+02
  2.811638e+00,  1.622680e+02
  2.195214e+00,  1.395262e+02
  1.698254e+00,  1.071784e+02
  1.638465e+00,  6.398337e+01
  2.155236e+00,  2.860891e+01
  2.963766e+00,  7.392081e+00
  3.825341e+00,  3.541635e+02
  4.620217e+00,  3.450696e+02
  5.285548e+00,  3.383828e+02
  5.791983e+00,  3.332724e+02
  6.135498e+00,  3.292794e+02
  6.331733e+00,  3.260986e+02
  6.409568e+00,  3.234753e+02
  6.403741e+00,  3.211544e+02
  6.347532e+00,  3.188631e+02
  6.266995e+00,  3.163249e+02
  6.177885e+00,  3.132957e+02
  6.085277e+00,  3.096094e+02
  5.984791e+00,  3.052097e+02
  5.863990e+00,  3.001574e+02
  5.703356e+00,  2.946122e+02
  5.477313e+00,  2.888018e+02
  5.156322e+00,  2.829953e+02
  4.710743e+00,  2.775024e+02
  4.116584e+00,  2.727347e+02
  3.363147e+00,  2.694256e+02
  2.465473e+00,  2.694380e+02
  1.507364e+00,  2.797340e+02
  9.523991e-01,  3.276460e+02
  1.635288e+00,  1.292101e+01
  2.763630e+00,  2.223499e+01
  3.884038e+00,  2.194436e+01
  4.858769e+00,  1.836066e+01
  5.604314e+00,  1.305826e+01
  6.065229e+00,  6.464735e+00
  6.215370e+00,  3.585753e+02
  6.062683e+00,  3.491114e+02
  5.654479e+00,  3.375131e+02
  5.084068e+00,  3.228752e+02
  4.498897e+00,  3.040264e+02
  4.095875e+00,  2.803568e+02
  4.053349e+00,  2.537091e+02
  4.398565e+00,  2.281785e+02
  4.996410e+00,  2.061997e+02
  5.686465e+00,  1.874711e+02
  6.366621e+00,  1.708514e+02
  6.994203e+00,  1.554547e+02
  7.561837e+00,  1.408217e+02
  8.071751e+00,  1.268193e+02
  8.515454e+00,  1.134953e+02
  8.863470e+00,  1.009425e+02
  9.066906e+00,  8.920224e+01
  9.068127e+00,  7.822003e+01
  8.815898e+00,  6.783857e+01
  8.280078e+00,  5.780836e+01
  7.458903e+00,  4.774806e+01
  6.385591e+00,  3.702851e+01
  5.135775e+00,  2.447053e+01
  3.845439e+00,  7.556656e+00
  2.770078e+00,  3.409990e+02
  2.356818e+00,  3.015117e+02
  2.774950e+00,  2.658096e+02
  3.522568e+00,  2.440099e+02
  4.192131e+00,  2.304148e+02
  4.619518e+00,  2.207404e+02
  4.754143e+00,  2.130397e+02
  4.604662e+00,  2.063641e+02
  4.217898e+00,  2.001621e+02
  3.665540e+00,  1.940348e+02
  3.032093e+00,  1.876330e+02
  2.402700e+00,  1.806539e+02
  1.850645e+00,  1.730180e+02
  1.424839e+00,  1.653986e+02
  1.141504e+00,  1.599274e+02
  9.922870e-01,  1.596643e+02
  9.676300e-01,  1.656205e+02
  1.055884e+00,  1.748254e+02
  1.218140e+00,  1.838117e+02
  1.394771e+00,  1.919016e+02
  1.534952e+00,  2.003043e+02
  1.621482e+00,  2.106777e+02
  1.688847e+00,  2.243792e+02
  1.824035e+00,  2.411195e+02
  2.115003e+00,  2.578125e+02
  2.570985e+00,  2.709867e+02
  3.117440e+00,  2.796992e+02
  3.649180e+00,  2.847044e+02
  4.067342e+00,  2.869306e+02
  4.295536e+00,  2.869715e+02
  4.289155e+00,  2.850466e+02
  4.042543e+00,  2.810068e+02
  3.594648e+00,  2.742624e+02
  3.033520e+00,  2.636367e+02
  2.497126e+00,  2.474975e+02
  2.144450e+00,  2.255804e+02
  2.038615e+00,  2.023282e+02
  2.044556e+00,  1.835728e+02
  1.949407e+00,  1.704766e+02
  1.604208e+00,  1.616851e+02
  9.464407e-01,  1.568626e+02
  9.097152e-02,  2.516190e+02
  1.241479e+00,  3.170513e+02
  2.599084e+00,  3.147496e+02
  3.976291e+00,  3.111478e+02
  5.236385e+00,  3.070982e+02
  6.253131e+00,  3.025869e+02
  6.928455e+00,  2.974099e+02
  7.208949e+00,  2.912264e+02
  7.100369e+00,  2.835175e+02
  6.680362e+00,  2.735234e+02
  6.108233e+00,  2.602847e+02
  5.617595e+00,  2.431797e+02
  5.443846e+00,  2.232971e+02
  5.665367e+00,  2.038937e+02
  6.130011e+00,  1.877324e+02
  6.586158e+00,  1.752007e+02
  6.824402e+00,  1.653728e+02
  6.722415e+00,  1.571427e+02
  6.243284e+00,  1.494824e+02
  5.426682e+00,  1.412506e+02
  4.385544e+00,  1.307054e+02
  3.321634e+00,  1.145808e+02
  2.574289e+00,  8.820987e+01
  2.513714e+00,  5.580160e+01
  3.003709e+00,  3.290318e+01
  3.588016e+00,  2.136289e+01
  4.008069e+00,  1.674559e+01
  4.184998e+00,  1.655258e+01
  4.137580e+00,  1.981635e+01
  3.940982e+00,  2.617231e+01
  3.692795e+00,  3.519925e+01
  3.470333e+00,  4.589002e+01
  3.289743e+00,  5.661253e+01
  3.100139e+00,  6.576935e+01
  2.822559e+00,  7.235335e+01
  2.398647e+00,  7.565508e+01
  1.822218e+00,  7.406365e+01
  1.173888e+00,  6.125375e+01
  7.945809e-01,  1.716565e+01
  1.172574e+00,  3.327175e+02
  1.808843e+00,  3.188722e+02
  2.335126e+00,  3.155356e+02
  2.627339e+00,  3.164283e+02
  2.637350e+00,  3.203577e+02
  2.376042e+00,  3.281326e+02
  1.933314e+00,  3.429442e+02
  1.551390e+00,  1.140629e+01
  1.647954e+00,  5.048482e+01
  2.266763e+00,  7.834509e+01
  3.057199e+00,  9.402346e+01
  3.788327e+00,  1.041277e+02
  4.348847e+00,  1.119364e+02
  4.691809e+00,  1.188845e+02
  4.814947e+00,  1.256363e+02
  4.748215e+00,  1.324348e+02
  4.538058e+00,  1.391712e+02
  4.229716e+00,  1.453370e+02
  3.854301e+00,  1.499452e+02
  3.432508e+00,  1.514292e+02
  3.007089e+00,  1.474852e+02
  2.707218e+00,  1.355135e+02
  2.777028e+00,  1.165424e+02
  3.374064e+00,  9.867363e+01
  4.373659e+00,  8.712742e+01
  5.543029e+00,  8.065896e+01
  6.678763e+00,  7.706115e+01
  7.616309e+00,  7.494076e+01
  8.226026e+00,  7.351223e+01
  8.417422e+00,  7.228407e+01
  8.146255e+00,  7.085499e+01
  7.420546e+00,  6.874539e+01
  6.305393e+00,  6.514610e+01
  4.932950e+00,  5.832829e+01
  3.544814e+00,  4.407474e+01
  2.636000e+00,  1.457906e+01
  2.830928e+00,  3.379279e+02
  3.786823e+00,  3.170016e+02
  4.816486e+00,  3.082093e+02
  5.617081e+00,  3.050456e+02
  6.082043e+00,  3.047521e+02
  6.189828e+00,  3.061594e+02
  5.965953e+00,  3.086610e+02
  5.462581e+00,  3.118085e+02
  4.743105e+00,  3.150817e+02
  3.871635e+00,  3.176211e+02
  2.913036e+00,  3.175951e+02
  1.963839e+00,  3.100007e+02
  1.313123e+00,  2.809152e+02
  1.571022e+00,  2.386962e+02
  2.474181e+00,  2.217366e+02
  3.492970e+00,  2.180159e+02
  4.426658e+00,  2.187927e+02
  5.163500e+00,  2.213805e+02
  5.619918e+00,  2.248841e+02
  5.737362e+00,  2.290449e+02
  5.488898e+00,  2.339393e+02
  4.886055e+00,  2.399791e+02
  3.985575e+00,  2.482200e+02
  2.906163e+00,  2.615244e+02
  1.910463e+00,  2.885001e+02
  1.644590e+00,  3.384775e+02
  2.353828e+00,  1.579042e+01
  3.295655e+00,  3.313221e+01
  4.076020e+00,  4.270963e+01
  4.549920e+00,  4.897542e+01
  4.656141e+00,  5.331512e+01
  4.382997e+00,  5.596522e+01
  3.762343e+00,  5.627292e+01
  2.880401e+00,  5.181594e+01
  1.955552e+00,  3.456862e+01
  1.656162e+00,  3.517829e+02
  2.522792e+00,  3.187929e+02
  3.869458e+00,  3.079842e+02
  5.263477e+00,  3.053743e+02
  6.530913e+00,  3.057902e+02
  7.562438e+00,  3.074454e+02
  8.275081e+00,  3.095573e+02
  8.607614e+00,  3.116806e+02
  8.523922e+00,  3.134694e+02
  8.018792e+00,  3.145374e+02
  7.125091e+00,  3.142917e+02
  5.925099e+00,  3.115938e+02
  4.579272e+00,  3.039314e+02
  3.415451e+00,  2.859836e+02
  3.045054e+00,  2.549820e+02
  3.751830e+00,  2.283494e+02
  4.952204e+00,  2.154367e+02
  6.141314e+00,  2.104805e+02
  7.089138e+00,  2.093834e+02
  7.693258e+00,  2.103173e+02
  7.915852e+00,  2.123943e+02
  7.759721e+00,  2.150667e+02
  7.254474e+00,  2.178531e+02
  6.446864e+00,  2.201423e+02
  5.397847e+00,  2.209053e+02
  4.196611e+00,  2.179819e+02
  3.029261e+00,  2.060823e+02
  2.400851e+00,  1.763509e+02
  2.963665e+00,  1.431271e+02
  4.329313e+00,  1.275472e+02
  5.904232e+00,  1.222220e+02
  7.406031e+00,  1.209869e+02
  8.666567e+00,  1.214348e+02
  9.560678e+00,  1.225583e+02
  9.997593e+00,  1.238612e+02
  9.926916e+00,  1.250338e+02
  9.345835e+00,  1.257947e+02
  8.303464e+00,  1.257577e+02
  6.902556e+00,  1.242123e+02
  5.304620e+00,  1.196022e+02
  3.761036e+00,  1.081841e+02
  2.720244e+00,  8.301759e+01
  2.717301e+00,  4.979883e+01
  3.438038e+00,  3.052027e+01
  4.205754e+00,  2.410666e+01
  4.725687e+00,  2.443936e+01
  4.924571e+00,  2.896975e+01
  4.831132e+00,  3.699639e+01
  4.536867e+00,  4.865093e+01
  4.177575e+00,  6.437005e+01
  3.911712e+00,  8.415885e+01
  3.873755e+00,  1.065579e+02
  4.109573e+00,  1.287418e+02
  4.564300e+00,  1.484522e+02
  5.139047e+00,  1.650353e+02
  5.736842e+00,  1.787289e+02
  6.269761e+00,  1.899036e+02
  6.653831e+00,  1.988017e+02
  6.810231e+00,  2.054921e+02
  6.676151e+00,  2.098257e+02
  6.224197e+00,  2.112980e+02
  5.492732e+00,  2.087265e+02
  4.640964e+00,  1.997163e+02
  4.040876e+00,  1.812892e+02
  4.209635e+00,  1.568295e+02
  5.228367e+00,  1.377780e+02
  6.658216e+00,  1.272374e+02
  8.081015e+00,  1.221480e+02
  9.226558e+00,  1.200749e+02
  9.927436e+00,  1.197643e+02
  1.009359e+01,  1.206087e+02
  9.703834e+00,  1.223265e+02
  8.799619e+00,  1.248189e+02
  7.475066e+00,  1.281160e+02
  5.862063e+00,  1.323850e+02
  4.111392e+00,  1.380487e+02
  2.372770e+00,  1.464264e+02
  7.933345e-01,  1.674080e+02
  7.313901e-01,  3.101841e+02
  1.870242e+00,  3.337466e+02
  2.832679e+00,  3.469795e+02
  3.647724e+00,  3.590977e+02
  4.357255e+00,  1.054267e+01
  4.961478e+00,  2.091835e+01
  5.407828e+00,  2.987958e+01
  5.609038e+00,  3.730744e+01
  5.474576e+00,  4.322804e+01
  4.940209e+00,  4.764477e+01
  3.989040e+00,  5.026198e+01
  2.666025e+00,  4.949018e+01
  1.132799e+00,  3.297409e+01
  1.062351e+00,  2.849697e+02
  2.740743e+00,  2.649300e+02
  4.346959e+00,  2.625218e+02
  5.633790e+00,  2.630200e+02
  6.461546e+00,  2.645682e+02
  6.746579e+00,  2.667449e+02
  6.465690e+00,  2.695111e+02
  5.657792e+00,  2.730556e+02
  4.419016e+00,  2.779350e+02
  2.894715e+00,  2.859451e+02
  1.306831e+00,  3.073858e+02
  8.803378e-01,  5.043016e+01
  2.200113e+00,  8.793732e+01
  3.443622e+00,  1.007034e+02
  4.423845e+00,  1.105580e+02
  5.140868e+00,  1.202903e+02
  5.650611e+00,  1.304609e+02
  6.023045e+00,  1.408482e+02
  6.298380e+00,  1.507918e+02
  6.458169e+00,  1.594987e+02
  6.430668e+00,  1.662889e+02
  6.126602e+00,  1.705902e+02
  5.486531e+00,  1.716139e+02
  4.533256e+00,  1.675618e+02
  3.464264e+00,  1.537962e+02
  2.870863e+00,  1.232141e+02
  3.484552e+00,  8.908977e+01
  4.912514e+00,  7.051695e+01
  6.443638e+00,  6.184526e+01
  7.685331e+00,  5.739393e+01
  8.411433e+00,  5.478365e+01
  8.492210e+00,  5.294457e+01
  7.882327e+00,  5.123255e+01
  6.619703e+00,  4.897209e+01
  4.825572e+00,  4.474105e+01
  2.731656e+00,  3.282654e+01
  1.232447e+00,  3.313392e+02
  2.639549e+00,  2.683118e+02
  4.605935e+00,  2.567323e+02
  6.222720e+00,  2.535928e+02
  7.295773e+00,  2.531175e+02
  7.751526e+00,  2.540927e+02
  7.600206e+00,  2.562563e+02
  6.925828e+00,  2.597333e+02
  5.873374e+00,  2.649717e+02
  4.631303e+00,  2.728663e+02
  3.410422e+00,  2.849848e+02
  2.412938e+00,  3.033867e+02
  1.755875e+00,  3.280974e+02
  1.338860e+00,  3.537819e+02
  8.944749e-01,  1.719521e+01
  2.993159e-01,  6.813494e+01
  8.131506e-01,  1.857239e+02
  1.940162e+00,  2.026963e+02
  3.155339e+00,  2.111001e+02
  4.303691e+00,  2.173492e+02
  5.250407e+00,  2.228836e+02
  5.893983e+00,  2.283719e+02
  6.180772e+00,  2.342894e+02
  6.112827e+00,  2.410828e+02
  5.747283e+00,  2.492306e+02
  5.185721e+00,  2.592251e+02
  4.550747e+00,  2.714122e+02
  3.946812e+00,  2.856476e+02
  3.413170e+00,  3.010295e+02
  2.903059e+00,  3.163325e+02
  2.321557e+00,  3.312033e+02
  1.599851e+00,  3.479847e+02
  8.065122e-01,  2.195362e+01
  8.161257e-01,  1.122579e+02
  1.781914e+00,  1.451640e+02
  2.774264e+00,  1.567273e+02
  3.551174e+00,  1.634675e+02
  3.969340e+00,  1.685155e+02
  3.934287e+00,  1.731576e+02
  3.411290e+00,  1.786784e+02
  2.447498e+00,  1.882327e+02
  1.297489e+00,  2.177642e+02
  1.390261e+00,  2.973239e+02
  2.906417e+00,  3.252162e+02
  4.512071e+00,  3.329500e+02
  5.850875e+00,  3.357205e+02
  6.728859e+00,  3.362783e+02
  7.022493e+00,  3.352531e+02
  6.683736e+00,  3.325127e+02
  5.754386e+00,  3.271491e+02
  4.396049e+00,  3.164489e+02
  3.015845e+00,  2.923004e+02
  2.629465e+00,  2.456888e+02
  3.747646e+00,  2.095439e+02
  5.283473e+00,  1.926668e+02
  6.567995e+00,  1.830940e+02
  7.332486e+00,  1.758866e+02
  7.470491e+00,  1.689258e+02
  6.996778e+00,  1.606475e+02
  6.059505e+00,  1.489894e+02
  4.994697e+00,  1.305808e+02
  4.398334e+00,  1.026940e+02
  4.800128e+00,  7.275837e+01
  5.937316e+00,  5.170990e+01
  7.182015e+00,  3.900389e+01
  8.111973e+00,  3.103582e+01
  8.506767e+00,  2.561220e+01
  8.280215e+00,  2.158394e+01
  7.444910e+00,  1.827001e+01
  6.091553e+00,  1.509684e+01
  4.370958e+00,  1.115446e+01
  2.482184e+00,  3.388298e+00
  8.069037e-01,  3.233354e+02
  1.440823e+00,  2.250358e+02
  2.776338e+00,  2.115517e+02
  3.739335e+00,  2.083284e+02
  4.239351e+00,  2.078676e+02
  4.282149e+00,  2.089822e+02
  3.931632e+00,  2.115477e+02
  3.294212e+00,  2.159318e+02
  2.502711e+00,  2.231172e+02
  1.701598e+00,  2.354141e+02
  1.042117e+00,  2.584001e+02
  6.866439e-01,  3.000905e+02
  6.534291e-01,  3.465500e+02
  6.999901e-01,  2.242697e+01
  7.389574e-01,  5.691553e+01
  8.591790e-01,  9.241622e+01
  1.110571e+00,  1.220277e+02
  1.430253e+00,  1.443687e+02
  1.746047e+00,  1.629517e+02
  2.040750e+00,  1.807170e+02
  2.363405e+00,  1.987899e+02
  2.795768e+00,  2.162539e+02
  3.382352e+00,  2.312065e+02
  4.086015e+00,  2.425160e+02
  4.804915e+00,  2.502170e+02
  5.413232e+00,  2.548195e+02
  5.794073e+00,  2.567555e+02
  5.863108e+00,  2.561536e+02
  5.588441e+00,  2.527044e+02
  5.012308e+00,  2.454294e+02
  4.284363e+00,  2.323223e+02
  3.709391e+00,  2.108858e+02
  3.683761e+00,  1.832006e+02
  4.294125e+00,  1.585684e+02
  5.200978e+00,  1.410595e+02
  6.046052e+00,  1.283448e+02
  6.611253e+00,  1.177550e+02
  6.799724e+00,  1.074374e+02
  6.620963e+00,  9.591537e+01
  6.194290e+00,  8.174552e+01
  5.752208e+00,  6.372838e+01
  5.589077e+00,  4.225335e+01
  5.881362e+00,  2.052777e+01
  6.524347e+00,  2.047161e+00
  7.235428e+00,  3.476056e+02
  7.744084e+00,  3.362233e+02
  7.866776e+00,  3.266668e+02
  7.513898e+00,  3.178619e+02
  6.683724e+00,  3.087400e+02
  5.459463e+00,  2.977715e+02
  4.024835e+00,  2.817561e+02
  2.762469e+00,  2.528194e+02
  2.444285e+00,  2.057379e+02
  3.264768e+00,  1.687733e+02
  4.371240e+00,  1.484210e+02
  5.283187e+00,  1.348173e+02
  5.848595e+00,  1.233260e+02
  6.056111e+00,  1.118581e+02
  5.985558e+00,  9.917302e+01
  5.784833e+00,  8.452359e+01
  5.630385e+00,  6.796167e+01
  5.651884e+00,  5.072994e+01
  5.856319e+00,  3.472280e+01
  6.131740e+00,  2.119356e+01
  6.325539e+00,  1.029538e+01
  6.313876e+00,  1.561798e+00
  6.029100e+00,  3.543829e+02
  5.460876e+00,  3.481706e+02
  4.647081e+00,  3.423160e+02
  3.662012e+00,  3.359746e+02
  2.607191e+00,  3.274345e+02
  1.617917e+00,  3.117825e+02
  9.613504e-01,  2.737846e+02
  1.065596e+00,  2.219808e+02
  1.543002e+00,  1.990117e+02
  1.960632e+00,  1.901401e+02
  2.230810e+00,  1.860878e+02
  2.354482e+00,  1.837992e+02
  2.356502e+00,  1.817370e+02
  2.269194e+00,  1.786737e+02
  2.129759e+00,  1.733665e+02
  1.985450e+00,  1.646295e+02
  1.897144e+00,  1.519659e+02
  1.921776e+00,  1.366536e+02
  2.069850e+00,  1.214895e+02
  2.287256e+00,  1.084474e+02
  2.486979e+00,  9.760122e+01
  2.586070e+00,  8.799483e+01
  2.525003e+00,  7.833094e+01
  2.280363e+00,  6.684160e+01
  1.886859e+00,  5.028532e+01
  1.501488e+00,  2.215012e+01
  1.493895e+00,  3.405544e+02
  2.054850e+00,  3.066663e+02
  2.897638e+00,  2.866566e+02
  3.768653e+00,  2.734332e+02
  4.527272e+00,  2.629585e+02
  5.089273e+00,  2.534163e+02
  5.410214e+00,  2.438369e+02
  5.482851e+00,  2.335558e+02
  5.335659e+00,  2.220043e+02
  5.028336e+00,  2.086403e+02
  4.642265e+00,  1.929831e+02
  4.264625e+00,  1.747615e+02
  3.967527e+00,  1.541140e+02
  3.791852e+00,  1.316175e+02
  3.751563e+00,  1.080139e+02
  3.858555e+00,  8.398820e+01
  4.139560e+00,  6.034561e+01
  4.619829e+00,  3.815969e+01
  5.289049e+00,  1.838102e+01
  6.087135e+00,  1.356752e+00
  6.918535e+00,  3.468455e+02
  7.676155e+00,  3.343285e+02
  8.261373e+00,  3.232494e+02
  8.597967e+00,  3.131087e+02
  8.640875e+00,  3.034712e+02
  8.380387e+00,  2.939403e+02
  7.842006e+00,  2.841211e+02
  7.082925e+00,  2.735806e+02
  6.185831e+00,  2.618186e+02
  5.246591e+00,  2.482513e+02
  4.360850e+00,  2.322505e+02
  3.608982e+00,  2.133159e+02
  3.040344e+00,  1.914043e+02
  2.664715e+00,  1.671720e+02
  2.463769e+00,  1.417750e+02
  2.417292e+00,  1.165328e+02
  2.512437e+00,  9.295242e+01
  2.725072e+00,  7.252502e+01
  3.004990e+00,  5.607662e+01
  3.285760e+00,  4.359038e+01
  3.504896e+00,  3.461812e+01
  3.618961e+00,  2.868274e+01
  3.611090e+00,  2.544558e+01
  3.492307e+00,  2.470818e+01
  3.296865e+00,  2.631045e+01
  3.070749e+00,  2.993769e+01
  2.853620e+00,  3.489258e+01
  2.660235e+00,  4.002590e+01
  2.474251e+00,  4.398529e+01
  2.262132e+00,  4.554339e+01
  1.998447e+00,  4.356834e+01
  1.689327e+00,  3.654162e+01
  1.392039e+00,  2.208015e+01
  1.221175e+00,  3.588706e+02
  1.266208e+00,  3.329634e+02
  1.458612e+00,  3.130449e+02
  1.653082e+00,  2.997217e+02
  1.748590e+00,  2.902916e+02
  1.699698e+00,  2.826787e+02
  1.504038e+00,  2.754855e+02
  1.194063e+00,  2.673928e+02
  8.307202e-01,  2.563161e+02
  4.973862e-01,  2.377081e+02
  2.837889e-01,  2.052818e+02
  1.782590e-01,  1.779076e+02
  1.176819e-01,  2.428042e+02
  5.008647e-01,  2.792628e+02
  1.180545e+00,  2.788246e+02
  2.096253e+00,  2.755128e+02
  3.183643e+00,  2.717891e+02
  4.352872e+00,  2.679440e+02
  5.498089e+00,  2.639400e+02
  6.510652e+00,  2.596590e+02
  7.293843e+00,  2.549396e+02
  7.777407e+00,  2.495709e+02
  7.930270e+00,  2.432729e+02
  7.769975e+00,  2.356750e+02
  7.367915e+00,  2.263206e+02
  6.846813e+00,  2.147802e+02
  6.357018e+00,  2.009446e+02
  6.026489e+00,  1.854860e+02
  5.893805e+00,  1.699406e+02
  5.880709e+00,  1.559005e+02
  5.841618e+00,  1.441342e+02
  5.639166e+00,  1.345850e+02
  5.188513e+00,  1.268281e+02
  4.467796e+00,  1.203895e+02
  3.511652e+00,  1.148465e+02
  2.398091e+00,  1.097889e+02
  1.232662e+00,  1.045000e+02
  1.364438e-01,  8.435648e+01
  8.004429e-01,  2.809763e+02
  1.468908e+00,  2.748188e+02
  1.825953e+00,  2.685731e+02
  1.868239e+00,  2.601995e+02
  1.660587e+00,  2.467487e+02
  1.386315e+00,  2.225010e+02
  1.398147e+00,  1.867272e+02
  1.864366e+00,  1.585430e+02
  2.532823e+00,  1.441242e+02
  3.167950e+00,  1.375959e+02
  3.645732e+00,  1.355220e+02
  3.915871e+00,  1.366366e+02
  3.990589e+00,  1.406216e+02
  3.936914e+00,  1.474777e+02
  3.859476e+00,  1.569338e+02
  3.858371e+00,  1.678157e+02
  3.969919e+00,  1.780702e+02
  4.142725e+00,  1.858102e+02
  4.278587e+00,  1.900834e+02
  4.294331e+00,  1.905626e+02
  4.164233e+00,  1.869263e+02
  3.943390e+00,  1.786021e+02
  3.773149e+00,  1.652919e+02
  3.832044e+00,  1.485534e+02
  4.202820e+00,  1.322239e+02
  4.792353e+00,  1.192941e+02
  5.417441e+00,  1.101114e+02
  5.909243e+00,  1.037839e+02
  6.150474e+00,  9.938597e+01
  6.079389e+00,  9.623061e+01
  5.686112e+00,  9.379887e+01
  5.006497e+00,  9.158963e+01
  4.114187e+00,  8.888151e+01
  3.114015e+00,  8.419171e+01
  2.150559e+00,  7.374142e+01
  1.479323e+00,  4.884935e+01
  1.487802e+00,  1.279313e+01
  2.053272e+00,  3.534919e+02
  2.782187e+00,  3.486049e+02
  3.536213e+00,  3.496857e+02
  4.276134e+00,  3.529286e+02
  4.965387e+00,  3.565653e+02
  5.547715e+00,  3.596994e+02
  5.953561e+00,  1.854957e+00
  6.117634e+00,  2.722577e+00
  5.998647e+00,  1.970284e+00
  5.597597e+00,  3.590624e+02
  4.975244e+00,  3.530392e+02
  4.272477e+00,  3.423334e+02
  3.725732e+00,  3.254280e+02
  3.596608e+00,  3.041227e+02
  3.931071e+00,  2.849316e+02
  4.491736e+00,  2.717731e+02
  5.003844e+00,  2.638316e+02
  5.288823e+00,  2.593389e+02
  5.260084e+00,  2.570531e+02
  4.898992e+00,  2.562017e+02
  4.229763e+00,  2.561998e+02
  3.241261e+00,  2.565655e+02
  1.468404e+00,  2.681127e+02
##END=
