##TITLE= E:\桌面\nmr\ogm\sjd\matlabcod\1_unitary\1_18_xjhsjd
##JCAMP-DX= 5.00 Bruker JCAMP library
##DATA TYPE= Shape Data
##ORIGIN= Colm's GRAPE Pulses 
##OWNER= Dawei.Lu
##DATE= 02-Aug-2025
##TIME= 13:15
##MINX= 1.127990e+00
##MAXX= 2.779180e+01
##MINY= 9.822139e-01
##MAXY= 3.591855e+02
##$SHAPE_EXMODE= None
##$SHAPE_TOTROT= 9.000000e+01
##$SHAPE_BWFAC= 1.000000e+00
##$SHAPE_INTEGFAC= 1.000000e+00
##$SHAPE_MODE= 1
##PULSE_WIDTH= 2000
##Calibration_Power= 12500
##NPOINTS= 200
##XYPOINTS= (XY..XY)
  6.474981e+00,  2.328276e+02
  1.042369e+01,  2.328927e+02
  1.093352e+01,  2.256124e+02
  3.872079e+00,  1.865703e+02
  5.710600e+00,  7.882434e+01
  9.102052e+00,  5.906965e+01
  8.209327e+00,  4.748946e+01
  4.510734e+00,  2.631886e+01
  2.731780e+00,  3.117500e+02
  4.447059e+00,  2.804794e+02
  5.083498e+00,  2.935379e+02
  6.183555e+00,  3.225716e+02
  8.108877e+00,  3.393680e+02
  8.480887e+00,  3.427384e+02
  6.189449e+00,  3.382664e+02
  2.185456e+00,  3.255463e+02
  1.538528e+00,  1.349266e+02
  3.908316e+00,  9.622122e+01
  6.941750e+00,  4.987651e+01
  1.230415e+01,  1.680046e+01
  1.800426e+01,  3.540247e+02
  2.158181e+01,  3.336086e+02
  2.214803e+01,  3.108907e+02
  2.082301e+01,  2.831993e+02
  1.944330e+01,  2.514583e+02
  1.823850e+01,  2.199023e+02
  1.598448e+01,  1.894251e+02
  1.247642e+01,  1.548891e+02
  9.559453e+00,  1.083663e+02
  9.192126e+00,  5.534975e+01
  1.011526e+01,  1.044201e+01
  1.103106e+01,  3.303866e+02
  1.240258e+01,  2.935277e+02
  1.412486e+01,  2.635537e+02
  1.512764e+01,  2.403931e+02
  1.485147e+01,  2.209735e+02
  1.379187e+01,  2.024864e+02
  1.296978e+01,  1.838736e+02
  1.300497e+01,  1.663513e+02
  1.358574e+01,  1.507825e+02
  1.378359e+01,  1.350900e+02
  1.284730e+01,  1.146982e+02
  1.131579e+01,  8.279056e+01
  1.168237e+01,  3.863177e+01
  1.492289e+01,  3.591855e+02
  1.861005e+01,  3.282548e+02
  2.124308e+01,  2.990608e+02
  2.336840e+01,  2.686651e+02
  2.582476e+01,  2.391755e+02
  2.777793e+01,  2.134707e+02
  2.737137e+01,  1.913940e+02
  2.365944e+01,  1.705066e+02
  1.755950e+01,  1.465694e+02
  1.167752e+01,  1.125041e+02
  8.676697e+00,  6.625143e+01
  7.491006e+00,  2.325485e+01
  5.816414e+00,  3.386711e+02
  5.795650e+00,  2.771172e+02
  8.627576e+00,  2.376805e+02
  1.066698e+01,  2.200625e+02
  1.001174e+01,  2.100636e+02
  6.656147e+00,  1.999998e+02
  2.229178e+00,  1.549075e+02
  4.988057e+00,  5.596139e+01
  9.688132e+00,  4.086626e+01
  1.276516e+01,  2.892211e+01
  1.416532e+01,  9.678741e+00
  1.590300e+01,  3.409626e+02
  2.014545e+01,  3.123503e+02
  2.527171e+01,  2.913754e+02
  2.779180e+01,  2.753684e+02
  2.567497e+01,  2.597291e+02
  1.967917e+01,  2.385050e+02
  1.391502e+01,  2.012121e+02
  1.351236e+01,  1.535383e+02
  1.526846e+01,  1.221089e+02
  1.429401e+01,  9.907370e+01
  1.111529e+01,  6.900452e+01
  1.030879e+01,  2.499083e+01
  1.319615e+01,  3.562464e+02
  1.575520e+01,  3.481093e+02
  1.662429e+01,  3.504687e+02
  1.630328e+01,  3.558689e+02
  1.479027e+01,  3.568434e+02
  1.196420e+01,  3.461973e+02
  9.760862e+00,  3.173339e+02
  1.049949e+01,  2.851964e+02
  1.147989e+01,  2.703198e+02
  9.946869e+00,  2.711980e+02
  6.944625e+00,  2.937761e+02
  6.469457e+00,  3.377705e+02
  7.460682e+00,  1.245174e+00
  5.804902e+00,  7.424574e+00
  1.127990e+00,  3.461935e+02
  4.974589e+00,  1.991458e+02
  9.215411e+00,  1.919874e+02
  9.686988e+00,  1.818769e+02
  6.742833e+00,  1.547110e+02
  6.465459e+00,  8.681564e+01
  1.122683e+01,  5.232216e+01
  1.391981e+01,  4.130313e+01
  1.213314e+01,  3.806526e+01
  6.860619e+00,  4.519981e+01
  2.884508e+00,  1.104511e+02
  5.006804e+00,  1.590875e+02
  4.486833e+00,  1.536453e+02
  2.559289e+00,  7.149088e+01
  7.655657e+00,  1.533512e+01
  1.212806e+01,  9.822139e-01
  1.239815e+01,  3.473417e+02
  8.563076e+00,  3.188001e+02
  7.781770e+00,  2.464639e+02
  1.430251e+01,  2.052334e+02
  1.920935e+01,  1.870170e+02
  1.916139e+01,  1.707522e+02
  1.504092e+01,  1.467824e+02
  1.158838e+01,  1.045197e+02
  1.256498e+01,  6.179085e+01
  1.327287e+01,  3.808444e+01
  1.014862e+01,  2.259669e+01
  4.059317e+00,  3.558253e+02
  4.315684e+00,  2.329450e+02
  9.424853e+00,  2.140973e+02
  1.182406e+01,  2.096880e+02
  1.157431e+01,  2.058515e+02
  9.881378e+00,  1.946958e+02
  9.016814e+00,  1.674329e+02
  1.142296e+01,  1.364624e+02
  1.552717e+01,  1.175538e+02
  1.809471e+01,  1.042876e+02
  1.722711e+01,  8.946610e+01
  1.338076e+01,  6.488601e+01
  1.057223e+01,  1.843244e+01
  1.272912e+01,  3.301998e+02
  1.550105e+01,  2.992869e+02
  1.561882e+01,  2.710276e+02
  1.460514e+01,  2.343358e+02
  1.612575e+01,  1.934118e+02
  1.951395e+01,  1.630752e+02
  2.103737e+01,  1.418633e+02
  1.895442e+01,  1.232416e+02
  1.411862e+01,  1.009966e+02
  9.229933e+00,  6.634447e+01
  6.953548e+00,  1.736452e+01
  6.025006e+00,  3.311614e+02
  4.994845e+00,  2.733506e+02
  7.564318e+00,  2.106131e+02
  1.288108e+01,  1.808354e+02
  1.757323e+01,  1.639559e+02
  2.016289e+01,  1.496877e+02
  2.057956e+01,  1.336954e+02
  1.984086e+01,  1.136589e+02
  1.929080e+01,  9.006015e+01
  1.925332e+01,  6.627442e+01
  1.867981e+01,  4.413110e+01
  1.656727e+01,  2.111136e+01
  1.343787e+01,  3.507621e+02
  1.195261e+01,  3.077149e+02
  1.399220e+01,  2.661017e+02
  1.720016e+01,  2.363266e+02
  1.944042e+01,  2.121368e+02
  2.053800e+01,  1.889868e+02
  2.110017e+01,  1.663700e+02
  2.130049e+01,  1.458817e+02
  2.067260e+01,  1.285988e+02
  1.883692e+01,  1.141023e+02
  1.599803e+01,  1.011557e+02
  1.276001e+01,  8.863940e+01
  9.631012e+00,  7.691945e+01
  6.718850e+00,  7.023239e+01
  4.242888e+00,  8.251827e+01
  4.258768e+00,  1.237790e+02
  6.791925e+00,  1.389580e+02
  8.877440e+00,  1.332708e+02
  9.465916e+00,  1.166786e+02
  9.195189e+00,  8.959337e+01
  9.424266e+00,  5.643269e+01
  9.971637e+00,  2.621159e+01
  9.499831e+00,  3.574353e+02
  8.338219e+00,  3.186290e+02
  9.685168e+00,  2.699164e+02
  1.415147e+01,  2.374527e+02
  1.846831e+01,  2.185262e+02
  2.040817e+01,  2.035310e+02
  1.960801e+01,  1.867303e+02
  1.767204e+01,  1.640435e+02
  1.710724e+01,  1.371754e+02
  1.813367e+01,  1.155838e+02
  1.848454e+01,  1.029803e+02
  1.662943e+01,  9.650299e+01
  1.268087e+01,  9.209350e+01
  7.853315e+00,  8.232141e+01
  4.659082e+00,  4.536290e+01
  6.120066e+00,  4.068569e+00
  8.782165e+00,  3.574513e+02
  1.028928e+01,  2.330833e+00
  1.008779e+01,  9.417671e+00
  7.978516e+00,  1.282180e+01
  4.494275e+00,  3.577767e+02
  3.934873e+00,  2.975778e+02
##END=
