##TITLE= E:\桌面\nmr\ogm\sjd\matlabcod\1_unitary\1_19_xjhsjd
##JCAMP-DX= 5.00 Bruker JCAMP library
##DATA TYPE= Shape Data
##ORIGIN= Colm's GRAPE Pulses 
##OWNER= Dawei.Lu
##DATE= 02-Aug-2025
##TIME= 13:15
##MINX= 1.216533e+00
##MAXX= 2.137257e+01
##MINY= 2.844304e+00
##MAXY= 3.599333e+02
##$SHAPE_EXMODE= None
##$SHAPE_TOTROT= 9.000000e+01
##$SHAPE_BWFAC= 1.000000e+00
##$SHAPE_INTEGFAC= 1.000000e+00
##$SHAPE_MODE= 1
##PULSE_WIDTH= 2000
##Calibration_Power= 12500
##NPOINTS= 200
##XYPOINTS= (XY..XY)
  2.772230e+00,  2.631114e+02
  3.351198e+00,  6.523433e+01
  8.835041e+00,  7.778037e+01
  7.353344e+00,  8.432563e+01
  4.562256e+00,  6.613162e+01
  5.106006e+00,  4.965371e+00
  9.113465e+00,  3.440337e+02
  1.148924e+01,  3.428683e+02
  1.088590e+01,  3.512037e+02
  8.695931e+00,  1.347511e+01
  8.220860e+00,  4.817504e+01
  9.479185e+00,  6.804214e+01
  9.453108e+00,  6.658889e+01
  8.133278e+00,  4.284715e+01
  8.709253e+00,  2.844304e+00
  1.087541e+01,  3.354448e+02
  1.066914e+01,  3.192928e+02
  6.338283e+00,  3.031151e+02
  2.136045e+00,  1.705701e+02
  1.012304e+01,  1.263982e+02
  1.642195e+01,  1.125073e+02
  1.900355e+01,  9.826974e+01
  1.833202e+01,  8.047464e+01
  1.652403e+01,  5.881443e+01
  1.518920e+01,  3.830125e+01
  1.401271e+01,  2.581184e+01
  1.252212e+01,  2.357404e+01
  1.134585e+01,  2.871001e+01
  1.093616e+01,  3.287232e+01
  1.071879e+01,  2.849304e+01
  1.024166e+01,  1.417229e+01
  9.591193e+00,  3.523725e+02
  8.709077e+00,  3.257864e+02
  7.581612e+00,  2.926229e+02
  7.250335e+00,  2.503962e+02
  8.595748e+00,  2.123569e+02
  1.020129e+01,  1.875518e+02
  1.061519e+01,  1.708486e+02
  9.806629e+00,  1.575387e+02
  8.792002e+00,  1.455412e+02
  8.713103e+00,  1.356644e+02
  9.996945e+00,  1.295243e+02
  1.211244e+01,  1.257468e+02
  1.386700e+01,  1.220528e+02
  1.406844e+01,  1.170051e+02
  1.222276e+01,  1.087653e+02
  8.971761e+00,  9.263618e+01
  6.322891e+00,  5.943042e+01
  6.095636e+00,  1.968429e+01
  6.150318e+00,  3.565617e+02
  4.316594e+00,  3.388456e+02
  1.877484e+00,  2.651554e+02
  5.590582e+00,  2.009299e+02
  9.996344e+00,  1.948471e+02
  1.291889e+01,  1.967698e+02
  1.396061e+01,  2.006114e+02
  1.319730e+01,  2.023421e+02
  1.110461e+01,  1.966376e+02
  9.390827e+00,  1.767693e+02
  1.058488e+01,  1.511885e+02
  1.400079e+01,  1.394037e+02
  1.726718e+01,  1.385198e+02
  1.909039e+01,  1.415577e+02
  1.874625e+01,  1.434285e+02
  1.582966e+01,  1.388275e+02
  1.151995e+01,  1.180431e+02
  1.049075e+01,  7.449029e+01
  1.363507e+01,  4.401247e+01
  1.478566e+01,  3.115725e+01
  1.095168e+01,  2.523665e+01
  2.833263e+00,  2.660418e+01
  6.531666e+00,  1.933177e+02
  1.325381e+01,  1.922258e+02
  1.478074e+01,  1.890438e+02
  1.100328e+01,  1.817391e+02
  4.953610e+00,  1.501292e+02
  5.658172e+00,  6.916108e+01
  8.921074e+00,  5.758802e+01
  9.336586e+00,  7.276129e+01
  9.844689e+00,  1.064815e+02
  1.279986e+01,  1.334171e+02
  1.467499e+01,  1.431895e+02
  1.250367e+01,  1.393769e+02
  7.768645e+00,  1.082213e+02
  9.250223e+00,  4.506682e+01
  1.464502e+01,  2.360882e+01
  1.617886e+01,  2.048397e+01
  1.276911e+01,  2.900409e+01
  8.285348e+00,  6.281674e+01
  9.047081e+00,  1.086341e+02
  1.016798e+01,  1.204250e+02
  7.302273e+00,  1.030931e+02
  6.899374e+00,  3.193342e+01
  1.349945e+01,  3.581146e+02
  1.756172e+01,  3.493112e+02
  1.545973e+01,  3.484762e+02
  8.229756e+00,  3.092202e+00
  5.942845e+00,  9.013438e+01
  1.216640e+01,  1.162819e+02
  1.397863e+01,  1.116221e+02
  1.111093e+01,  8.615882e+01
  1.128829e+01,  3.119874e+01
  1.751973e+01,  3.583761e+02
  2.137257e+01,  3.460137e+02
  1.890560e+01,  3.410077e+02
  1.063023e+01,  3.424213e+02
  2.209180e+00,  6.906232e+01
  9.424615e+00,  1.314230e+02
  1.250942e+01,  1.308796e+02
  9.583752e+00,  1.199548e+02
  4.954711e+00,  6.862102e+01
  8.277847e+00,  5.979260e+00
  1.165073e+01,  3.583272e+02
  1.127293e+01,  1.166926e+01
  1.086691e+01,  4.590187e+01
  1.392587e+01,  7.488077e+01
  1.607219e+01,  8.460692e+01
  1.383267e+01,  8.079974e+01
  8.722923e+00,  5.331101e+01
  8.940513e+00,  3.519093e+02
  1.351046e+01,  3.259138e+02
  1.437529e+01,  3.196597e+02
  1.009060e+01,  3.231521e+02
  3.514298e+00,  3.163206e+00
  6.268304e+00,  1.013270e+02
  1.005791e+01,  1.181325e+02
  9.576393e+00,  1.316369e+02
  6.742685e+00,  1.612357e+02
  6.472545e+00,  2.087075e+02
  7.445228e+00,  2.269719e+02
  5.844873e+00,  2.112841e+02
  6.407356e+00,  1.460051e+02
  1.309133e+01,  1.154099e+02
  1.915744e+01,  1.067062e+02
  2.126016e+01,  1.029277e+02
  1.877164e+01,  9.985536e+01
  1.312936e+01,  9.323705e+01
  7.360919e+00,  6.997831e+01
  6.263392e+00,  1.905705e+01
  8.422147e+00,  3.570387e+02
  8.957799e+00,  3.551713e+02
  6.867806e+00,  3.599333e+02
  2.587212e+00,  1.280403e+01
  2.964553e+00,  1.760047e+02
  8.159592e+00,  1.878644e+02
  1.192909e+01,  1.926340e+02
  1.342518e+01,  1.935900e+02
  1.266521e+01,  1.893094e+02
  1.092056e+01,  1.769530e+02
  1.034417e+01,  1.573534e+02
  1.191779e+01,  1.420459e+02
  1.465785e+01,  1.360537e+02
  1.741580e+01,  1.338595e+02
  1.914166e+01,  1.300734e+02
  1.896260e+01,  1.217493e+02
  1.691193e+01,  1.072656e+02
  1.412064e+01,  8.611301e+01
  1.165176e+01,  6.131678e+01
  9.129482e+00,  3.887548e+01
  5.614035e+00,  2.131380e+01
  1.216533e+00,  3.087368e+00
  2.988381e+00,  1.839371e+02
  5.849628e+00,  1.752882e+02
  7.043812e+00,  1.701686e+02
  7.123047e+00,  1.688179e+02
  7.175255e+00,  1.720710e+02
  8.209624e+00,  1.765336e+02
  1.042576e+01,  1.765988e+02
  1.315577e+01,  1.714339e+02
  1.538988e+01,  1.624656e+02
  1.634023e+01,  1.504476e+02
  1.591402e+01,  1.358999e+02
  1.465182e+01,  1.207934e+02
  1.308349e+01,  1.098307e+02
  1.163561e+01,  1.089502e+02
  1.135741e+01,  1.188001e+02
  1.267272e+01,  1.277323e+02
  1.375025e+01,  1.264456e+02
  1.298551e+01,  1.132119e+02
  1.126911e+01,  8.533080e+01
  1.104113e+01,  4.822471e+01
  1.138990e+01,  1.807842e+01
  9.171467e+00,  3.527438e+02
  4.623966e+00,  3.011194e+02
  7.683231e+00,  2.101193e+02
  1.423180e+01,  1.848666e+02
  1.718786e+01,  1.715948e+02
  1.509456e+01,  1.586469e+02
  9.559531e+00,  1.367849e+02
  5.708325e+00,  8.184847e+01
  6.867467e+00,  3.385079e+01
  6.219928e+00,  2.262362e+01
  2.580515e+00,  5.740432e+01
  5.682619e+00,  1.480206e+02
  1.042426e+01,  1.580267e+02
  1.146639e+01,  1.611352e+02
  8.289162e+00,  1.661784e+02
  2.998829e+00,  1.907187e+02
  2.611112e+00,  3.063671e+02
  1.833854e+00,  9.425514e+00
##END=
