##TITLE= E:\桌面\nmr\ogm\sjd\matlabcod\1_unitary\1_1_xjhsjd
##JCAMP-DX= 5.00 Bruker JCAMP library
##DATA TYPE= Shape Data
##ORIGIN= Colm's GRAPE Pulses 
##OWNER= Dawei.Lu
##DATE= 02-Aug-2025
##TIME= 13:19
##MINX= 5.576342e-01
##MAXX= 1.884447e+01
##MINY= 6.483165e-01
##MAXY= 3.594893e+02
##$SHAPE_EXMODE= None
##$SHAPE_TOTROT= 9.000000e+01
##$SHAPE_BWFAC= 1.000000e+00
##$SHAPE_INTEGFAC= 1.000000e+00
##$SHAPE_MODE= 1
##PULSE_WIDTH= 2000
##Calibration_Power= 12500
##NPOINTS= 200
##XYPOINTS= (XY..XY)
  3.929757e+00,  1.859351e+02
  9.474823e+00,  1.520098e+02
  1.749932e+01,  1.370546e+02
  1.884447e+01,  1.236778e+02
  1.622208e+01,  1.050460e+02
  1.277467e+01,  7.431567e+01
  1.215980e+01,  3.626218e+01
  1.299371e+01,  1.104948e+01
  1.170508e+01,  3.594893e+02
  7.711457e+00,  3.593949e+02
  3.368202e+00,  3.110930e+01
  3.745163e+00,  9.913956e+01
  4.390600e+00,  1.092120e+02
  2.317816e+00,  8.529655e+01
  3.199125e+00,  3.359825e+02
  7.093031e+00,  3.136084e+02
  8.758554e+00,  3.025717e+02
  7.237271e+00,  2.870245e+02
  4.398782e+00,  2.427562e+02
  6.173940e+00,  1.769830e+02
  9.808776e+00,  1.556788e+02
  1.134847e+01,  1.479029e+02
  1.038494e+01,  1.429057e+02
  8.039188e+00,  1.340929e+02
  6.353911e+00,  1.113306e+02
  7.537060e+00,  8.213370e+01
  1.089879e+01,  6.724696e+01
  1.425971e+01,  5.978061e+01
  1.604318e+01,  5.229409e+01
  1.568659e+01,  4.070115e+01
  1.413308e+01,  2.156166e+01
  1.347402e+01,  3.556193e+02
  1.451224e+01,  3.329264e+02
  1.569415e+01,  3.196001e+02
  1.564335e+01,  3.131258e+02
  1.410679e+01,  3.091482e+02
  1.143725e+01,  3.026725e+02
  8.472493e+00,  2.868085e+02
  6.785820e+00,  2.561255e+02
  6.965682e+00,  2.252702e+02
  6.916150e+00,  2.056755e+02
  5.080026e+00,  1.874291e+02
  2.441265e+00,  1.295713e+02
  5.261811e+00,  5.175535e+01
  9.737855e+00,  3.384304e+01
  1.278598e+01,  2.377658e+01
  1.368412e+01,  1.320290e+01
  1.290117e+01,  3.588922e+02
  1.180805e+01,  3.401391e+02
  1.148835e+01,  3.219090e+02
  1.170082e+01,  3.109425e+02
  1.183553e+01,  3.078731e+02
  1.172881e+01,  3.085509e+02
  1.124279e+01,  3.078688e+02
  1.022386e+01,  3.025081e+02
  8.941734e+00,  2.918586e+02
  7.970049e+00,  2.790484e+02
  7.613308e+00,  2.705154e+02
  7.960595e+00,  2.692151e+02
  9.076103e+00,  2.699166e+02
  1.052493e+01,  2.656570e+02
  1.161283e+01,  2.537736e+02
  1.217608e+01,  2.342689e+02
  1.263016e+01,  2.091873e+02
  1.310694e+01,  1.823860e+02
  1.301074e+01,  1.557626e+02
  1.187400e+01,  1.270917e+02
  1.030267e+01,  9.182688e+01
  9.751188e+00,  4.958905e+01
  1.064568e+01,  9.342632e+00
  1.201516e+01,  3.350292e+02
  1.342550e+01,  3.042376e+02
  1.505008e+01,  2.768343e+02
  1.663915e+01,  2.542924e+02
  1.747979e+01,  2.364492e+02
  1.714257e+01,  2.215875e+02
  1.588494e+01,  2.075755e+02
  1.448666e+01,  1.926977e+02
  1.369076e+01,  1.769363e+02
  1.352562e+01,  1.621526e+02
  1.314822e+01,  1.493533e+02
  1.146887e+01,  1.370293e+02
  8.004276e+00,  1.206894e+02
  3.786689e+00,  8.057661e+01
  4.038820e+00,  3.464757e+02
  6.936407e+00,  3.061056e+02
  8.315012e+00,  2.732849e+02
  9.523811e+00,  2.327149e+02
  1.246056e+01,  1.952914e+02
  1.560338e+01,  1.683729e+02
  1.647124e+01,  1.458816e+02
  1.445482e+01,  1.198629e+02
  1.181648e+01,  8.113672e+01
  1.221932e+01,  3.497282e+01
  1.424732e+01,  1.700359e+00
  1.409693e+01,  3.372724e+02
  1.098355e+01,  3.101046e+02
  7.628167e+00,  2.636523e+02
  8.238482e+00,  2.071865e+02
  9.755306e+00,  1.736397e+02
  8.542258e+00,  1.463578e+02
  5.774512e+00,  9.855559e+01
  7.403454e+00,  3.120553e+01
  1.150938e+01,  6.483165e-01
  1.328037e+01,  3.432585e+02
  1.181037e+01,  3.254646e+02
  8.882774e+00,  2.963779e+02
  8.304304e+00,  2.531563e+02
  1.040859e+01,  2.252650e+02
  1.192105e+01,  2.148121e+02
  1.168249e+01,  2.115677e+02
  1.001185e+01,  2.083533e+02
  7.764860e+00,  1.957397e+02
  6.853721e+00,  1.637911e+02
  8.941210e+00,  1.329253e+02
  1.175551e+01,  1.177283e+02
  1.276065e+01,  1.087648e+02
  1.094282e+01,  9.879473e+01
  7.033767e+00,  7.682100e+01
  5.156894e+00,  1.564539e+01
  8.375737e+00,  3.324938e+02
  1.111243e+01,  3.176611e+02
  1.133741e+01,  3.083655e+02
  9.534092e+00,  2.958882e+02
  7.773011e+00,  2.717654e+02
  8.671736e+00,  2.425442e+02
  1.187554e+01,  2.280463e+02
  1.533004e+01,  2.236045e+02
  1.747402e+01,  2.215512e+02
  1.731696e+01,  2.180228e+02
  1.494118e+01,  2.099051e+02
  1.187809e+01,  1.929773e+02
  1.046350e+01,  1.675619e+02
  1.102800e+01,  1.476615e+02
  1.150488e+01,  1.395454e+02
  1.054214e+01,  1.386730e+02
  7.925824e+00,  1.407182e+02
  4.065352e+00,  1.416819e+02
  5.576342e-01,  3.017167e+01
  4.165689e+00,  3.427295e+02
  6.664025e+00,  3.418985e+02
  7.423582e+00,  3.387354e+02
  6.756143e+00,  3.270174e+02
  6.168326e+00,  3.003088e+02
  7.462986e+00,  2.714529e+02
  9.775144e+00,  2.575409e+02
  1.143441e+01,  2.541324e+02
  1.186828e+01,  2.559436e+02
  1.132626e+01,  2.590528e+02
  1.022905e+01,  2.581395e+02
  9.054902e+00,  2.466166e+02
  8.898619e+00,  2.227660e+02
  1.030273e+01,  1.984178e+02
  1.165822e+01,  1.809250e+02
  1.120134e+01,  1.660186e+02
  8.681810e+00,  1.456911e+02
  6.135558e+00,  1.042821e+02
  7.193098e+00,  5.185421e+01
  9.932425e+00,  2.395986e+01
  1.147893e+01,  6.200105e+00
  1.160499e+01,  3.479346e+02
  1.149346e+01,  3.254809e+02
  1.231748e+01,  3.023131e+02
  1.378391e+01,  2.838379e+02
  1.471249e+01,  2.694210e+02
  1.436986e+01,  2.550964e+02
  1.295528e+01,  2.367364e+02
  1.142487e+01,  2.120980e+02
  1.040673e+01,  1.842304e+02
  9.123729e+00,  1.576801e+02
  6.551399e+00,  1.286321e+02
  3.686881e+00,  7.133648e+01
  5.140624e+00,  3.508847e+02
  8.129054e+00,  3.128493e+02
  9.663233e+00,  2.807657e+02
  1.061346e+01,  2.425732e+02
  1.283519e+01,  2.038554e+02
  1.562338e+01,  1.729100e+02
  1.680847e+01,  1.464024e+02
  1.576330e+01,  1.171770e+02
  1.444278e+01,  7.958261e+01
  1.530137e+01,  3.981352e+01
  1.692685e+01,  8.671096e+00
  1.646081e+01,  3.430067e+02
  1.358643e+01,  3.138021e+02
  1.120515e+01,  2.722132e+02
  1.204912e+01,  2.306654e+02
  1.325271e+01,  2.051033e+02
  1.182059e+01,  1.886269e+02
  7.818576e+00,  1.714479e+02
  3.873596e+00,  1.285793e+02
  4.682053e+00,  6.530381e+01
  6.621737e+00,  5.181396e+01
  6.995803e+00,  5.406394e+01
  5.711914e+00,  5.756128e+01
  2.792958e+00,  4.165291e+01
  3.585480e+00,  2.963496e+02
  9.135914e+00,  2.769521e+02
  1.284780e+01,  2.676520e+02
  6.766884e+00,  2.463190e+02
##END=
