##TITLE= E:\桌面\nmr\ogm\sjd\matlabcod\1_unitary\1_20_xjhsjd
##JCAMP-DX= 5.00 Bruker JCAMP library
##DATA TYPE= Shape Data
##ORIGIN= Colm's GRAPE Pulses 
##OWNER= Dawei.Lu
##DATE= 02-Aug-2025
##TIME= 13:14
##MINX= 9.874549e-01
##MAXX= 2.620542e+01
##MINY= 2.026529e+00
##MAXY= 3.597231e+02
##$SHAPE_EXMODE= None
##$SHAPE_TOTROT= 9.000000e+01
##$SHAPE_BWFAC= 1.000000e+00
##$SHAPE_INTEGFAC= 1.000000e+00
##$SHAPE_MODE= 1
##PULSE_WIDTH= 2000
##Calibration_Power= 12500
##NPOINTS= 200
##XYPOINTS= (XY..XY)
  8.934079e+00,  1.226098e+02
  1.349766e+01,  9.556361e+01
  1.653634e+01,  8.238700e+01
  8.105828e+00,  7.985060e+01
  2.957424e+00,  2.773275e+02
  1.165478e+01,  2.703003e+02
  1.532434e+01,  2.728454e+02
  1.382209e+01,  2.779140e+02
  9.190024e+00,  2.839520e+02
  4.009103e+00,  2.751282e+02
  4.398398e+00,  1.949941e+02
  1.084821e+01,  1.838960e+02
  1.732940e+01,  1.848304e+02
  2.103848e+01,  1.837615e+02
  2.017034e+01,  1.780562e+02
  1.536487e+01,  1.632462e+02
  1.064616e+01,  1.285852e+02
  1.068275e+01,  8.538940e+01
  1.166968e+01,  6.511701e+01
  9.692457e+00,  6.297370e+01
  6.249867e+00,  8.505597e+01
  6.153275e+00,  1.281612e+02
  7.479986e+00,  1.375974e+02
  6.757276e+00,  1.158751e+02
  7.034364e+00,  6.276377e+01
  1.092977e+01,  2.164690e+01
  1.433250e+01,  3.565242e+02
  1.490208e+01,  3.319856e+02
  1.342376e+01,  2.995429e+02
  1.263660e+01,  2.573763e+02
  1.353814e+01,  2.160830e+02
  1.432509e+01,  1.797939e+02
  1.434654e+01,  1.433082e+02
  1.460461e+01,  1.052992e+02
  1.538536e+01,  7.003734e+01
  1.568695e+01,  3.929976e+01
  1.485353e+01,  1.142259e+01
  1.301380e+01,  3.457833e+02
  1.032146e+01,  3.246611e+02
  6.798529e+00,  3.141023e+02
  3.680631e+00,  3.365167e+02
  4.697058e+00,  2.249111e+01
  6.734952e+00,  2.659338e+01
  6.780600e+00,  1.694770e+01
  4.938770e+00,  2.026529e+00
  2.454754e+00,  3.536526e+02
  2.326953e+00,  5.378135e+01
  7.142645e+00,  5.693820e+01
  1.419122e+01,  4.314760e+01
  2.128950e+01,  2.880051e+01
  2.581876e+01,  1.375228e+01
  2.620542e+01,  3.560566e+02
  2.312394e+01,  3.326966e+02
  1.940293e+01,  3.011734e+02
  1.714967e+01,  2.659237e+02
  1.446986e+01,  2.338145e+02
  9.165224e+00,  1.949508e+02
  7.466028e+00,  1.068726e+02
  1.552318e+01,  5.727560e+01
  2.224919e+01,  3.607008e+01
  2.352671e+01,  1.861750e+01
  1.961957e+01,  3.568356e+02
  1.459440e+01,  3.219381e+02
  1.336966e+01,  2.787244e+02
  1.338286e+01,  2.503483e+02
  9.907616e+00,  2.350386e+02
  2.852786e+00,  2.248787e+02
  4.947247e+00,  4.375775e+01
  1.023545e+01,  4.172177e+01
  1.137108e+01,  4.443378e+01
  9.185278e+00,  5.388656e+01
  6.148838e+00,  7.165762e+01
  3.580727e+00,  8.156785e+01
  2.769560e+00,  1.204872e+01
  8.291160e+00,  3.389050e+02
  1.453110e+01,  3.325034e+02
  1.779828e+01,  3.268857e+02
  1.611736e+01,  3.168418e+02
  1.072988e+01,  2.907704e+02
  9.369967e+00,  2.283829e+02
  1.475480e+01,  1.917823e+02
  1.762217e+01,  1.783414e+02
  1.484377e+01,  1.704994e+02
  7.455258e+00,  1.600267e+02
  2.403479e+00,  3.532577e+01
  8.561926e+00,  3.597231e+02
  1.033175e+01,  3.547420e+02
  6.933015e+00,  3.506051e+02
  1.062801e+00,  2.750811e+02
  7.022328e+00,  1.919407e+02
  1.150304e+01,  1.938342e+02
  1.228131e+01,  2.026218e+02
  1.017994e+01,  2.196320e+02
  7.494339e+00,  2.489993e+02
  5.892817e+00,  2.858421e+02
  4.252387e+00,  3.172991e+02
  1.285504e+00,  5.528542e+00
  3.578430e+00,  1.488706e+02
  8.171634e+00,  1.704853e+02
  1.174507e+01,  1.856752e+02
  1.327694e+01,  1.990809e+02
  1.219354e+01,  2.116467e+02
  8.668065e+00,  2.245925e+02
  3.805034e+00,  2.417260e+02
  9.874549e-01,  4.475622e+01
  4.433992e+00,  8.944380e+01
  7.577553e+00,  1.189864e+02
  1.128637e+01,  1.413816e+02
  1.433671e+01,  1.532547e+02
  1.447055e+01,  1.553076e+02
  1.091592e+01,  1.427372e+02
  7.975362e+00,  9.248155e+01
  1.278271e+01,  4.527236e+01
  1.786696e+01,  2.931639e+01
  1.767872e+01,  2.154866e+01
  1.138043e+01,  1.550229e+01
  1.386720e+00,  3.587064e+02
  8.265930e+00,  1.880678e+02
  1.370973e+01,  1.780344e+02
  1.378138e+01,  1.605779e+02
  1.194122e+01,  1.237523e+02
  1.502855e+01,  8.047584e+01
  2.071618e+01,  5.933505e+01
  2.340365e+01,  5.126513e+01
  2.149166e+01,  4.980730e+01
  1.646686e+01,  5.363565e+01
  1.120552e+01,  6.156892e+01
  7.699587e+00,  6.362521e+01
  6.854468e+00,  4.190126e+01
  9.515915e+00,  1.712788e+01
  1.259645e+01,  7.520476e+00
  1.262569e+01,  7.449586e+00
  9.086335e+00,  2.264708e+01
  7.709160e+00,  7.519731e+01
  1.292346e+01,  1.038726e+02
  1.705970e+01,  1.018927e+02
  1.766285e+01,  8.447763e+01
  1.744555e+01,  5.314615e+01
  1.967881e+01,  1.939225e+01
  2.184966e+01,  3.544368e+02
  1.984216e+01,  3.343353e+02
  1.301204e+01,  3.084711e+02
  7.174729e+00,  2.388885e+02
  1.274189e+01,  1.709676e+02
  1.845730e+01,  1.433129e+02
  1.978366e+01,  1.188295e+02
  1.845901e+01,  8.775401e+01
  1.817961e+01,  5.106342e+01
  1.922875e+01,  1.966974e+01
  1.848997e+01,  3.559559e+02
  1.456505e+01,  3.342388e+02
  9.065402e+00,  3.046957e+02
  5.838013e+00,  2.522013e+02
  6.005565e+00,  2.077160e+02
  5.389876e+00,  1.927825e+02
  3.639698e+00,  2.049668e+02
  3.499508e+00,  2.408383e+02
  4.487216e+00,  2.454851e+02
  4.772349e+00,  2.225830e+02
  5.055574e+00,  1.847313e+02
  5.431299e+00,  1.479147e+02
  4.639341e+00,  1.088308e+02
  3.901754e+00,  3.630471e+01
  7.579816e+00,  3.326790e+02
  1.288092e+01,  3.007384e+02
  1.737115e+01,  2.751647e+02
  2.054560e+01,  2.502158e+02
  2.250909e+01,  2.261352e+02
  2.279673e+01,  2.045798e+02
  2.047620e+01,  1.860413e+02
  1.534116e+01,  1.694351e+02
  8.584309e+00,  1.522036e+02
  2.312979e+00,  1.243434e+02
  2.098429e+00,  3.068994e+02
  4.810939e+00,  2.641458e+02
  8.032086e+00,  2.310374e+02
  1.137728e+01,  2.125392e+02
  1.261351e+01,  2.055371e+02
  1.070589e+01,  2.105641e+02
  7.934270e+00,  2.389647e+02
  9.316742e+00,  2.781979e+02
  1.240454e+01,  2.889666e+02
  1.338217e+01,  2.793541e+02
  1.357725e+01,  2.530220e+02
  1.654353e+01,  2.232162e+02
  2.102909e+01,  2.063115e+02
  2.325877e+01,  2.004506e+02
  2.172230e+01,  2.016744e+02
  1.730742e+01,  2.078173e+02
  1.171745e+01,  2.151284e+02
  6.113413e+00,  2.090973e+02
  4.704637e+00,  1.430445e+02
  9.763750e+00,  1.175727e+02
  1.333113e+01,  1.178834e+02
  1.256157e+01,  1.254643e+02
  7.765516e+00,  1.490793e+02
  6.317923e+00,  2.261841e+02
  1.153110e+01,  2.634009e+02
  1.338551e+01,  2.746526e+02
  9.547956e+00,  2.561669e+02
##END=
