##TITLE= E:\桌面\nmr\ogm\sjd\matlabcod\1\1_21_xjhsjd
##JCAMP-DX= 5.00 Bruker JCAMP library
##DATA TYPE= Shape Data
##ORIGIN= Colm's GRAPE Pulses 
##OWNER= Dawei.Lu
##DATE= 02-Aug-2025
##TIME= 11:21
##MINX= 1.479415e-01
##MAXX= 1.199486e+01
##MINY= 1.537893e-01
##MAXY= 3.596403e+02
##$SHAPE_EXMODE= None
##$SHAPE_TOTROT= 9.000000e+01
##$SHAPE_BWFAC= 1.000000e+00
##$SHAPE_INTEGFAC= 1.000000e+00
##$SHAPE_MODE= 1
##PULSE_WIDTH= 5000
##Calibration_Power= 12500
##NPOINTS= 1000
##XYPOINTS= (XY..XY)
  1.051966e+00,  1.283047e+02
  2.111524e+00,  1.444616e+02
  3.851627e+00,  1.608359e+02
  5.136665e+00,  1.764777e+02
  6.155656e+00,  1.886020e+02
  6.841337e+00,  1.992290e+02
  7.170283e+00,  2.094194e+02
  7.159228e+00,  2.196823e+02
  6.844789e+00,  2.302425e+02
  6.262105e+00,  2.411839e+02
  5.431363e+00,  2.526132e+02
  4.359532e+00,  2.650071e+02
  3.064222e+00,  2.803628e+02
  1.673125e+00,  3.090816e+02
  1.263567e+00,  3.133968e+01
  2.752735e+00,  7.653085e+01
  4.574488e+00,  9.220445e+01
  6.277844e+00,  1.013298e+02
  7.642270e+00,  1.079512e+02
  8.486278e+00,  1.132781e+02
  8.669615e+00,  1.178649e+02
  8.111175e+00,  1.220974e+02
  6.804503e+00,  1.264369e+02
  4.827952e+00,  1.319551e+02
  2.368642e+00,  1.442282e+02
  9.786817e-01,  2.555128e+02
  3.590507e+00,  2.969310e+02
  6.242159e+00,  3.038648e+02
  8.438833e+00,  3.070804e+02
  9.942918e+00,  3.089360e+02
  1.059668e+01,  3.098918e+02
  1.033257e+01,  3.099134e+02
  9.185952e+00,  3.085544e+02
  7.308998e+00,  3.044919e+02
  5.022748e+00,  2.935029e+02
  3.148205e+00,  2.610743e+02
  3.543088e+00,  2.089805e+02
  5.607982e+00,  1.859861e+02
  7.682722e+00,  1.787646e+02
  9.218020e+00,  1.770991e+02
  1.001404e+01,  1.782425e+02
  1.002559e+01,  1.815193e+02
  9.330897e+00,  1.871076e+02
  8.126670e+00,  1.958726e+02
  6.732852e+00,  2.094694e+02
  5.589484e+00,  2.297304e+02
  5.114091e+00,  2.550740e+02
  5.298934e+00,  2.784452e+02
  5.672031e+00,  2.956239e+02
  5.775035e+00,  3.077623e+02
  5.364866e+00,  3.170399e+02
  4.375823e+00,  3.252596e+02
  2.869212e+00,  3.348574e+02
  1.054023e+00,  6.430007e-01
  1.352927e+00,  1.291535e+02
  3.405312e+00,  1.487107e+02
  5.310617e+00,  1.568487e+02
  6.845992e+00,  1.632073e+02
  7.876535e+00,  1.692733e+02
  8.330448e+00,  1.756382e+02
  8.200539e+00,  1.827588e+02
  7.543042e+00,  1.912098e+02
  6.475656e+00,  2.019551e+02
  5.185087e+00,  2.168866e+02
  3.969600e+00,  2.397011e+02
  3.312381e+00,  2.738488e+02
  3.593639e+00,  3.102086e+02
  4.481777e+00,  3.361949e+02
  5.446237e+00,  3.534804e+02
  6.184795e+00,  6.167333e+00
  6.538432e+00,  1.647178e+01
  6.416420e+00,  2.552956e+01
  5.774116e+00,  3.412120e+01
  4.613020e+00,  4.327159e+01
  2.998314e+00,  5.599090e+01
  1.237451e+00,  9.454419e+01
  1.867800e+00,  1.953542e+02
  4.148385e+00,  2.176241e+02
  6.438000e+00,  2.264241e+02
  8.430988e+00,  2.320426e+02
  9.911594e+00,  2.362749e+02
  1.070957e+01,  2.396738e+02
  1.071366e+01,  2.424485e+02
  9.886750e+00,  2.446456e+02
  8.275330e+00,  2.461367e+02
  6.011390e+00,  2.463510e+02
  3.314821e+00,  2.424728e+02
  8.084718e-01,  1.884513e+02
  2.682144e+00,  9.592426e+01
  5.128168e+00,  8.992006e+01
  6.998434e+00,  8.953781e+01
  8.072559e+00,  9.067492e+01
  8.234769e+00,  9.272207e+01
  7.470569e+00,  9.585056e+01
  5.875561e+00,  1.011125e+02
  3.687904e+00,  1.129130e+02
  1.717575e+00,  1.604637e+02
  2.915206e+00,  2.355141e+02
  5.436420e+00,  2.536764e+02
  7.674715e+00,  2.604416e+02
  9.252765e+00,  2.641889e+02
  9.972669e+00,  2.666750e+02
  9.748497e+00,  2.684165e+02
  8.600371e+00,  2.694808e+02
  6.649188e+00,  2.694753e+02
  4.111004e+00,  2.664394e+02
  1.405331e+00,  2.414435e+02
  2.099275e+00,  1.279375e+02
  4.741340e+00,  1.157814e+02
  6.981710e+00,  1.146452e+02
  8.552152e+00,  1.159774e+02
  9.324599e+00,  1.186276e+02
  9.271596e+00,  1.225076e+02
  8.465613e+00,  1.280199e+02
  7.079408e+00,  1.362239e+02
  5.399976e+00,  1.496211e+02
  3.901756e+00,  1.736665e+02
  3.322757e+00,  2.115031e+02
  3.883342e+00,  2.452975e+02
  4.770696e+00,  2.655131e+02
  5.360957e+00,  2.783319e+02
  5.410225e+00,  2.882048e+02
  4.861798e+00,  2.975373e+02
  3.773879e+00,  3.087505e+02
  2.332579e+00,  3.285506e+02
  1.311790e+00,  2.982817e+01
  2.447087e+00,  9.313444e+01
  4.311490e+00,  1.134683e+02
  6.106056e+00,  1.245517e+02
  7.617064e+00,  1.330252e+02
  8.725291e+00,  1.405417e+02
  9.357338e+00,  1.476999e+02
  9.476087e+00,  1.547916e+02
  9.077146e+00,  1.620319e+02
  8.188141e+00,  1.696927e+02
  6.871165e+00,  1.782896e+02
  5.231221e+00,  1.890787e+02
  3.449807e+00,  2.059821e+02
  1.990224e+00,  2.440844e+02
  2.113144e+00,  3.082975e+02
  3.424204e+00,  3.400105e+02
  4.678135e+00,  3.547377e+02
  5.495046e+00,  4.499833e+00
  5.725360e+00,  1.273642e+01
  5.317207e+00,  2.122356e+01
  4.317099e+00,  3.230591e+01
  2.945247e+00,  5.263470e+01
  2.058189e+00,  1.023834e+02
  3.120189e+00,  1.542346e+02
  5.094724e+00,  1.746965e+02
  7.011962e+00,  1.842052e+02
  8.490893e+00,  1.898014e+02
  9.302263e+00,  1.934857e+02
  9.308212e+00,  1.959137e+02
  8.462019e+00,  1.971729e+02
  6.814048e+00,  1.967522e+02
  4.524918e+00,  1.923020e+02
  2.021865e+00,  1.678331e+02
  2.155526e+00,  7.456688e+01
  4.850801e+00,  5.198555e+01
  7.437865e+00,  4.731524e+01
  9.467239e+00,  4.614167e+01
  1.071797e+01,  4.618769e+01
  1.107137e+01,  4.680790e+01
  1.050696e+01,  4.776355e+01
  9.100303e+00,  4.895516e+01
  7.012798e+00,  5.033900e+01
  4.472910e+00,  5.188552e+01
  1.750621e+00,  5.343972e+01
  8.725796e-01,  2.368744e+02
  3.133590e+00,  2.386417e+02
  4.817681e+00,  2.414347e+02
  5.780980e+00,  2.449891e+02
  5.968004e+00,  2.497284e+02
  5.424180e+00,  2.566475e+02
  4.317757e+00,  2.682948e+02
  3.041266e+00,  2.920362e+02
  2.560467e+00,  3.382877e+02
  3.590914e+00,  1.787810e+01
  5.166678e+00,  3.709334e+01
  6.577375e+00,  4.798816e+01
  7.536849e+00,  5.585037e+01
  7.922082e+00,  6.265587e+01
  7.710133e+00,  6.939628e+01
  6.958939e+00,  7.684213e+01
  5.794375e+00,  8.596789e+01
  4.401219e+00,  9.856946e+01
  3.034957e+00,  1.187716e+02
  2.099254e+00,  1.546812e+02
  2.043844e+00,  2.011789e+02
  2.544609e+00,  2.343780e+02
  3.026404e+00,  2.570026e+02
  3.310178e+00,  2.768338e+02
  3.442625e+00,  2.977038e+02
  3.583056e+00,  3.208912e+02
  3.909734e+00,  3.450643e+02
  4.498464e+00,  7.381927e+00
  5.284291e+00,  2.619526e+01
  6.135075e+00,  4.165083e+01
  6.920348e+00,  5.454224e+01
  7.533179e+00,  6.556992e+01
  7.889727e+00,  7.517999e+01
  7.924540e+00,  8.359098e+01
  7.588115e+00,  9.085027e+01
  6.849984e+00,  9.683124e+01
  5.706758e+00,  1.010947e+02
  4.197031e+00,  1.022623e+02
  2.451131e+00,  9.437271e+01
  1.229421e+00,  3.900231e+01
  2.533248e+00,  3.422446e+02
  4.518630e+00,  3.325973e+02
  6.339198e+00,  3.310889e+02
  7.747389e+00,  3.316153e+02
  8.576264e+00,  3.327256e+02
  8.715033e+00,  3.338661e+02
  8.117219e+00,  3.346719e+02
  6.808979e+00,  3.346333e+02
  4.896105e+00,  3.324017e+02
  2.602711e+00,  3.214815e+02
  1.195190e+00,  2.421821e+02
  3.271186e+00,  1.912197e+02
  5.683720e+00,  1.839378e+02
  7.719484e+00,  1.823707e+02
  9.157640e+00,  1.824779e+02
  9.871717e+00,  1.833093e+02
  9.815657e+00,  1.845331e+02
  9.023049e+00,  1.859936e+02
  7.601748e+00,  1.875645e+02
  5.718224e+00,  1.890075e+02
  3.578182e+00,  1.894896e+02
  1.418093e+00,  1.830330e+02
  7.836266e-01,  5.353517e+01
  2.428490e+00,  3.752233e+01
  3.713616e+00,  4.031695e+01
  4.554471e+00,  4.676335e+01
  4.999037e+00,  5.586050e+01
  5.171975e+00,  6.753723e+01
  5.236147e+00,  8.142746e+01
  5.321587e+00,  9.637190e+01
  5.451127e+00,  1.107172e+02
  5.529977e+00,  1.232450e+02
  5.408778e+00,  1.336208e+02
  4.956309e+00,  1.421023e+02
  4.100566e+00,  1.491397e+02
  2.841103e+00,  1.552029e+02
  1.245110e+00,  1.610615e+02
  5.671773e-01,  3.415482e+02
  2.435464e+00,  3.480348e+02
  4.189718e+00,  3.524630e+02
  5.665106e+00,  3.567054e+02
  6.725172e+00,  1.033564e+00
  7.278128e+00,  5.652774e+00
  7.288397e+00,  1.080758e+01
  6.779200e+00,  1.686570e+01
  5.830603e+00,  2.449037e+01
  4.577871e+00,  3.510851e+01
  3.229124e+00,  5.237715e+01
  2.177136e+00,  8.559445e+01
  2.109087e+00,  1.349762e+02
  2.911399e+00,  1.684878e+02
  3.841066e+00,  1.870031e+02
  4.582839e+00,  1.996118e+02
  5.036407e+00,  2.097578e+02
  5.170259e+00,  2.186307e+02
  4.978732e+00,  2.265722e+02
  4.466020e+00,  2.334709e+02
  3.643004e+00,  2.387087e+02
  2.538161e+00,  2.401977e+02
  1.269830e+00,  2.262847e+02
  1.031775e+00,  1.418384e+02
  2.568051e+00,  1.149866e+02
  4.333140e+00,  1.126575e+02
  6.032607e+00,  1.143697e+02
  7.507991e+00,  1.172097e+02
  8.624247e+00,  1.204284e+02
  9.273576e+00,  1.237869e+02
  9.387100e+00,  1.272213e+02
  8.944858e+00,  1.307479e+02
  7.978663e+00,  1.344432e+02
  6.570035e+00,  1.384704e+02
  4.843037e+00,  1.432097e+02
  2.953795e+00,  1.498997e+02
  1.098635e+00,  1.674197e+02
  8.320033e-01,  3.009890e+02
  2.223574e+00,  3.240614e+02
  3.281472e+00,  3.325120e+02
  3.905414e+00,  3.394323e+02
  4.085258e+00,  3.464873e+02
  3.857626e+00,  3.544039e+02
  3.293148e+00,  3.960184e+00
  2.485631e+00,  1.675272e+01
  1.561200e+00,  3.818823e+01
  8.800950e-01,  9.322873e+01
  1.380220e+00,  1.629036e+02
  2.501825e+00,  1.904333e+02
  3.753927e+00,  2.059671e+02
  5.036817e+00,  2.174576e+02
  6.279693e+00,  2.267128e+02
  7.393290e+00,  2.343107e+02
  8.270831e+00,  2.405030e+02
  8.802934e+00,  2.454149e+02
  8.897823e+00,  2.490717e+02
  8.502480e+00,  2.513516e+02
  7.618029e+00,  2.518430e+02
  6.316857e+00,  2.494767e+02
  4.779466e+00,  2.414599e+02
  3.423759e+00,  2.208515e+02
  3.114787e+00,  1.839666e+02
  4.139173e+00,  1.558796e+02
  5.603385e+00,  1.437269e+02
  6.913539e+00,  1.391336e+02
  7.819535e+00,  1.379885e+02
  8.214716e+00,  1.387158e+02
  8.077454e+00,  1.406760e+02
  7.450557e+00,  1.436061e+02
  6.425333e+00,  1.474109e+02
  5.123369e+00,  1.520647e+02
  3.675932e+00,  1.575172e+02
  2.203224e+00,  1.634224e+02
  7.985521e-01,  1.665271e+02
  5.187985e-01,  1.647356e+01
  1.689043e+00,  1.811376e+01
  2.770911e+00,  2.743404e+01
  3.783825e+00,  3.756852e+01
  4.728304e+00,  4.743140e+01
  5.566576e+00,  5.655931e+01
  6.227485e+00,  6.480702e+01
  6.626493e+00,  7.223548e+01
  6.686829e+00,  7.901714e+01
  6.358307e+00,  8.539734e+01
  5.630392e+00,  9.171629e+01
  4.538328e+00,  9.855640e+01
  3.165130e+00,  1.073798e+02
  1.661996e+00,  1.247019e+02
  7.492108e-01,  2.048354e+02
  1.870087e+00,  2.643175e+02
  3.162553e+00,  2.785000e+02
  4.175223e+00,  2.864640e+02
  4.796133e+00,  2.927543e+02
  4.972708e+00,  2.985359e+02
  4.696521e+00,  3.043615e+02
  3.999719e+00,  3.107658e+02
  2.951770e+00,  3.188551e+02
  1.666963e+00,  3.331920e+02
  6.044958e-01,  4.180003e+01
  1.614557e+00,  1.200040e+02
  3.051515e+00,  1.354573e+02
  4.363612e+00,  1.438015e+02
  5.429588e+00,  1.501672e+02
  6.164680e+00,  1.555722e+02
  6.505360e+00,  1.602741e+02
  6.410685e+00,  1.642659e+02
  5.866784e+00,  1.673430e+02
  4.893710e+00,  1.689164e+02
  3.557498e+00,  1.671661e+02
  2.031538e+00,  1.540210e+02
  1.257508e+00,  9.038298e+01
  2.619319e+00,  4.550224e+01
  4.439534e+00,  3.676519e+01
  6.132974e+00,  3.509771e+01
  7.506027e+00,  3.548738e+01
  8.431529e+00,  3.661018e+01
  8.827929e+00,  3.794857e+01
  8.662846e+00,  3.920385e+01
  7.956855e+00,  4.008251e+01
  6.783938e+00,  4.010513e+01
  5.270810e+00,  3.819190e+01
  3.610201e+00,  3.125345e+01
  2.175335e+00,  8.674627e+00
  1.903256e+00,  3.193269e+02
  2.885424e+00,  2.911184e+02
  4.014326e+00,  2.839974e+02
  4.901825e+00,  2.844781e+02
  5.465546e+00,  2.886668e+02
  5.722883e+00,  2.953892e+02
  5.742170e+00,  3.041805e+02
  5.609784e+00,  3.146485e+02
  5.394354e+00,  3.262256e+02
  5.118974e+00,  3.381717e+02
  4.755443e+00,  3.498047e+02
  4.245792e+00,  7.642857e-01
  3.535872e+00,  1.116134e+01
  2.602627e+00,  2.184064e+01
  1.474030e+00,  3.648516e+01
  4.352152e-01,  1.035145e+02
  1.357574e+00,  1.942155e+02
  2.672490e+00,  2.090280e+02
  3.857914e+00,  2.174051e+02
  4.787133e+00,  2.241898e+02
  5.368279e+00,  2.305128e+02
  5.544139e+00,  2.369475e+02
  5.299303e+00,  2.440498e+02
  4.666505e+00,  2.526907e+02
  3.737420e+00,  2.647255e+02
  2.705697e+00,  2.849251e+02
  2.032536e+00,  3.229466e+02
  2.366082e+00,  7.888486e+00
  3.384798e+00,  3.398658e+01
  4.479727e+00,  4.803658e+01
  5.377421e+00,  5.691889e+01
  5.946711e+00,  6.314674e+01
  6.118261e+00,  6.756631e+01
  5.866556e+00,  7.027045e+01
  5.213056e+00,  7.071295e+01
  4.241949e+00,  6.719951e+01
  3.158540e+00,  5.514907e+01
  2.482429e+00,  2.614330e+01
  2.931061e+00,  3.513606e+02
  4.194452e+00,  3.335830e+02
  5.616637e+00,  3.270622e+02
  6.870629e+00,  3.254042e+02
  7.782321e+00,  3.260935e+02
  8.247679e+00,  3.281635e+02
  8.216142e+00,  3.312765e+02
  7.689153e+00,  3.354454e+02
  6.720674e+00,  3.410262e+02
  5.418588e+00,  3.489807e+02
  3.957156e+00,  1.814911e+00
  2.648499e+00,  2.634322e+01
  2.131759e+00,  7.061483e+01
  2.713075e+00,  1.093087e+02
  3.616463e+00,  1.294849e+02
  4.332747e+00,  1.412572e+02
  4.691805e+00,  1.496768e+02
  4.649284e+00,  1.566656e+02
  4.226461e+00,  1.630812e+02
  3.488374e+00,  1.693585e+02
  2.526776e+00,  1.756028e+02
  1.441776e+00,  1.810945e+02
  3.374777e-01,  1.721302e+02
  7.998105e-01,  3.372599e+01
  1.843790e+00,  3.873909e+01
  2.846872e+00,  4.819998e+01
  3.824554e+00,  5.851066e+01
  4.785406e+00,  6.868616e+01
  5.709155e+00,  7.818501e+01
  6.540756e+00,  8.673239e+01
  7.198547e+00,  9.424949e+01
  7.590734e+00,  1.007755e+02
  7.634296e+00,  1.063988e+02
  7.272221e+00,  1.112032e+02
  6.486471e+00,  1.152173e+02
  5.305101e+00,  1.183172e+02
  3.803566e+00,  1.198991e+02
  2.107250e+00,  1.169305e+02
  5.877752e-01,  6.838094e+01
  1.604742e+00,  3.387906e+02
  3.088295e+00,  3.328321e+02
  4.273410e+00,  3.337883e+02
  5.046069e+00,  3.366358e+02
  5.352704e+00,  3.405453e+02
  5.186952e+00,  3.454461e+02
  4.587298e+00,  3.516511e+02
  3.632515e+00,  1.537893e-01
  2.449522e+00,  1.427006e+01
  1.332127e+00,  4.933371e+01
  1.379674e+00,  1.233441e+02
  2.569840e+00,  1.572948e+02
  3.877481e+00,  1.720675e+02
  5.060898e+00,  1.818832e+02
  6.031610e+00,  1.897492e+02
  6.733204e+00,  1.964839e+02
  7.122331e+00,  2.022845e+02
  7.166281e+00,  2.070867e+02
  6.847896e+00,  2.106299e+02
  6.176147e+00,  2.123592e+02
  5.204386e+00,  2.110758e+02
  4.070539e+00,  2.039922e+02
  3.109526e+00,  1.852686e+02
  2.968071e+00,  1.538852e+02
  3.867580e+00,  1.297201e+02
  5.214326e+00,  1.190172e+02
  6.543861e+00,  1.155094e+02
  7.625470e+00,  1.155354e+02
  8.337614e+00,  1.175861e+02
  8.625482e+00,  1.210521e+02
  8.488697e+00,  1.257185e+02
  7.974415e+00,  1.315631e+02
  7.161449e+00,  1.386686e+02
  6.141944e+00,  1.471911e+02
  5.002621e+00,  1.573957e+02
  3.810975e+00,  1.698930e+02
  2.619074e+00,  1.866829e+02
  1.533588e+00,  2.163717e+02
  1.137847e+00,  2.830111e+02
  1.992524e+00,  3.324262e+02
  3.214208e+00,  3.524043e+02
  4.421040e+00,  3.422728e+00
  5.452929e+00,  1.049967e+01
  6.180857e+00,  1.502585e+01
  6.500047e+00,  1.734410e+01
  6.350245e+00,  1.719319e+01
  5.747155e+00,  1.353335e+01
  4.839881e+00,  3.836721e+00
  4.039408e+00,  3.435996e+02
  4.078862e+00,  3.138199e+02
  5.240156e+00,  2.898465e+02
  6.961186e+00,  2.768967e+02
  8.689335e+00,  2.704967e+02
  1.008430e+01,  2.674717e+02
  1.093308e+01,  2.663586e+02
  1.111501e+01,  2.665325e+02
  1.059679e+01,  2.678073e+02
  9.429109e+00,  2.703241e+02
  7.743084e+00,  2.746775e+02
  5.750942e+00,  2.825082e+02
  3.783565e+00,  2.986271e+02
  2.496053e+00,  3.349726e+02
  2.719980e+00,  2.084496e+01
  3.674993e+00,  4.430166e+01
  4.406064e+00,  5.492487e+01
  4.616503e+00,  6.038916e+01
  4.252643e+00,  6.295316e+01
  3.376738e+00,  6.245238e+01
  2.152762e+00,  5.476118e+01
  1.076888e+00,  1.345204e+01
  1.689086e+00,  3.077670e+02
  3.063628e+00,  2.938109e+02
  4.308305e+00,  2.926386e+02
  5.237521e+00,  2.957037e+02
  5.797956e+00,  3.013929e+02
  6.017737e+00,  3.094593e+02
  5.993612e+00,  3.199937e+02
  5.866689e+00,  3.329271e+02
  5.772547e+00,  3.475846e+02
  5.774401e+00,  2.611450e+00
  5.827423e+00,  1.660799e+01
  5.812275e+00,  2.885748e+01
  5.601288e+00,  3.936238e+01
  5.104706e+00,  4.849588e+01
  4.287215e+00,  5.674556e+01
  3.166035e+00,  6.470210e+01
  1.801100e+00,  7.369511e+01
  3.120829e-01,  1.067652e+02
  1.335586e+00,  2.542181e+02
  2.885129e+00,  2.643503e+02
  4.314872e+00,  2.717335e+02
  5.546852e+00,  2.784557e+02
  6.517985e+00,  2.847940e+02
  7.174168e+00,  2.907242e+02
  7.466881e+00,  2.961083e+02
  7.353861e+00,  3.007223e+02
  6.805605e+00,  3.042052e+02
  5.818426e+00,  3.058490e+02
  4.438723e+00,  3.038291e+02
  2.841971e+00,  2.916174e+02
  1.837891e+00,  2.451537e+02
  2.957489e+00,  1.962729e+02
  4.966742e+00,  1.818568e+02
  6.944156e+00,  1.772817e+02
  8.570707e+00,  1.755674e+02
  9.644751e+00,  1.747766e+02
  1.002987e+01,  1.741332e+02
  9.659926e+00,  1.731367e+02
  8.550254e+00,  1.711880e+02
  6.809770e+00,  1.670774e+02
  4.675171e+00,  1.572613e+02
  2.737891e+00,  1.280639e+02
  2.725048e+00,  6.885475e+01
  4.513843e+00,  4.033214e+01
  6.335887e+00,  3.077192e+01
  7.618968e+00,  2.689912e+01
  8.147869e+00,  2.536611e+01
  7.844307e+00,  2.521018e+01
  6.736391e+00,  2.634553e+01
  4.951608e+00,  2.966094e+01
  2.733267e+00,  4.016866e+01
  1.052489e+00,  1.101315e+02
  2.790307e+00,  1.758401e+02
  4.939486e+00,  1.859198e+02
  6.613890e+00,  1.892580e+02
  7.589782e+00,  1.905516e+02
  7.760221e+00,  1.906665e+02
  7.117921e+00,  1.895508e+02
  5.757369e+00,  1.863135e+02
  3.894197e+00,  1.775602e+02
  2.077447e+00,  1.465486e+02
  2.270916e+00,  7.702060e+01
  4.170194e+00,  5.146571e+01
  6.007732e+00,  4.410074e+01
  7.336430e+00,  4.153375e+01
  7.979576e+00,  4.091471e+01
  7.872468e+00,  4.140533e+01
  7.041180e+00,  4.277437e+01
  5.590895e+00,  4.516236e+01
  3.691448e+00,  4.947975e+01
  1.575962e+00,  6.203595e+01
  8.468271e-01,  1.912454e+02
  2.743736e+00,  2.192090e+02
  4.374942e+00,  2.266139e+02
  5.527334e+00,  2.322557e+02
  6.126076e+00,  2.380616e+02
  6.168754e+00,  2.448609e+02
  5.722839e+00,  2.535347e+02
  4.928807e+00,  2.655249e+02
  4.019400e+00,  2.833998e+02
  3.358913e+00,  3.101653e+02
  3.338671e+00,  3.424160e+02
  3.930563e+00,  9.030914e+00
  4.734707e+00,  2.703660e+01
  5.430139e+00,  3.936298e+01
  5.839438e+00,  4.827139e+01
  5.867304e+00,  5.474234e+01
  5.469648e+00,  5.886694e+01
  4.651756e+00,  5.974490e+01
  3.503058e+00,  5.412309e+01
  2.382395e+00,  3.106745e+01
  2.442581e+00,  3.438011e+02
  4.026280e+00,  3.171747e+02
  6.091131e+00,  3.085378e+02
  8.129778e+00,  3.058257e+02
  9.873768e+00,  3.052622e+02
  1.112283e+01,  3.055454e+02
  1.172703e+01,  3.061250e+02
  1.159624e+01,  3.067148e+02
  1.071160e+01,  3.071105e+02
  9.132222e+00,  3.070730e+02
  6.994590e+00,  3.061297e+02
  4.507441e+00,  3.028247e+02
  1.980671e+00,  2.886425e+02
  1.112440e+00,  1.848125e+02
  2.935409e+00,  1.514767e+02
  4.368030e+00,  1.454206e+02
  5.048919e+00,  1.427977e+02
  4.878754e+00,  1.407445e+02
  3.866576e+00,  1.377531e+02
  2.136564e+00,  1.291439e+02
  7.193089e-01,  3.079503e+01
  3.051887e+00,  3.383003e+02
  5.731489e+00,  3.321185e+02
  8.183627e+00,  3.296373e+02
  1.012759e+01,  3.280210e+02
  1.135072e+01,  3.265421e+02
  1.172325e+01,  3.248136e+02
  1.121377e+01,  3.224337e+02
  9.898908e+00,  3.187401e+02
  7.973569e+00,  3.123221e+02
  5.793731e+00,  2.996466e+02
  4.064603e+00,  2.724455e+02
  3.940400e+00,  2.315776e+02
  5.240396e+00,  2.050182e+02
  6.685476e+00,  1.931986e+02
  7.643765e+00,  1.880079e+02
  7.888814e+00,  1.861373e+02
  7.375706e+00,  1.865423e+02
  6.180053e+00,  1.893587e+02
  4.483383e+00,  1.964045e+02
  2.636535e+00,  2.158566e+02
  1.771885e+00,  2.753117e+02
  3.014902e+00,  3.217309e+02
  4.631086e+00,  3.368459e+02
  5.893804e+00,  3.440071e+02
  6.606891e+00,  3.486090e+02
  6.710449e+00,  3.521225e+02
  6.227371e+00,  3.550028e+02
  5.244184e+00,  3.572198e+02
  3.895280e+00,  3.580699e+02
  2.356478e+00,  3.543842e+02
  9.753123e-01,  3.233836e+02
  1.328906e+00,  2.424537e+02
  2.604232e+00,  2.293609e+02
  3.732829e+00,  2.308978e+02
  4.596593e+00,  2.365410e+02
  5.178853e+00,  2.444166e+02
  5.499321e+00,  2.540386e+02
  5.601077e+00,  2.653323e+02
  5.547512e+00,  2.784002e+02
  5.423639e+00,  2.933605e+02
  5.332260e+00,  3.100539e+02
  5.369414e+00,  3.276613e+02
  5.576674e+00,  3.446870e+02
  5.905886e+00,  3.596403e+02
  6.234258e+00,  1.171374e+01
  6.412720e+00,  2.074442e+01
  6.310360e+00,  2.675952e+01
  5.845621e+00,  2.951822e+01
  5.015965e+00,  2.794076e+01
  3.955190e+00,  1.884028e+01
  3.094858e+00,  3.554029e+02
  3.247589e+00,  3.202582e+02
  4.483257e+00,  2.964505e+02
  6.052802e+00,  2.851066e+02
  7.447221e+00,  2.793714e+02
  8.378424e+00,  2.759215e+02
  8.669730e+00,  2.732457e+02
  8.233908e+00,  2.703863e+02
  7.078082e+00,  2.662254e+02
  5.326851e+00,  2.582997e+02
  3.347274e+00,  2.380083e+02
  2.513836e+00,  1.830270e+02
  4.193166e+00,  1.405434e+02
  6.578105e+00,  1.262399e+02
  8.742215e+00,  1.201694e+02
  1.035342e+01,  1.169199e+02
  1.123741e+01,  1.148500e+02
  1.132142e+01,  1.132759e+02
  1.062542e+01,  1.117892e+02
  9.254925e+00,  1.099896e+02
  7.389485e+00,  1.072281e+02
  5.270922e+00,  1.019883e+02
  3.217741e+00,  8.952241e+01
  1.816292e+00,  5.355927e+01
  1.965999e+00,  2.126286e+00
  2.724731e+00,  3.426221e+02
  3.136525e+00,  3.388286e+02
  3.039437e+00,  3.429782e+02
  2.551012e+00,  3.564249e+02
  2.094971e+00,  2.628119e+01
  2.402661e+00,  6.625481e+01
  3.469207e+00,  9.163693e+01
  4.712130e+00,  1.049875e+02
  5.770278e+00,  1.133112e+02
  6.450523e+00,  1.196607e+02
  6.657547e+00,  1.254320e+02
  6.376595e+00,  1.315110e+02
  5.667259e+00,  1.387879e+02
  4.658923e+00,  1.486058e+02
  3.552977e+00,  1.634645e+02
  2.642336e+00,  1.875168e+02
  2.265191e+00,  2.210250e+02
  2.414922e+00,  2.511970e+02
  2.663668e+00,  2.713955e+02
  2.690645e+00,  2.855587e+02
  2.380395e+00,  2.978200e+02
  1.743355e+00,  3.124788e+02
  9.332053e-01,  3.440573e+02
  8.840621e-01,  7.139076e+01
  1.950471e+00,  1.085794e+02
  3.164619e+00,  1.232790e+02
  4.311443e+00,  1.334208e+02
  5.306304e+00,  1.421487e+02
  6.101351e+00,  1.503195e+02
  6.668565e+00,  1.581668e+02
  6.988088e+00,  1.656752e+02
  7.039613e+00,  1.727080e+02
  6.799859e+00,  1.790645e+02
  6.247681e+00,  1.844844e+02
  5.375483e+00,  1.885656e+02
  4.204612e+00,  1.904360e+02
  2.809378e+00,  1.873199e+02
  1.432383e+00,  1.650208e+02
  1.333575e+00,  9.189241e+01
  2.650483e+00,  6.491932e+01
  3.977334e+00,  5.932602e+01
  4.976952e+00,  5.836652e+01
  5.500146e+00,  5.893057e+01
  5.462952e+00,  6.013782e+01
  4.841157e+00,  6.169394e+01
  3.671955e+00,  6.356845e+01
  2.051507e+00,  6.621684e+01
  1.479415e-01,  9.966506e+01
  1.932449e+00,  2.448081e+02
  3.916307e+00,  2.477835e+02
  5.644027e+00,  2.499220e+02
  6.953443e+00,  2.518991e+02
  7.727554e+00,  2.538550e+02
  7.906684e+00,  2.558422e+02
  7.493650e+00,  2.578758e+02
  6.551222e+00,  2.599194e+02
  5.192598e+00,  2.618049e+02
  3.567085e+00,  2.629012e+02
  1.849229e+00,  2.599801e+02
  4.609362e-01,  2.003059e+02
  1.505178e+00,  1.216759e+02
  2.743598e+00,  1.201762e+02
  3.713733e+00,  1.253298e+02
  4.418090e+00,  1.330588e+02
  4.908154e+00,  1.423604e+02
  5.242927e+00,  1.525053e+02
  5.452538e+00,  1.627096e+02
  5.517773e+00,  1.722439e+02
  5.377437e+00,  1.805888e+02
  4.956816e+00,  1.874321e+02
  4.200115e+00,  1.924555e+02
  3.096296e+00,  1.947057e+02
  1.710597e+00,  1.890715e+02
  6.729559e-01,  1.165507e+02
  2.030460e+00,  5.903975e+01
  3.753149e+00,  5.362625e+01
  5.320736e+00,  5.382529e+01
  6.560980e+00,  5.548903e+01
  7.350461e+00,  5.773999e+01
  7.612913e+00,  6.031700e+01
  7.325121e+00,  6.313896e+01
  6.517830e+00,  6.618684e+01
  5.270241e+00,  6.945254e+01
  3.698843e+00,  7.287488e+01
  1.942457e+00,  7.601308e+01
  1.594485e-01,  5.591812e+01
  1.567801e+00,  2.704755e+02
  3.078212e+00,  2.748779e+02
  4.319578e+00,  2.808186e+02
  5.256340e+00,  2.876308e+02
  5.886006e+00,  2.951594e+02
  6.227535e+00,  3.032655e+02
  6.306153e+00,  3.117581e+02
  6.139664e+00,  3.204005e+02
  5.732051e+00,  3.289539e+02
  5.077287e+00,  3.372357e+02
  4.171269e+00,  3.451750e+02
  3.026140e+00,  3.529011e+02
  1.681348e+00,  1.232777e+00
  2.269778e-01,  3.246812e+01
  1.321981e+00,  1.849746e+02
  2.762437e+00,  1.931304e+02
  4.014322e+00,  1.993995e+02
  4.968789e+00,  2.052683e+02
  5.539814e+00,  2.111385e+02
  5.673782e+00,  2.173135e+02
  5.356743e+00,  2.242016e+02
  4.619441e+00,  2.325741e+02
  3.546156e+00,  2.443410e+02
  2.323998e+00,  2.658049e+02
  1.566145e+00,  3.165918e+02
  2.292700e+00,  1.115504e+01
  3.722944e+00,  3.479879e+01
  5.186693e+00,  4.759316e+01
  6.480860e+00,  5.667181e+01
  7.503981e+00,  6.400921e+01
  8.189096e+00,  7.022929e+01
  8.489908e+00,  7.547686e+01
  8.379188e+00,  7.964240e+01
  7.853842e+00,  8.237241e+01
  6.947161e+00,  8.290867e+01
  5.755346e+00,  7.961461e+01
  4.505941e+00,  6.892415e+01
  3.713430e+00,  4.576626e+01
  4.050015e+00,  1.678177e+01
  5.365139e+00,  3.584913e+02
  6.992233e+00,  3.503881e+02
  8.500498e+00,  3.474987e+02
  9.648337e+00,  3.472503e+02
  1.029095e+01,  3.485240e+02
  1.035372e+01,  3.508531e+02
  9.826616e+00,  3.541051e+02
  8.761347e+00,  3.583929e+02
  7.266345e+00,  4.147960e+00
  5.501812e+00,  1.248712e+01
  3.689348e+00,  2.656806e+01
  2.211170e+00,  5.643141e+01
  1.864874e+00,  1.109606e+02
  2.585577e+00,  1.481533e+02
  3.320341e+00,  1.666531e+02
  3.689399e+00,  1.794625e+02
  3.626979e+00,  1.915303e+02
  3.192903e+00,  2.059828e+02
  2.563496e+00,  2.271676e+02
  2.106149e+00,  2.612015e+02
  2.294853e+00,  3.019011e+02
  3.050465e+00,  3.312636e+02
  3.946863e+00,  3.502655e+02
  4.732084e+00,  4.558002e+00
  5.296914e+00,  1.708420e+01
  5.609565e+00,  2.928332e+01
  5.689345e+00,  4.196224e+01
  5.590090e+00,  5.560061e+01
  5.381151e+00,  7.040629e+01
  5.123750e+00,  8.629655e+01
  4.848978e+00,  1.029606e+02
  4.550312e+00,  1.201017e+02
  4.199010e+00,  1.377837e+02
  3.776768e+00,  1.567323e+02
  3.314646e+00,  1.785281e+02
  2.932787e+00,  2.052844e+02
  2.843501e+00,  2.369512e+02
  3.197537e+00,  2.677652e+02
  3.905876e+00,  2.922138e+02
  4.760215e+00,  3.104001e+02
  5.580534e+00,  3.243083e+02
  6.231896e+00,  3.354161e+02
  6.610093e+00,  3.445501e+02
  6.634936e+00,  3.521035e+02
  6.251349e+00,  3.581465e+02
  5.435501e+00,  2.344934e+00
  4.207863e+00,  3.390946e+00
  2.681910e+00,  3.559503e+02
  1.487124e+00,  3.121585e+02
  2.533151e+00,  2.544156e+02
  4.656364e+00,  2.415388e+02
  6.863976e+00,  2.393552e+02
  8.873311e+00,  2.400111e+02
  1.049304e+01,  2.416326e+02
  1.157016e+01,  2.435718e+02
  1.199486e+01,  2.455344e+02
  1.171130e+01,  2.473300e+02
  1.072559e+01,  2.487515e+02
  9.108971e+00,  2.494345e+02
  6.998150e+00,  2.485080e+02
  4.607394e+00,  2.431998e+02
  2.376612e+00,  2.203599e+02
  2.049209e+00,  1.513884e+02
  3.813921e+00,  1.222502e+02
  5.577585e+00,  1.163374e+02
  6.864480e+00,  1.162884e+02
  7.544833e+00,  1.187948e+02
  7.596215e+00,  1.231096e+02
  7.074534e+00,  1.293186e+02
  6.105494e+00,  1.381329e+02
  4.884246e+00,  1.512363e+02
  3.698982e+00,  1.720703e+02
  2.977753e+00,  2.044144e+02
  3.064645e+00,  2.409765e+02
  3.686064e+00,  2.686198e+02
  4.369138e+00,  2.880816e+02
  4.879674e+00,  3.037009e+02
  5.151921e+00,  3.179992e+02
  5.200136e+00,  3.322298e+02
  5.070332e+00,  3.469824e+02
  4.806677e+00,  2.482845e+00
  4.430825e+00,  1.887174e+01
  3.944209e+00,  3.663437e+01
  3.361570e+00,  5.727663e+01
  2.784659e+00,  8.419314e+01
  2.513731e+00,  1.208078e+02
  2.922887e+00,  1.591746e+02
  3.936848e+00,  1.870590e+02
  5.212777e+00,  2.056592e+02
  6.495086e+00,  2.191351e+02
  7.614457e+00,  2.298513e+02
  8.451612e+00,  2.389828e+02
  8.925457e+00,  2.471318e+02
  8.989824e+00,  2.546067e+02
  8.630944e+00,  2.615313e+02
  7.863569e+00,  2.678645e+02
  6.726299e+00,  2.733291e+02
  5.279180e+00,  2.771199e+02
  3.615495e+00,  2.766747e+02
  1.974910e+00,  2.603351e+02
  1.627888e+00,  1.968349e+02
  3.232488e+00,  1.675281e+02
  5.184018e+00,  1.635541e+02
  7.049329e+00,  1.652450e+02
  8.656390e+00,  1.687129e+02
  9.872310e+00,  1.728525e+02
  1.058803e+01,  1.772770e+02
  1.072651e+01,  1.818628e+02
  1.025333e+01,  1.866207e+02
  9.184573e+00,  1.916748e+02
  7.590115e+00,  1.973346e+02
  5.593349e+00,  2.044114e+02
  3.377480e+00,  2.158399e+02
  1.341884e+00,  2.526127e+02
  1.723509e+00,  3.502277e+02
  3.479421e+00,  1.452949e+01
  4.922354e+00,  2.493281e+01
  5.836200e+00,  3.282309e+01
  6.156168e+00,  4.047619e+01
  5.897766e+00,  4.906470e+01
  5.153603e+00,  5.996530e+01
  4.107953e+00,  7.577797e+01
  3.103000e+00,  1.018626e+02
  2.739853e+00,  1.417151e+02
  3.342202e+00,  1.785949e+02
  4.392441e+00,  2.021865e+02
  5.413613e+00,  2.183051e+02
  6.200931e+00,  2.313322e+02
  6.684132e+00,  2.432593e+02
  6.860437e+00,  2.550193e+02
  6.760033e+00,  2.670634e+02
  6.419353e+00,  2.796079e+02
  5.862398e+00,  2.928340e+02
  5.098797e+00,  3.072047e+02
  4.148399e+00,  3.241335e+02
  3.114425e+00,  3.477120e+02
  2.392977e+00,  2.687615e+01
  2.747200e+00,  7.481053e+01
  4.056401e+00,  1.050077e+02
  5.641741e+00,  1.218360e+02
  7.122650e+00,  1.327028e+02
  8.269248e+00,  1.405814e+02
  8.916749e+00,  1.466706e+02
  8.955650e+00,  1.514784e+02
  8.338519e+00,  1.551414e+02
  7.087599e+00,  1.574071e+02
  5.302286e+00,  1.571166e+02
  3.195595e+00,  1.492075e+02
  1.562619e+00,  1.023385e+02
  2.754339e+00,  4.005497e+01
  4.941207e+00,  2.859868e+01
  6.945719e+00,  2.789470e+01
  8.523450e+00,  3.053054e+01
  9.573489e+00,  3.492746e+01
  1.007347e+01,  4.065585e+01
  1.006481e+01,  4.762614e+01
  9.636518e+00,  5.585941e+01
  8.901981e+00,  6.538034e+01
  7.970451e+00,  7.614653e+01
  6.919900e+00,  8.802829e+01
  5.782230e+00,  1.009118e+02
  4.551896e+00,  1.150644e+02
  3.224160e+00,  1.322544e+02
  1.899606e+00,  1.609177e+02
  1.338250e+00,  2.294271e+02
  2.432083e+00,  2.812631e+02
  3.952260e+00,  3.013286e+02
  5.360062e+00,  3.129346e+02
  6.443925e+00,  3.214315e+02
  7.045970e+00,  3.283851e+02
  6.908640e+00,  3.341995e+02
  4.481184e+00,  3.363053e+02
##END=
