##TITLE= E:\桌面\nmr\ogm\sjd\matlabcod\1\1_22_xjhsjd
##JCAMP-DX= 5.00 Bruker JCAMP library
##DATA TYPE= Shape Data
##ORIGIN= Colm's GRAPE Pulses 
##OWNER= Dawei.Lu
##DATE= 02-Aug-2025
##TIME= 11:20
##MINX= 5.770974e-02
##MAXX= 1.100838e+01
##MINY= 3.004464e-01
##MAXY= 3.598309e+02
##$SHAPE_EXMODE= None
##$SHAPE_TOTROT= 9.000000e+01
##$SHAPE_BWFAC= 1.000000e+00
##$SHAPE_INTEGFAC= 1.000000e+00
##$SHAPE_MODE= 1
##PULSE_WIDTH= 5000
##Calibration_Power= 12500
##NPOINTS= 1000
##XYPOINTS= (XY..XY)
  4.858478e-01,  2.139360e+02
  9.656650e-01,  2.050314e+02
  1.193517e+00,  2.098464e+02
  1.036590e+00,  2.604531e+02
  1.705981e+00,  3.050875e+02
  2.821146e+00,  3.223536e+02
  3.985763e+00,  3.294477e+02
  5.001779e+00,  3.323303e+02
  5.737559e+00,  3.327895e+02
  6.114333e+00,  3.313528e+02
  6.112846e+00,  3.279779e+02
  5.781537e+00,  3.221994e+02
  5.243859e+00,  3.131576e+02
  4.699471e+00,  2.999123e+02
  4.386609e+00,  2.827824e+02
  4.449772e+00,  2.649803e+02
  4.811034e+00,  2.505645e+02
  5.255100e+00,  2.409377e+02
  5.592937e+00,  2.354651e+02
  5.721420e+00,  2.332272e+02
  5.616655e+00,  2.336103e+02
  5.312924e+00,  2.362801e+02
  4.878457e+00,  2.410034e+02
  4.387436e+00,  2.474257e+02
  3.890506e+00,  2.548757e+02
  3.394431e+00,  2.623504e+02
  2.865223e+00,  2.687367e+02
  2.255464e+00,  2.729749e+02
  1.538341e+00,  2.734889e+02
  7.418083e-01,  2.628927e+02
  3.829715e-01,  1.637525e+02
  1.140110e+00,  1.244238e+02
  1.889872e+00,  1.160228e+02
  2.457509e+00,  1.099860e+02
  2.775710e+00,  1.029160e+02
  2.832828e+00,  9.301644e+01
  2.700291e+00,  7.812273e+01
  2.574211e+00,  5.607546e+01
  2.747468e+00,  2.897323e+01
  3.356869e+00,  4.804003e+00
  4.245529e+00,  3.473578e+02
  5.174399e+00,  3.349296e+02
  5.951909e+00,  3.253037e+02
  6.445297e+00,  3.170264e+02
  6.577097e+00,  3.091557e+02
  6.325261e+00,  3.009430e+02
  5.724238e+00,  2.915751e+02
  4.866271e+00,  2.798784e+02
  3.906644e+00,  2.638960e+02
  3.076364e+00,  2.407651e+02
  2.651374e+00,  2.098435e+02
  2.714032e+00,  1.786539e+02
  2.996354e+00,  1.540137e+02
  3.202322e+00,  1.344288e+02
  3.199557e+00,  1.161701e+02
  3.008488e+00,  9.572551e+01
  2.798197e+00,  6.995537e+01
  2.859337e+00,  3.918189e+01
  3.376527e+00,  1.034955e+01
  4.228320e+00,  3.484148e+02
  5.174564e+00,  3.322388e+02
  6.022745e+00,  3.194675e+02
  6.646305e+00,  3.084662e+02
  6.974843e+00,  2.982079e+02
  6.988025e+00,  2.879786e+02
  6.711082e+00,  2.771902e+02
  6.208619e+00,  2.652807e+02
  5.574795e+00,  2.516920e+02
  4.917676e+00,  2.359634e+02
  4.334673e+00,  2.179927e+02
  3.880076e+00,  1.983296e+02
  3.542389e+00,  1.780223e+02
  3.259466e+00,  1.578214e+02
  2.968532e+00,  1.374535e+02
  2.656148e+00,  1.155243e+02
  2.388850e+00,  9.010036e+01
  2.306553e+00,  6.095663e+01
  2.517830e+00,  3.241842e+01
  2.974673e+00,  9.390478e+00
  3.531969e+00,  3.524073e+02
  4.058687e+00,  3.398669e+02
  4.466920e+00,  3.303374e+02
  4.706995e+00,  3.229281e+02
  4.760888e+00,  3.171355e+02
  4.637005e+00,  3.126882e+02
  4.364651e+00,  3.094402e+02
  3.987118e+00,  3.072857e+02
  3.553043e+00,  3.060608e+02
  3.106547e+00,  3.054124e+02
  2.678143e+00,  3.046467e+02
  2.280721e+00,  3.025993e+02
  1.916159e+00,  2.975427e+02
  1.595617e+00,  2.870849e+02
  1.369385e+00,  2.686218e+02
  1.332079e+00,  2.428987e+02
  1.529143e+00,  2.173191e+02
  1.883227e+00,  1.969920e+02
  2.285813e+00,  1.807411e+02
  2.664960e+00,  1.661562e+02
  2.992029e+00,  1.515454e+02
  3.280119e+00,  1.359566e+02
  3.577833e+00,  1.191580e+02
  3.947529e+00,  1.016864e+02
  4.427844e+00,  8.460607e+01
  5.002549e+00,  6.885195e+01
  5.600650e+00,  5.475739e+01
  6.120846e+00,  4.210364e+01
  6.459731e+00,  3.037204e+01
  6.534933e+00,  1.888999e+01
  6.304600e+00,  6.809870e+00
  5.788090e+00,  3.529370e+02
  5.095769e+00,  3.354533e+02
  4.473459e+00,  3.120793e+02
  4.296149e+00,  2.828810e+02
  4.799098e+00,  2.541568e+02
  5.798045e+00,  2.316375e+02
  6.936423e+00,  2.148866e+02
  7.939315e+00,  2.016132e+02
  8.639440e+00,  1.900742e+02
  8.956752e+00,  1.791152e+02
  8.887467e+00,  1.678878e+02
  8.497769e+00,  1.556751e+02
  7.913362e+00,  1.418658e+02
  7.295016e+00,  1.261249e+02
  6.788814e+00,  1.087542e+02
  6.456438e+00,  9.087512e+01
  6.234539e+00,  7.389021e+01
  5.971688e+00,  5.858729e+01
  5.511709e+00,  4.479892e+01
  4.757581e+00,  3.152455e+01
  3.703445e+00,  1.657787e+01
  2.483262e+00,  3.538757e+02
  1.654220e+00,  3.051354e+02
  2.267641e+00,  2.488311e+02
  3.632740e+00,  2.234427e+02
  4.969598e+00,  2.101134e+02
  6.012214e+00,  2.007645e+02
  6.635696e+00,  1.928598e+02
  6.791270e+00,  1.852112e+02
  6.499744e+00,  1.769088e+02
  5.853713e+00,  1.668811e+02
  5.023756e+00,  1.536043e+02
  4.265422e+00,  1.352885e+02
  3.875914e+00,  1.120949e+02
  3.989281e+00,  8.916187e+01
  4.418242e+00,  7.184429e+01
  4.867295e+00,  6.054730e+01
  5.138006e+00,  5.357112e+01
  5.144656e+00,  4.946205e+01
  4.879446e+00,  4.725023e+01
  4.381845e+00,  4.617209e+01
  3.714481e+00,  4.531949e+01
  2.947403e+00,  4.308860e+01
  2.163587e+00,  3.585045e+01
  1.539755e+00,  1.494276e+01
  1.511003e+00,  3.370587e+02
  2.215313e+00,  3.113176e+02
  3.236922e+00,  3.008720e+02
  4.310757e+00,  2.963934e+02
  5.278776e+00,  2.939254e+02
  6.007971e+00,  2.919345e+02
  6.384191e+00,  2.896807e+02
  6.326128e+00,  2.866210e+02
  5.803497e+00,  2.820599e+02
  4.858105e+00,  2.746336e+02
  3.644536e+00,  2.609137e+02
  2.573549e+00,  2.320581e+02
  2.512081e+00,  1.859917e+02
  3.543785e+00,  1.541826e+02
  4.777848e+00,  1.377791e+02
  5.725757e+00,  1.271121e+02
  6.179005e+00,  1.179482e+02
  6.073067e+00,  1.079452e+02
  5.487702e+00,  9.465273e+01
  4.718069e+00,  7.442471e+01
  4.377322e+00,  4.472200e+01
  5.055735e+00,  1.388317e+01
  6.539414e+00,  3.523326e+02
  8.221549e+00,  3.388566e+02
  9.653687e+00,  3.298304e+02
  1.055719e+01,  3.231092e+02
  1.077531e+01,  3.175431e+02
  1.025645e+01,  3.124105e+02
  9.047710e+00,  3.070793e+02
  7.287758e+00,  3.006704e+02
  5.201940e+00,  2.912735e+02
  3.136411e+00,  2.728437e+02
  1.860712e+00,  2.256891e+02
  2.357803e+00,  1.716722e+02
  3.309960e+00,  1.492773e+02
  3.793591e+00,  1.374800e+02
  3.616233e+00,  1.275528e+02
  2.820402e+00,  1.139643e+02
  1.763005e+00,  8.164160e+01
  1.907448e+00,  1.464444e+01
  3.605463e+00,  3.431590e+02
  5.571160e+00,  3.316791e+02
  7.324258e+00,  3.258116e+02
  8.613682e+00,  3.221491e+02
  9.281409e+00,  3.195786e+02
  9.253553e+00,  3.176115e+02
  8.540973e+00,  3.159503e+02
  7.234201e+00,  3.142947e+02
  5.490129e+00,  3.120927e+02
  3.516501e+00,  3.076621e+02
  1.594770e+00,  2.916521e+02
  9.388310e-01,  2.011187e+02
  2.196864e+00,  1.666117e+02
  3.261424e+00,  1.627487e+02
  3.890318e+00,  1.650084e+02
  4.101285e+00,  1.707495e+02
  3.995624e+00,  1.797353e+02
  3.718863e+00,  1.920792e+02
  3.407236e+00,  2.073905e+02
  3.120703e+00,  2.244373e+02
  2.816211e+00,  2.421101e+02
  2.411203e+00,  2.613116e+02
  1.916686e+00,  2.871221e+02
  1.653707e+00,  3.284691e+02
  2.164394e+00,  1.119545e+01
  3.259222e+00,  3.503837e+01
  4.473292e+00,  4.751950e+01
  5.505074e+00,  5.486784e+01
  6.138252e+00,  5.957580e+01
  6.217003e+00,  6.269552e+01
  5.654088e+00,  6.468233e+01
  4.441675e+00,  6.559408e+01
  2.656829e+00,  6.456263e+01
  4.989639e-01,  4.038826e+01
  2.015184e+00,  2.586022e+02
  4.404930e+00,  2.549759e+02
  6.518275e+00,  2.539557e+02
  8.122826e+00,  2.532913e+02
  9.042972e+00,  2.525374e+02
  9.179401e+00,  2.514359e+02
  8.524111e+00,  2.496436e+02
  7.168115e+00,  2.464588e+02
  5.309124e+00,  2.400297e+02
  3.308485e+00,  2.239855e+02
  2.103216e+00,  1.780516e+02
  2.917455e+00,  1.298781e+02
  4.321757e+00,  1.136416e+02
  5.325746e+00,  1.088769e+02
  5.673911e+00,  1.090829e+02
  5.337852e+00,  1.134167e+02
  4.469049e+00,  1.238979e+02
  3.505945e+00,  1.463900e+02
  3.348354e+00,  1.833918e+02
  4.437428e+00,  2.136202e+02
  6.023686e+00,  2.294321e+02
  7.455466e+00,  2.378913e+02
  8.395350e+00,  2.430475e+02
  8.673428e+00,  2.465998e+02
  8.238030e+00,  2.493213e+02
  7.138842e+00,  2.516039e+02
  5.511508e+00,  2.536469e+02
  3.556172e+00,  2.554469e+02
  1.510228e+00,  2.559295e+02
  4.050470e-01,  9.713135e+01
  1.935801e+00,  8.994455e+01
  2.968003e+00,  9.452258e+01
  3.439017e+00,  1.024925e+02
  3.429198e+00,  1.154805e+02
  3.223261e+00,  1.365897e+02
  3.336410e+00,  1.655994e+02
  4.120294e+00,  1.924764e+02
  5.352318e+00,  2.107895e+02
  6.625929e+00,  2.228341e+02
  7.638332e+00,  2.316141e+02
  8.204338e+00,  2.389476e+02
  8.242563e+00,  2.459618e+02
  7.769495e+00,  2.535407e+02
  6.892211e+00,  2.626025e+02
  5.793601e+00,  2.742646e+02
  4.702562e+00,  2.897437e+02
  3.826894e+00,  3.094354e+02
  3.227908e+00,  3.313606e+02
  2.741819e+00,  3.523504e+02
  2.118123e+00,  1.261948e+01
  1.265961e+00,  4.273684e+01
  9.950253e-01,  1.259032e+02
  2.336760e+00,  1.715201e+02
  4.080516e+00,  1.860604e+02
  5.784100e+00,  1.938589e+02
  7.189525e+00,  1.991756e+02
  8.083610e+00,  2.033038e+02
  8.309334e+00,  2.068365e+02
  7.784796e+00,  2.101778e+02
  6.515589e+00,  2.138041e+02
  4.599016e+00,  2.188159e+02
  2.240104e+00,  2.309095e+02
  9.324508e-01,  3.416401e+02
  3.350237e+00,  2.309140e+01
  5.761438e+00,  3.050399e+01
  7.715572e+00,  3.453193e+01
  9.020904e+00,  3.765217e+01
  9.570200e+00,  4.048580e+01
  9.340782e+00,  4.327873e+01
  8.392245e+00,  4.615439e+01
  6.855091e+00,  4.916387e+01
  4.910862e+00,  5.222819e+01
  2.767372e+00,  5.466675e+01
  6.489339e-01,  4.551086e+01
  1.367838e+00,  2.583826e+02
  3.032699e+00,  2.605691e+02
  4.356892e+00,  2.675234e+02
  5.348862e+00,  2.764173e+02
  6.068383e+00,  2.866767e+02
  6.586812e+00,  2.977918e+02
  6.945698e+00,  3.091649e+02
  7.132305e+00,  3.202642e+02
  7.086586e+00,  3.308158e+02
  6.733195e+00,  3.409004e+02
  6.019860e+00,  3.510109e+02
  4.950067e+00,  2.303561e+00
  3.617612e+00,  1.771417e+01
  2.315568e+00,  4.650105e+01
  1.933506e+00,  1.024036e+02
  2.922871e+00,  1.439351e+02
  4.210687e+00,  1.632811e+02
  5.257540e+00,  1.752976e+02
  5.875495e+00,  1.850900e+02
  6.006607e+00,  1.947459e+02
  5.689967e+00,  2.057188e+02
  5.060190e+00,  2.196091e+02
  4.349727e+00,  2.383325e+02
  3.859718e+00,  2.627800e+02
  3.797325e+00,  2.895954e+02
  4.057215e+00,  3.131820e+02
  4.342171e+00,  3.322166e+02
  4.427339e+00,  3.487899e+02
  4.245916e+00,  5.664813e+00
  3.896363e+00,  2.568952e+01
  3.639651e+00,  5.082953e+01
  3.776785e+00,  7.855458e+01
  4.338860e+00,  1.024101e+02
  5.047736e+00,  1.200029e+02
  5.588353e+00,  1.330207e+02
  5.741260e+00,  1.436185e+02
  5.395902e+00,  1.536402e+02
  4.554658e+00,  1.653113e+02
  3.374112e+00,  1.833458e+02
  2.386032e+00,  2.199124e+02
  2.724938e+00,  2.708255e+02
  4.198097e+00,  2.988796e+02
  5.818561e+00,  3.121381e+02
  7.133905e+00,  3.197477e+02
  7.914450e+00,  3.247105e+02
  8.034091e+00,  3.280299e+02
  7.452594e+00,  3.298886e+02
  6.215679e+00,  3.297267e+02
  4.468690e+00,  3.251758e+02
  2.581733e+00,  3.055617e+02
  2.083170e+00,  2.434068e+02
  3.898625e+00,  2.090055e+02
  6.113048e+00,  2.010190e+02
  8.098998e+00,  1.997367e+02
  9.641230e+00,  2.009213e+02
  1.062725e+01,  2.033316e+02
  1.100838e+01,  2.064782e+02
  1.078849e+01,  2.101112e+02
  1.001448e+01,  2.140566e+02
  8.765814e+00,  2.181354e+02
  7.144031e+00,  2.220778e+02
  5.264626e+00,  2.253105e+02
  3.256024e+00,  2.260004e+02
  1.314521e+00,  2.119675e+02
  1.107036e+00,  1.084803e+02
  2.729303e+00,  9.008661e+01
  4.174674e+00,  9.076667e+01
  5.253391e+00,  9.478610e+01
  5.891215e+00,  1.002216e+02
  6.056110e+00,  1.067687e+02
  5.759790e+00,  1.146974e+02
  5.065858e+00,  1.248660e+02
  4.107433e+00,  1.392727e+02
  3.140249e+00,  1.622680e+02
  2.644912e+00,  1.984321e+02
  3.031257e+00,  2.360791e+02
  3.960439e+00,  2.612102e+02
  4.942678e+00,  2.775422e+02
  5.732307e+00,  2.898602e+02
  6.227708e+00,  3.005017e+02
  6.404622e+00,  3.105959e+02
  6.287388e+00,  3.207251e+02
  5.926858e+00,  3.311529e+02
  5.376970e+00,  3.418855e+02
  4.673120e+00,  3.526969e+02
  3.820784e+00,  3.184660e+00
  2.801117e+00,  1.282551e+01
  1.591442e+00,  2.064778e+01
  2.062970e-01,  5.034636e+00
  1.387161e+00,  2.236197e+02
  3.040385e+00,  2.279205e+02
  4.672885e+00,  2.329404e+02
  6.151082e+00,  2.376315e+02
  7.336463e+00,  2.418867e+02
  8.103467e+00,  2.457227e+02
  8.356913e+00,  2.491712e+02
  8.046041e+00,  2.522423e+02
  7.173053e+00,  2.548874e+02
  5.794963e+00,  2.568981e+02
  4.019636e+00,  2.575030e+02
  2.008648e+00,  2.524702e+02
  5.947478e-01,  1.597335e+02
  2.372249e+00,  1.080286e+02
  4.210966e+00,  1.052103e+02
  5.721115e+00,  1.063321e+02
  6.795480e+00,  1.085348e+02
  7.377730e+00,  1.111149e+02
  7.454154e+00,  1.137141e+02
  7.049293e+00,  1.159709e+02
  6.221531e+00,  1.173053e+02
  5.063248e+00,  1.165102e+02
  3.723033e+00,  1.105142e+02
  2.528984e+00,  9.064742e+01
  2.308397e+00,  4.982102e+01
  3.382273e+00,  2.190462e+01
  4.899194e+00,  1.237709e+01
  6.387858e+00,  1.002381e+01
  7.646688e+00,  1.048542e+01
  8.551047e+00,  1.218532e+01
  9.015488e+00,  1.445966e+01
  8.991045e+00,  1.699145e+01
  8.468685e+00,  1.961150e+01
  7.481366e+00,  2.221127e+01
  6.102711e+00,  2.468181e+01
  4.442172e+00,  2.679871e+01
  2.634569e+00,  2.775735e+01
  8.390429e-01,  2.006014e+01
  9.031146e-01,  2.334476e+02
  2.310072e+00,  2.278393e+02
  3.382663e+00,  2.295373e+02
  4.057031e+00,  2.325980e+02
  4.322291e+00,  2.363053e+02
  4.207336e+00,  2.403966e+02
  3.770090e+00,  2.445563e+02
  3.083734e+00,  2.480548e+02
  2.227308e+00,  2.487608e+02
  1.318387e+00,  2.381416e+02
  9.026432e-01,  1.843877e+02
  1.765663e+00,  1.455677e+02
  3.096022e+00,  1.394495e+02
  4.578135e+00,  1.403821e+02
  6.107898e+00,  1.429251e+02
  7.581829e+00,  1.455762e+02
  8.881250e+00,  1.477864e+02
  9.883680e+00,  1.493061e+02
  1.048111e+01,  1.499708e+02
  1.059938e+01,  1.495973e+02
  1.021568e+01,  1.479007e+02
  9.374001e+00,  1.443874e+02
  8.200570e+00,  1.381985e+02
  6.916653e+00,  1.279497e+02
  5.847363e+00,  1.121193e+02
  5.344593e+00,  9.147427e+01
  5.504992e+00,  7.135784e+01
  6.025444e+00,  5.644532e+01
  6.507596e+00,  4.682402e+01
  6.690170e+00,  4.092104e+01
  6.458331e+00,  3.749543e+01
  5.804683e+00,  3.586505e+01
  4.798304e+00,  3.579226e+01
  3.560295e+00,  3.750721e+01
  2.242215e+00,  4.226924e+01
  1.017475e+00,  5.673654e+01
  3.989178e-01,  1.470768e+02
  9.839801e-01,  2.024767e+02
  1.431994e+00,  2.197335e+02
  1.658151e+00,  2.371207e+02
  1.836960e+00,  2.590667e+02
  2.197122e+00,  2.822185e+02
  2.807741e+00,  3.002998e+02
  3.540609e+00,  3.119000e+02
  4.215282e+00,  3.187013e+02
  4.678955e+00,  3.222346e+02
  4.827272e+00,  3.232665e+02
  4.614796e+00,  3.218779e+02
  4.062217e+00,  3.173252e+02
  3.276237e+00,  3.073305e+02
  2.515250e+00,  2.866632e+02
  2.282300e+00,  2.523978e+02
  2.850505e+00,  2.221571e+02
  3.786095e+00,  2.055823e+02
  4.680402e+00,  1.967967e+02
  5.335759e+00,  1.916354e+02
  5.664245e+00,  1.882398e+02
  5.644202e+00,  1.856973e+02
  5.303387e+00,  1.834276e+02
  4.707670e+00,  1.808831e+02
  3.950898e+00,  1.773048e+02
  3.147600e+00,  1.713963e+02
  2.433376e+00,  1.609786e+02
  1.968317e+00,  1.439972e+02
  1.875767e+00,  1.238013e+02
  2.096560e+00,  1.089075e+02
  2.455059e+00,  1.016103e+02
  2.822388e+00,  9.927263e+01
  3.121610e+00,  9.939385e+01
  3.292797e+00,  1.004612e+02
  3.280914e+00,  1.016450e+02
  3.040063e+00,  1.025067e+02
  2.542975e+00,  1.028152e+02
  1.789356e+00,  1.023508e+02
  8.099221e-01,  1.001867e+02
  3.393375e-01,  2.878346e+02
  1.567642e+00,  2.808110e+02
  2.785523e+00,  2.773931e+02
  3.896407e+00,  2.734748e+02
  4.819205e+00,  2.686369e+02
  5.500759e+00,  2.626084e+02
  5.927220e+00,  2.551097e+02
  6.130940e+00,  2.458608e+02
  6.188610e+00,  2.346876e+02
  6.203941e+00,  2.217285e+02
  6.270234e+00,  2.076286e+02
  6.424694e+00,  1.934367e+02
  6.626983e+00,  1.801318e+02
  6.780645e+00,  1.682112e+02
  6.776376e+00,  1.576755e+02
  6.527461e+00,  1.482371e+02
  5.988090e+00,  1.394864e+02
  5.158729e+00,  1.309270e+02
  4.083942e+00,  1.218452e+02
  2.847393e+00,  1.107380e+02
  1.579588e+00,  9.217440e+01
  6.875062e-01,  3.021235e+01
  1.259414e+00,  3.151500e+02
  2.140663e+00,  2.924844e+02
  2.821901e+00,  2.781426e+02
  3.248690e+00,  2.648178e+02
  3.445641e+00,  2.503921e+02
  3.489794e+00,  2.337540e+02
  3.497326e+00,  2.144777e+02
  3.589162e+00,  1.932769e+02
  3.833399e+00,  1.719743e+02
  4.212156e+00,  1.522555e+02
  4.651293e+00,  1.346433e+02
  5.072642e+00,  1.187550e+02
  5.423908e+00,  1.039375e+02
  5.685542e+00,  8.961475e+01
  5.866154e+00,  7.540208e+01
  5.992153e+00,  6.114027e+01
  6.093873e+00,  4.689564e+01
  6.191581e+00,  3.291126e+01
  6.286581e+00,  1.950295e+01
  6.361128e+00,  6.942961e+00
  6.385824e+00,  3.553905e+02
  6.329558e+00,  3.448858e+02
  6.167696e+00,  3.353802e+02
  5.887026e+00,  3.267671e+02
  5.488359e+00,  3.189017e+02
  4.987472e+00,  3.116192e+02
  4.410924e+00,  3.047121e+02
  3.792328e+00,  2.978834e+02
  3.168850e+00,  2.906658e+02
  2.578752e+00,  2.822847e+02
  2.062088e+00,  2.714847e+02
  1.665807e+00,  2.566025e+02
  1.445068e+00,  2.369489e+02
  1.432109e+00,  2.155888e+02
  1.588167e+00,  1.974630e+02
  1.828774e+00,  1.839516e+02
  2.077965e+00,  1.736317e+02
  2.280073e+00,  1.648275e+02
  2.394892e+00,  1.562650e+02
  2.397010e+00,  1.468983e+02
  2.280978e+00,  1.355909e+02
  2.072217e+00,  1.207593e+02
  1.845343e+00,  1.002411e+02
  1.737364e+00,  7.295095e+01
  1.882425e+00,  4.322241e+01
  2.269660e+00,  1.783136e+01
  2.772977e+00,  3.579295e+02
  3.276793e+00,  3.413686e+02
  3.714355e+00,  3.261439e+02
  4.066282e+00,  3.109319e+02
  4.356694e+00,  2.949515e+02
  4.645368e+00,  2.780004e+02
  5.001347e+00,  2.605314e+02
  5.462394e+00,  2.434414e+02
  6.006240e+00,  2.275314e+02
  6.555802e+00,  2.130953e+02
  7.009203e+00,  1.999269e+02
  7.272249e+00,  1.875232e+02
  7.283017e+00,  1.752272e+02
  7.029345e+00,  1.622524e+02
  6.562741e+00,  1.476464e+02
  6.009514e+00,  1.303429e+02
  5.566495e+00,  1.096717e+02
  5.438706e+00,  8.658138e+01
  5.700592e+00,  6.398347e+01
  6.225371e+00,  4.437103e+01
  6.790138e+00,  2.809207e+01
  7.200782e+00,  1.423534e+01
  7.337560e+00,  1.684246e+00
  7.158063e+00,  3.494211e+02
  6.691364e+00,  3.364806e+02
  6.031205e+00,  3.218561e+02
  5.324826e+00,  3.045640e+02
  4.743069e+00,  2.841631e+02
  4.408532e+00,  2.617112e+02
  4.306721e+00,  2.396331e+02
  4.293394e+00,  2.196280e+02
  4.206669e+00,  2.014518e+02
  3.959597e+00,  1.834919e+02
  3.579481e+00,  1.633353e+02
  3.233201e+00,  1.383343e+02
  3.205406e+00,  1.087070e+02
  3.673544e+00,  8.087630e+01
  4.501927e+00,  5.998948e+01
  5.430221e+00,  4.530563e+01
  6.253141e+00,  3.460675e+01
  6.840122e+00,  2.630583e+01
  7.121627e+00,  1.943156e+01
  7.079617e+00,  1.335136e+01
  6.740435e+00,  7.579436e+00
  6.167023e+00,  1.652205e+00
  5.449752e+00,  3.550398e+02
  4.696313e+00,  3.471064e+02
  4.020203e+00,  3.372276e+02
  3.522831e+00,  3.252728e+02
  3.261631e+00,  3.123286e+02
  3.218458e+00,  3.004809e+02
  3.310450e+00,  2.912115e+02
  3.437024e+00,  2.845303e+02
  3.510733e+00,  2.795578e+02
  3.462801e+00,  2.752138e+02
  3.243216e+00,  2.703528e+02
  2.829039e+00,  2.634397e+02
  2.248939e+00,  2.514436e+02
  1.662181e+00,  2.269251e+02
  1.541435e+00,  1.834907e+02
  2.198991e+00,  1.481607e+02
  3.201477e+00,  1.300700e+02
  4.197607e+00,  1.193890e+02
  5.000226e+00,  1.114142e+02
  5.488515e+00,  1.041854e+02
  5.591745e+00,  9.655001e+01
  5.297814e+00,  8.738286e+01
  4.673278e+00,  7.500162e+01
  3.905314e+00,  5.647600e+01
  3.372251e+00,  2.843874e+01
  3.531652e+00,  3.551473e+02
  4.366838e+00,  3.284229e+02
  5.444835e+00,  3.100480e+02
  6.419893e+00,  2.963033e+02
  7.106807e+00,  2.844129e+02
  7.436805e+00,  2.726813e+02
  7.440345e+00,  2.599045e+02
  7.241723e+00,  2.451600e+02
  7.039047e+00,  2.280558e+02
  7.036987e+00,  2.093262e+02
  7.326103e+00,  1.908821e+02
  7.814371e+00,  1.745097e+02
  8.293432e+00,  1.607628e+02
  8.551006e+00,  1.492178e+02
  8.436331e+00,  1.391088e+02
  7.880618e+00,  1.296034e+02
  6.898949e+00,  1.197398e+02
  5.589262e+00,  1.080632e+02
  4.144310e+00,  9.165891e+01
  2.917829e+00,  6.428230e+01
  2.495309e+00,  2.258771e+01
  2.989553e+00,  3.470368e+02
  3.698081e+00,  3.259324e+02
  4.151625e+00,  3.119098e+02
  4.188196e+00,  3.002109e+02
  3.799295e+00,  2.878983e+02
  3.097398e+00,  2.714431e+02
  2.375367e+00,  2.443176e+02
  2.210883e+00,  2.033182e+02
  2.872628e+00,  1.691252e+02
  3.853554e+00,  1.497496e+02
  4.730552e+00,  1.380245e+02
  5.300969e+00,  1.296846e+02
  5.475280e+00,  1.227965e+02
  5.240962e+00,  1.162176e+02
  4.651068e+00,  1.088895e+02
  3.820420e+00,  9.924909e+01
  2.934861e+00,  8.438184e+01
  2.283240e+00,  6.008903e+01
  2.180951e+00,  2.954058e+01
  2.561063e+00,  7.203469e+00
  3.069658e+00,  3.561750e+02
  3.501543e+00,  3.523272e+02
  3.806948e+00,  3.527640e+02
  4.007378e+00,  3.557442e+02
  4.138606e+00,  3.598309e+02
  4.212577e+00,  3.608905e+00
  4.205722e+00,  5.757383e+00
  4.078884e+00,  5.084194e+00
  3.818897e+00,  3.004464e-01
  3.489992e+00,  3.497412e+02
  3.278896e+00,  3.321467e+02
  3.440977e+00,  3.101295e+02
  4.052955e+00,  2.904092e+02
  4.918530e+00,  2.761715e+02
  5.767451e+00,  2.662765e+02
  6.377381e+00,  2.589590e+02
  6.590566e+00,  2.529701e+02
  6.314866e+00,  2.474351e+02
  5.528689e+00,  2.415123e+02
  4.284223e+00,  2.337778e+02
  2.729900e+00,  2.197958e+02
  1.363176e+00,  1.757019e+02
  1.942327e+00,  1.011630e+02
  3.560611e+00,  7.760030e+01
  5.049834e+00,  6.722991e+01
  6.148820e+00,  5.996639e+01
  6.748238e+00,  5.340185e+01
  6.822194e+00,  4.645078e+01
  6.424472e+00,  3.821268e+01
  5.689588e+00,  2.757435e+01
  4.831009e+00,  1.308200e+01
  4.117900e+00,  3.536599e+02
  3.763813e+00,  3.310773e+02
  3.729449e+00,  3.104803e+02
  3.736929e+00,  2.951894e+02
  3.510981e+00,  2.850624e+02
  2.902649e+00,  2.794252e+02
  1.894821e+00,  2.801828e+02
  7.219167e-01,  3.146038e+02
  1.411364e+00,  4.689600e+01
  3.065552e+00,  5.762177e+01
  4.672348e+00,  5.848878e+01
  6.013251e+00,  5.726742e+01
  6.937680e+00,  5.526089e+01
  7.348395e+00,  5.278506e+01
  7.209316e+00,  4.985361e+01
  6.549848e+00,  4.628575e+01
  5.462815e+00,  4.161572e+01
  4.098185e+00,  3.469225e+01
  2.664299e+00,  2.214725e+01
  1.501689e+00,  3.522314e+02
  1.281323e+00,  2.953709e+02
  1.780348e+00,  2.623366e+02
  2.123480e+00,  2.483683e+02
  2.064486e+00,  2.399445e+02
  1.589883e+00,  2.319039e+02
  7.995345e-01,  2.145456e+02
  5.142875e-01,  1.060511e+02
  1.540226e+00,  7.252080e+01
  2.571888e+00,  6.627080e+01
  3.382996e+00,  6.451238e+01
  3.860573e+00,  6.510472e+01
  3.957525e+00,  6.807792e+01
  3.709180e+00,  7.448792e+01
  3.262944e+00,  8.653960e+01
  2.915596e+00,  1.065813e+02
  3.017535e+00,  1.310298e+02
  3.592167e+00,  1.500032e+02
  4.322463e+00,  1.606118e+02
  4.910872e+00,  1.652032e+02
  5.185140e+00,  1.656393e+02
  5.085298e+00,  1.624869e+02
  4.659996e+00,  1.551956e+02
  4.081162e+00,  1.421953e+02
  3.654038e+00,  1.221380e+02
  3.688811e+00,  9.836136e+01
  4.173265e+00,  7.853301e+01
  4.784584e+00,  6.545025e+01
  5.208258e+00,  5.755567e+01
  5.251459e+00,  5.321802e+01
  4.832630e+00,  5.180109e+01
  3.969193e+00,  5.394792e+01
  2.794599e+00,  6.330086e+01
  1.733722e+00,  9.440551e+01
  1.938575e+00,  1.497993e+02
  3.213933e+00,  1.746336e+02
  4.546565e+00,  1.830724e+02
  5.590166e+00,  1.864038e+02
  6.202762e+00,  1.876331e+02
  6.331490e+00,  1.877009e+02
  5.994026e+00,  1.868633e+02
  5.269781e+00,  1.849872e+02
  4.289683e+00,  1.814774e+02
  3.227127e+00,  1.748463e+02
  2.296192e+00,  1.619858e+02
  1.748403e+00,  1.400538e+02
  1.704618e+00,  1.178430e+02
  1.951382e+00,  1.084117e+02
  2.296936e+00,  1.107014e+02
  2.744280e+00,  1.191893e+02
  3.336058e+00,  1.290416e+02
  4.034614e+00,  1.373936e+02
  4.720096e+00,  1.434599e+02
  5.242073e+00,  1.474689e+02
  5.462959e+00,  1.498211e+02
  5.284497e+00,  1.507580e+02
  4.663587e+00,  1.502004e+02
  3.622194e+00,  1.473401e+02
  2.264564e+00,  1.384426e+02
  9.864207e-01,  9.614161e+01
  1.617327e+00,  1.510036e+01
  3.139900e+00,  3.575029e+02
  4.505907e+00,  3.517031e+02
  5.499004e+00,  3.487122e+02
  6.009082e+00,  3.467316e+02
  5.992348e+00,  3.451646e+02
  5.469416e+00,  3.437187e+02
  4.521949e+00,  3.421400e+02
  3.284612e+00,  3.399607e+02
  1.929468e+00,  3.356235e+02
  6.712412e-01,  3.171228e+02
  5.739114e-01,  1.969482e+02
  1.234110e+00,  1.792517e+02
  1.479721e+00,  1.780526e+02
  1.259453e+00,  1.840557e+02
  7.221387e-01,  2.139496e+02
  9.592332e-01,  2.949482e+02
  2.171490e+00,  3.183201e+02
  3.553286e+00,  3.244699e+02
  4.842246e+00,  3.266479e+02
  5.852947e+00,  3.272672e+02
  6.441820e+00,  3.269807e+02
  6.517567e+00,  3.259165e+02
  6.051826e+00,  3.238799e+02
  5.085978e+00,  3.201835e+02
  3.740563e+00,  3.127505e+02
  2.277906e+00,  2.937290e+02
  1.557681e+00,  2.389809e+02
  2.514920e+00,  1.929661e+02
  3.870998e+00,  1.776193e+02
  4.980621e+00,  1.709192e+02
  5.651361e+00,  1.669554e+02
  5.809262e+00,  1.638502e+02
  5.455345e+00,  1.605362e+02
  4.657136e+00,  1.557572e+02
  3.557262e+00,  1.468795e+02
  2.446706e+00,  1.266897e+02
  2.020454e+00,  8.514273e+01
  2.779597e+00,  5.006108e+01
  4.004459e+00,  3.559147e+01
  5.189537e+00,  3.010117e+01
  6.153376e+00,  2.827354e+01
  6.819982e+00,  2.810660e+01
  7.159470e+00,  2.861959e+01
  7.169600e+00,  2.913599e+01
  6.869289e+00,  2.900143e+01
  6.300602e+00,  2.739243e+01
  5.541591e+00,  2.308632e+01
  4.735393e+00,  1.421913e+01
  4.131399e+00,  3.588215e+02
  4.045016e+00,  3.383437e+02
  4.579358e+00,  3.198095e+02
  5.490230e+00,  3.075710e+02
  6.459959e+00,  3.006323e+02
  7.258332e+00,  2.970463e+02
  7.740063e+00,  2.955414e+02
  7.825711e+00,  2.954474e+02
  7.493498e+00,  2.964725e+02
  6.775785e+00,  2.985909e+02
  5.752545e+00,  3.020395e+02
  4.542957e+00,  3.074535e+02
  3.296661e+00,  3.162801e+02
  2.190613e+00,  3.317913e+02
  1.434365e+00,  3.596682e+02
  1.162638e+00,  3.701652e+01
  1.119772e+00,  6.639834e+01
  9.546438e-01,  8.830714e+01
  6.002293e-01,  1.204195e+02
  5.667937e-01,  2.012388e+02
  1.270615e+00,  2.399961e+02
  2.125572e+00,  2.528607e+02
  2.901594e+00,  2.598176e+02
  3.458398e+00,  2.647640e+02
  3.692515e+00,  2.690450e+02
  3.542925e+00,  2.735367e+02
  3.000914e+00,  2.794754e+02
  2.128325e+00,  2.902844e+02
  1.178642e+00,  3.220913e+02
  1.292794e+00,  3.494199e+01
  2.523187e+00,  6.344873e+01
  3.851123e+00,  7.268196e+01
  4.988713e+00,  7.681516e+01
  5.792391e+00,  7.871988e+01
  6.175115e+00,  7.910682e+01
  6.103036e+00,  7.794647e+01
  5.602676e+00,  7.463366e+01
  4.776771e+00,  6.765530e+01
  3.848156e+00,  5.380720e+01
  3.250503e+00,  2.911014e+01
  3.486672e+00,  3.595885e+02
  4.454389e+00,  3.391591e+02
  5.656243e+00,  3.281719e+02
  6.752913e+00,  3.223019e+02
  7.561434e+00,  3.189476e+02
  7.983976e+00,  3.167567e+02
  7.979910e+00,  3.148981e+02
  7.556921e+00,  3.126719e+02
  6.770006e+00,  3.092309e+02
  5.728792e+00,  3.032266e+02
  4.623314e+00,  2.922734e+02
  3.778180e+00,  2.731322e+02
  3.609064e+00,  2.472925e+02
  4.180971e+00,  2.255143e+02
  5.089586e+00,  2.126345e+02
  5.956488e+00,  2.059359e+02
  6.567678e+00,  2.027167e+02
  6.813941e+00,  2.015008e+02
  6.652765e+00,  2.015347e+02
  6.093286e+00,  2.024305e+02
  5.185792e+00,  2.039952e+02
  4.012325e+00,  2.061595e+02
  2.676084e+00,  2.089846e+02
  1.289323e+00,  2.129710e+02
  5.770974e-02,  3.503182e+02
  1.223181e+00,  3.718703e+01
  2.191634e+00,  4.306378e+01
  2.917607e+00,  4.922198e+01
  3.405724e+00,  5.612860e+01
  3.688596e+00,  6.377463e+01
  3.811113e+00,  7.185371e+01
  3.809492e+00,  7.973729e+01
  3.694616e+00,  8.650141e+01
  3.451995e+00,  9.095082e+01
  3.065740e+00,  9.137323e+01
  2.573412e+00,  8.462848e+01
  2.181469e+00,  6.537521e+01
  2.348816e+00,  3.563985e+01
  3.263959e+00,  1.339999e+01
  4.608171e+00,  2.203939e+00
  6.078457e+00,  3.567209e+02
  7.468604e+00,  3.537907e+02
  8.620476e+00,  3.519751e+02
  9.412792e+00,  3.505573e+02
  9.766989e+00,  3.491035e+02
  9.654173e+00,  3.472514e+02
  9.100688e+00,  3.445807e+02
  8.191384e+00,  3.404857e+02
  7.072675e+00,  3.340233e+02
  5.958225e+00,  3.238507e+02
  5.123768e+00,  3.089147e+02
  4.817646e+00,  2.908604e+02
  5.053140e+00,  2.747558e+02
  5.583426e+00,  2.639897e+02
  6.136636e+00,  2.582745e+02
  6.543540e+00,  2.561904e+02
  6.725588e+00,  2.565699e+02
  6.658696e+00,  2.586235e+02
  6.346786e+00,  2.618071e+02
  5.805808e+00,  2.657208e+02
  5.056313e+00,  2.700639e+02
  4.122970e+00,  2.746381e+02
  3.038723e+00,  2.794149e+02
  1.850592e+00,  2.848921e+02
  6.284435e-01,  2.965887e+02
  5.960987e-01,  9.415419e+01
  1.653403e+00,  1.051420e+02
  2.501583e+00,  1.087925e+02
  3.055091e+00,  1.107971e+02
  3.257334e+00,  1.115899e+02
  3.087787e+00,  1.108169e+02
  2.573836e+00,  1.071259e+02
  1.819595e+00,  9.591767e+01
  1.172211e+00,  6.054609e+01
  1.483728e+00,  7.386389e+00
  2.485269e+00,  3.465700e+02
  3.532541e+00,  3.403511e+02
  4.404125e+00,  3.391931e+02
  5.001949e+00,  3.406317e+02
  5.291662e+00,  3.440033e+02
  5.294916e+00,  3.492430e+02
  5.083255e+00,  3.564967e+02
  4.761950e+00,  5.822886e+00
  4.436693e+00,  1.680205e+01
  4.165690e+00,  2.824985e+01
  3.926008e+00,  3.850213e+01
  3.630800e+00,  4.610260e+01
  3.187169e+00,  4.994057e+01
  2.554192e+00,  4.829284e+01
  1.806002e+00,  3.583366e+01
  1.325164e+00,  3.587962e+02
  1.749298e+00,  3.152311e+02
  2.681114e+00,  2.957264e+02
  3.583866e+00,  2.867991e+02
  4.219444e+00,  2.810564e+02
  4.457603e+00,  2.757869e+02
  4.242149e+00,  2.692231e+02
  3.610723e+00,  2.587833e+02
  2.778988e+00,  2.384944e+02
  2.395688e+00,  1.997901e+02
  3.201924e+00,  1.617545e+02
  4.738331e+00,  1.420986e+02
  6.384224e+00,  1.320623e+02
  7.815453e+00,  1.260215e+02
  8.837328e+00,  1.217984e+02
  9.332134e+00,  1.184377e+02
  9.251896e+00,  1.154163e+02
  8.617314e+00,  1.123409e+02
  7.513290e+00,  1.087679e+02
  6.080099e+00,  1.039743e+02
  4.504836e+00,  9.644210e+01
  3.029687e+00,  8.244996e+01
  2.017176e+00,  5.418493e+01
  1.865110e+00,  1.562564e+01
  2.239511e+00,  3.521092e+02
  2.530854e+00,  3.431282e+02
  2.299711e+00,  3.451493e+02
##END=
