##TITLE= E:\桌面\nmr\ogm\sjd\matlabcod\1_unitary\1_23_xjhsjd
##JCAMP-DX= 5.00 Bruker JCAMP library
##DATA TYPE= Shape Data
##ORIGIN= Colm's GRAPE Pulses 
##OWNER= Dawei.Lu
##DATE= 02-Aug-2025
##TIME= 13:14
##MINX= 8.517953e-01
##MAXX= 3.069651e+01
##MINY= 4.266640e-01
##MAXY= 3.599692e+02
##$SHAPE_EXMODE= None
##$SHAPE_TOTROT= 9.000000e+01
##$SHAPE_BWFAC= 1.000000e+00
##$SHAPE_INTEGFAC= 1.000000e+00
##$SHAPE_MODE= 1
##PULSE_WIDTH= 2000
##Calibration_Power= 12500
##NPOINTS= 200
##XYPOINTS= (XY..XY)
  2.931019e+00,  2.285652e+02
  1.067298e+01,  1.288398e+02
  1.918849e+01,  1.131675e+02
  1.336072e+01,  8.655847e+01
  1.133650e+01,  3.966384e+01
  1.443346e+01,  1.087005e+01
  1.633964e+01,  2.063008e+00
  1.527853e+01,  4.266640e-01
  1.177716e+01,  3.599692e+02
  6.861548e+00,  3.543968e+02
  2.283556e+00,  3.099219e+02
  3.965023e+00,  2.157839e+02
  6.436693e+00,  1.932707e+02
  7.279216e+00,  1.723602e+02
  7.467148e+00,  1.436797e+02
  8.209376e+00,  1.101796e+02
  9.631614e+00,  7.955205e+01
  1.101586e+01,  5.424951e+01
  1.152323e+01,  3.398572e+01
  1.023317e+01,  1.864702e+01
  6.452634e+00,  9.351549e+00
  1.100977e+00,  6.802767e+01
  6.995849e+00,  1.500535e+02
  1.293192e+01,  1.441694e+02
  1.598430e+01,  1.333912e+02
  1.593908e+01,  1.167998e+02
  1.504118e+01,  9.123043e+01
  1.650607e+01,  6.326659e+01
  1.995371e+01,  4.606711e+01
  2.258677e+01,  3.941935e+01
  2.269380e+01,  3.828508e+01
  1.988054e+01,  3.856208e+01
  1.472844e+01,  3.554040e+01
  9.049466e+00,  1.736301e+01
  7.654991e+00,  3.280655e+02
  1.127584e+01,  2.998612e+02
  1.345845e+01,  2.926545e+02
  1.137291e+01,  2.908097e+02
  4.684201e+00,  2.862176e+02
  5.270783e+00,  1.242892e+02
  1.522981e+01,  1.196547e+02
  2.194410e+01,  1.184195e+02
  2.316469e+01,  1.160592e+02
  1.920111e+01,  1.093444e+02
  1.342984e+01,  8.884602e+01
  1.247130e+01,  4.907172e+01
  1.722587e+01,  2.707456e+01
  2.171027e+01,  2.367112e+01
  2.310939e+01,  2.699198e+01
  2.053246e+01,  3.248756e+01
  1.441563e+01,  3.866087e+01
  6.610254e+00,  4.377115e+01
  1.038194e+00,  2.980991e+02
  5.659064e+00,  2.695920e+02
  8.651977e+00,  2.891944e+02
  1.053934e+01,  3.119732e+02
  1.100039e+01,  3.324991e+02
  8.946923e+00,  3.528121e+02
  4.847074e+00,  3.172273e+01
  5.492347e+00,  1.211044e+02
  1.040766e+01,  1.521871e+02
  1.282648e+01,  1.644803e+02
  1.118765e+01,  1.721837e+02
  6.156674e+00,  1.764444e+02
  9.181151e-01,  8.165236e+01
  5.982862e+00,  3.280633e+01
  9.492086e+00,  4.492328e+01
  1.133526e+01,  6.299353e+01
  1.230926e+01,  8.067973e+01
  1.183950e+01,  9.121480e+01
  8.770612e+00,  8.814657e+01
  5.049685e+00,  4.212254e+01
  8.935234e+00,  3.402481e+02
  1.445432e+01,  3.229075e+02
  1.612557e+01,  3.117151e+02
  1.302625e+01,  2.941183e+02
  8.791450e+00,  2.492214e+02
  1.157725e+01,  1.907403e+02
  1.669599e+01,  1.647268e+02
  1.811472e+01,  1.482823e+02
  1.534695e+01,  1.289098e+02
  1.149308e+01,  9.620134e+01
  1.087080e+01,  5.418009e+01
  1.175600e+01,  2.834575e+01
  1.019271e+01,  1.787873e+01
  5.903873e+00,  2.176781e+01
  2.632374e+00,  8.732000e+01
  5.342900e+00,  1.357691e+02
  6.828463e+00,  1.362032e+02
  6.344270e+00,  1.226703e+02
  5.968541e+00,  9.826019e+01
  7.163350e+00,  8.162166e+01
  9.396148e+00,  8.083974e+01
  1.211608e+01,  8.485834e+01
  1.426023e+01,  8.526829e+01
  1.452877e+01,  7.904295e+01
  1.287400e+01,  6.386596e+01
  1.099415e+01,  3.836224e+01
  1.013400e+01,  1.116970e+01
  8.544272e+00,  3.538745e+02
  4.363860e+00,  3.521254e+02
  2.881854e+00,  1.155229e+02
  9.292459e+00,  1.303840e+02
  1.328609e+01,  1.262946e+02
  1.305818e+01,  1.158138e+02
  9.565896e+00,  9.116527e+01
  7.836450e+00,  3.795778e+01
  1.028562e+01,  3.559941e+02
  1.080627e+01,  3.327103e+02
  7.387014e+00,  3.003086e+02
  7.289404e+00,  2.206147e+02
  1.483607e+01,  1.844283e+02
  2.075472e+01,  1.727120e+02
  2.151694e+01,  1.663380e+02
  1.700653e+01,  1.603472e+02
  9.645398e+00,  1.478114e+02
  4.441428e+00,  9.615832e+01
  6.155475e+00,  4.488245e+01
  7.101795e+00,  4.374885e+01
  5.782573e+00,  6.511319e+01
  4.396077e+00,  1.134050e+02
  5.095616e+00,  1.768517e+02
  8.516225e+00,  2.243292e+02
  1.406430e+01,  2.499703e+02
  1.928497e+01,  2.618933e+02
  2.138428e+01,  2.655179e+02
  1.930455e+01,  2.612545e+02
  1.515210e+01,  2.436810e+02
  1.429346e+01,  2.112165e+02
  1.825246e+01,  1.899184e+02
  2.237939e+01,  1.851942e+02
  2.388773e+01,  1.880431e+02
  2.181731e+01,  1.933222e+02
  1.615703e+01,  1.980930e+02
  8.069794e+00,  1.968076e+02
  2.664179e+00,  1.052298e+02
  8.875465e+00,  6.448968e+01
  1.285855e+01,  6.582496e+01
  1.270275e+01,  6.930805e+01
  8.515509e+00,  6.780760e+01
  3.196798e+00,  1.324659e+01
  8.854670e+00,  3.038067e+02
  1.603259e+01,  3.005063e+02
  2.011223e+01,  3.037912e+02
  1.974476e+01,  3.082165e+02
  1.500473e+01,  3.122504e+02
  7.410439e+00,  3.139723e+02
  8.517953e-01,  1.973819e+02
  5.911840e+00,  1.546890e+02
  6.979853e+00,  1.597266e+02
  3.970842e+00,  1.795281e+02
  3.276090e+00,  2.908574e+02
  8.195722e+00,  3.230199e+02
  1.070801e+01,  3.377703e+02
  1.021545e+01,  3.595962e+02
  9.994349e+00,  3.627263e+01
  1.301590e+01,  6.614800e+01
  1.644636e+01,  7.567675e+01
  1.778960e+01,  6.959116e+01
  1.812054e+01,  4.870212e+01
  2.100717e+01,  2.002341e+01
  2.656749e+01,  3.574234e+02
  3.069651e+01,  3.422492e+02
  2.999295e+01,  3.304474e+02
  2.379695e+01,  3.186730e+02
  1.434862e+01,  3.020215e+02
  6.120277e+00,  2.610941e+02
  5.167366e+00,  1.796926e+02
  6.081882e+00,  1.382644e+02
  5.383692e+00,  9.527822e+01
  6.550671e+00,  4.538738e+01
  9.346504e+00,  2.116245e+01
  1.128813e+01,  1.405283e+01
  1.195247e+01,  1.557395e+01
  1.198623e+01,  2.124373e+01
  1.189009e+01,  2.604123e+01
  1.155569e+01,  2.563653e+01
  1.071955e+01,  1.837590e+01
  9.364656e+00,  4.674962e+00
  7.650882e+00,  3.456855e+02
  5.786431e+00,  3.229717e+02
  3.848921e+00,  3.018072e+02
  1.695476e+00,  3.124073e+02
  3.412356e+00,  3.075360e+01
  8.244582e+00,  3.245817e+01
  1.268876e+01,  2.655777e+01
  1.465568e+01,  2.017279e+01
  1.288903e+01,  1.290011e+01
  7.807823e+00,  3.598453e+02
  2.990617e+00,  2.986797e+02
  5.425785e+00,  2.309250e+02
  6.245179e+00,  2.294092e+02
  4.698648e+00,  2.719450e+02
  8.640783e+00,  3.277265e+02
  1.442470e+01,  3.402522e+02
  1.600852e+01,  3.394434e+02
  1.142705e+01,  3.249006e+02
  7.364908e+00,  2.511494e+02
  1.613501e+01,  1.991301e+02
  2.982552e+00,  1.477521e+02
##END=
