##TITLE= E:\桌面\nmr\ogm\sjd\matlabcod\1\1_24_xjhsjd
##JCAMP-DX= 5.00 Bruker JCAMP library
##DATA TYPE= Shape Data
##ORIGIN= Colm's GRAPE Pulses 
##OWNER= Dawei.Lu
##DATE= 02-Aug-2025
##TIME= 11:19
##MINX= 1.777460e-01
##MAXX= 1.138646e+01
##MINY= 3.188824e-01
##MAXY= 3.596602e+02
##$SHAPE_EXMODE= None
##$SHAPE_TOTROT= 9.000000e+01
##$SHAPE_BWFAC= 1.000000e+00
##$SHAPE_INTEGFAC= 1.000000e+00
##$SHAPE_MODE= 1
##PULSE_WIDTH= 5000
##Calibration_Power= 12500
##NPOINTS= 1000
##XYPOINTS= (XY..XY)
  2.223780e+00,  6.908707e+01
  2.967095e+00,  7.278431e+01
  3.262554e+00,  7.586226e+01
  1.879153e+00,  8.388607e+01
  3.487453e-01,  1.310317e+02
  1.488182e+00,  2.534391e+02
  3.075846e+00,  2.625635e+02
  4.469302e+00,  2.675071e+02
  5.549612e+00,  2.712730e+02
  6.228619e+00,  2.744258e+02
  6.456544e+00,  2.771400e+02
  6.229429e+00,  2.794454e+02
  5.591640e+00,  2.812398e+02
  4.633004e+00,  2.821697e+02
  3.482664e+00,  2.812120e+02
  2.310764e+00,  2.751522e+02
  1.396209e+00,  2.534125e+02
  1.278203e+00,  2.110201e+02
  1.865748e+00,  1.910398e+02
  2.598194e+00,  1.905674e+02
  3.369138e+00,  1.972857e+02
  4.213262e+00,  2.061765e+02
  5.135155e+00,  2.147560e+02
  6.065886e+00,  2.219043e+02
  6.880280e+00,  2.273260e+02
  7.434741e+00,  2.310716e+02
  7.602592e+00,  2.332216e+02
  7.301177e+00,  2.336984e+02
  6.512041e+00,  2.320597e+02
  5.300395e+00,  2.270018e+02
  3.859874e+00,  2.147685e+02
  2.694975e+00,  1.854549e+02
  2.793880e+00,  1.405451e+02
  4.025785e+00,  1.133760e+02
  5.406586e+00,  1.007106e+02
  6.476205e+00,  9.338304e+01
  7.045105e+00,  8.783383e+01
  7.049400e+00,  8.239076e+01
  6.525854e+00,  7.572486e+01
  5.617902e+00,  6.605415e+01
  4.607680e+00,  5.049946e+01
  3.958402e+00,  2.644763e+01
  4.102704e+00,  3.592896e+02
  4.894202e+00,  3.396644e+02
  5.837777e+00,  3.287352e+02
  6.590796e+00,  3.234293e+02
  6.998196e+00,  3.216735e+02
  7.027586e+00,  3.224851e+02
  6.728819e+00,  3.254480e+02
  6.202673e+00,  3.303523e+02
  5.565465e+00,  3.368947e+02
  4.908270e+00,  3.443846e+02
  4.263860e+00,  3.515735e+02
  3.603183e+00,  3.566956e+02
  2.878772e+00,  3.572999e+02
  2.111611e+00,  3.485471e+02
  1.573251e+00,  3.198903e+02
  1.850095e+00,  2.795957e+02
  2.781325e+00,  2.580370e+02
  3.824063e+00,  2.483836e+02
  4.697995e+00,  2.428409e+02
  5.244632e+00,  2.384718e+02
  5.373692e+00,  2.338697e+02
  5.064127e+00,  2.278494e+02
  4.381421e+00,  2.186318e+02
  3.521126e+00,  2.027303e+02
  2.907616e+00,  1.751409e+02
  3.088346e+00,  1.413113e+02
  3.976884e+00,  1.175509e+02
  5.031158e+00,  1.042852e+02
  5.889645e+00,  9.656975e+01
  6.369843e+00,  9.167790e+01
  6.394896e+00,  8.834700e+01
  5.965291e+00,  8.594978e+01
  5.144261e+00,  8.411814e+01
  4.043384e+00,  8.252736e+01
  2.805756e+00,  8.058928e+01
  1.589631e+00,  7.623825e+01
  5.844377e-01,  5.434692e+01
  5.185847e-01,  3.203252e+02
  1.003117e+00,  3.063307e+02
  1.334729e+00,  3.152407e+02
  1.643780e+00,  3.324862e+02
  2.126349e+00,  3.507116e+02
  2.828150e+00,  4.069994e+00
  3.637819e+00,  1.187537e+01
  4.401381e+00,  1.552389e+01
  4.986119e+00,  1.612194e+01
  5.305992e+00,  1.413919e+01
  5.337702e+00,  9.513170e+00
  5.133877e+00,  1.758451e+00
  4.830164e+00,  3.502259e+02
  4.625733e+00,  3.349617e+02
  4.693563e+00,  3.179996e+02
  5.047925e+00,  3.027282e+02
  5.534980e+00,  2.911577e+02
  5.955884e+00,  2.833087e+02
  6.159532e+00,  2.784973e+02
  6.068185e+00,  2.761676e+02
  5.675329e+00,  2.761064e+02
  5.036164e+00,  2.784740e+02
  4.255415e+00,  2.838230e+02
  3.471920e+00,  2.930124e+02
  2.825713e+00,  3.065630e+02
  2.394464e+00,  3.231194e+02
  2.125416e+00,  3.391849e+02
  1.871071e+00,  3.523225e+02
  1.508793e+00,  3.292134e+00
  1.009574e+00,  1.684892e+01
  5.188727e-01,  5.573435e+01
  7.119070e-01,  1.270786e+02
  1.343503e+00,  1.444124e+02
  1.947610e+00,  1.445985e+02
  2.444799e+00,  1.378756e+02
  2.869233e+00,  1.261591e+02
  3.340530e+00,  1.107819e+02
  4.002759e+00,  9.419300e+01
  4.921007e+00,  7.903404e+01
  6.037637e+00,  6.648555e+01
  7.214817e+00,  5.634231e+01
  8.290876e+00,  4.791704e+01
  9.116230e+00,  4.053594e+01
  9.574751e+00,  3.364024e+01
  9.597829e+00,  2.674340e+01
  9.173412e+00,  1.934823e+01
  8.350945e+00,  1.083633e+01
  7.244200e+00,  3.188824e-01
  6.033674e+00,  3.464883e+02
  4.963238e+00,  3.277606e+02
  4.294729e+00,  3.038949e+02
  4.136477e+00,  2.786943e+02
  4.298483e+00,  2.572022e+02
  4.473189e+00,  2.404713e+02
  4.453260e+00,  2.269411e+02
  4.162949e+00,  2.148101e+02
  3.623613e+00,  2.024557e+02
  2.923685e+00,  1.880501e+02
  2.200034e+00,  1.689363e+02
  1.623070e+00,  1.416316e+02
  1.331300e+00,  1.064541e+02
  1.263448e+00,  7.193689e+01
  1.216486e+00,  4.075949e+01
  1.140521e+00,  5.467017e+00
  1.263428e+00,  3.223693e+02
  1.820634e+00,  2.869296e+02
  2.700067e+00,  2.653070e+02
  3.702125e+00,  2.516702e+02
  4.670518e+00,  2.420275e+02
  5.483258e+00,  2.344924e+02
  6.050169e+00,  2.281118e+02
  6.317000e+00,  2.223277e+02
  6.269327e+00,  2.167513e+02
  5.933714e+00,  2.110657e+02
  5.369755e+00,  2.049525e+02
  4.660309e+00,  1.980423e+02
  3.900189e+00,  1.898936e+02
  3.183360e+00,  1.800565e+02
  2.587706e+00,  1.683707e+02
  2.155938e+00,  1.555717e+02
  1.880414e+00,  1.436097e+02
  1.714048e+00,  1.346676e+02
  1.606891e+00,  1.296873e+02
  1.528814e+00,  1.280196e+02
  1.461094e+00,  1.279304e+02
  1.379871e+00,  1.272484e+02
  1.255467e+00,  1.237149e+02
  1.072063e+00,  1.143895e+02
  8.699976e-01,  9.372255e+01
  8.199561e-01,  5.682756e+01
  1.103976e+00,  2.116139e+01
  1.617058e+00,  3.593495e+02
  2.199466e+00,  3.449564e+02
  2.755117e+00,  3.331646e+02
  3.227994e+00,  3.217657e+02
  3.596974e+00,  3.096058e+02
  3.879147e+00,  2.960282e+02
  4.126831e+00,  2.808340e+02
  4.407203e+00,  2.644099e+02
  4.770106e+00,  2.476364e+02
  5.219006e+00,  2.314586e+02
  5.707455e+00,  2.164142e+02
  6.160663e+00,  2.025232e+02
  6.502802e+00,  1.894655e+02
  6.677169e+00,  1.767748e+02
  6.657393e+00,  1.639407e+02
  6.451513e+00,  1.504410e+02
  6.100502e+00,  1.357546e+02
  5.672001e+00,  1.193994e+02
  5.249100e+00,  1.010485e+02
  4.912834e+00,  8.074294e+01
  4.719230e+00,  5.907138e+01
  4.681194e+00,  3.703054e+01
  4.771148e+00,  1.554281e+01
  4.943353e+00,  3.550974e+02
  5.154910e+00,  3.357972e+02
  5.371592e+00,  3.175784e+02
  5.562677e+00,  3.003426e+02
  5.695458e+00,  2.839632e+02
  5.736021e+00,  2.682404e+02
  5.656305e+00,  2.528634e+02
  5.443676e+00,  2.373928e+02
  5.110018e+00,  2.212517e+02
  4.698329e+00,  2.037561e+02
  4.280573e+00,  1.842296e+02
  3.947510e+00,  1.623530e+02
  3.780793e+00,  1.387423e+02
  3.810908e+00,  1.150520e+02
  3.999910e+00,  9.294867e+01
  4.273678e+00,  7.311008e+01
  4.564934e+00,  5.536791e+01
  4.830605e+00,  3.930367e+01
  5.047626e+00,  2.459432e+01
  5.201961e+00,  1.108998e+01
  5.279578e+00,  3.587721e+02
  5.262799e+00,  3.476847e+02
  5.132232e+00,  3.378806e+02
  4.872507e+00,  3.293981e+02
  4.479078e+00,  3.222653e+02
  3.963544e+00,  3.165264e+02
  3.355622e+00,  3.122842e+02
  2.701036e+00,  3.097608e+02
  2.055588e+00,  3.093768e+02
  1.476197e+00,  3.118094e+02
  1.009043e+00,  3.177866e+02
  6.730885e-01,  3.268588e+02
  4.436010e-01,  3.346708e+02
  2.703866e-01,  3.300307e+02
  1.777460e-01,  2.871330e+02
  2.807770e-01,  2.403976e+02
  4.375604e-01,  2.237509e+02
  5.329451e-01,  2.136970e+02
  5.136262e-01,  2.016906e+02
  3.763889e-01,  1.762187e+02
  3.473255e-01,  1.078907e+02
  7.635790e-01,  6.337610e+01
  1.396139e+00,  4.662632e+01
  2.111527e+00,  3.625592e+01
  2.825945e+00,  2.751754e+01
  3.465938e+00,  1.884760e+01
  3.976347e+00,  9.408041e+00
  4.335218e+00,  3.585493e+02
  4.568104e+00,  3.457285e+02
  4.753150e+00,  3.307007e+02
  5.001271e+00,  3.139168e+02
  5.400946e+00,  2.966769e+02
  5.957469e+00,  2.804895e+02
  6.582788e+00,  2.661769e+02
  7.137720e+00,  2.537076e+02
  7.481428e+00,  2.425648e+02
  7.505208e+00,  2.320420e+02
  7.154070e+00,  2.212920e+02
  6.444922e+00,  2.091703e+02
  5.489962e+00,  1.938906e+02
  4.532387e+00,  1.726756e+02
  3.975314e+00,  1.435471e+02
  4.160486e+00,  1.119889e+02
  4.922941e+00,  8.691445e+01
  5.819323e+00,  6.892473e+01
  6.532054e+00,  5.499608e+01
  6.905680e+00,  4.276087e+01
  6.903977e+00,  3.061987e+01
  6.588952e+00,  1.730448e+01
  6.108825e+00,  1.729045e+00
  5.669832e+00,  3.433700e+02
  5.456428e+00,  3.231558e+02
  5.508831e+00,  3.035119e+02
  5.685889e+00,  2.864640e+02
  5.772240e+00,  2.723055e+02
  5.594671e+00,  2.601439e+02
  5.070364e+00,  2.485730e+02
  4.220117e+00,  2.355133e+02
  3.195453e+00,  2.168916e+02
  2.392107e+00,  1.847381e+02
  2.467094e+00,  1.421049e+02
  3.343240e+00,  1.137021e+02
  4.361002e+00,  9.905473e+01
  5.158390e+00,  9.090015e+01
  5.583005e+00,  8.605158e+01
  5.585475e+00,  8.328666e+01
  5.187534e+00,  8.219936e+01
  4.467497e+00,  8.286380e+01
  3.547340e+00,  8.586765e+01
  2.579908e+00,  9.268353e+01
  1.738995e+00,  1.063851e+02
  1.197518e+00,  1.302400e+02
  9.867461e-01,  1.567571e+02
  8.646575e-01,  1.709807e+02
  6.333576e-01,  1.655409e+02
  4.812931e-01,  1.168025e+02
  9.361404e-01,  7.307966e+01
  1.673326e+00,  6.251715e+01
  2.429902e+00,  6.062517e+01
  3.081148e+00,  6.195410e+01
  3.551025e+00,  6.534419e+01
  3.812707e+00,  7.067053e+01
  3.893631e+00,  7.810167e+01
  3.868649e+00,  8.767223e+01
  3.829721e+00,  9.878651e+01
  3.831277e+00,  1.099562e+02
  3.845972e+00,  1.193220e+02
  3.777403e+00,  1.254585e+02
  3.520114e+00,  1.273278e+02
  3.027372e+00,  1.231854e+02
  2.401379e+00,  1.083240e+02
  2.089203e+00,  7.562663e+01
  2.696251e+00,  4.030274e+01
  3.966820e+00,  2.088856e+01
  5.384223e+00,  1.082681e+01
  6.636511e+00,  4.489077e+00
  7.518173e+00,  3.595081e+02
  7.893005e+00,  3.547047e+02
  7.698491e+00,  3.491854e+02
  6.961933e+00,  3.418284e+02
  5.828921e+00,  3.306465e+02
  4.629959e+00,  3.118696e+02
  3.977553e+00,  2.820456e+02
  4.396468e+00,  2.503491e+02
  5.511925e+00,  2.291607e+02
  6.647971e+00,  2.166441e+02
  7.398576e+00,  2.086033e+02
  7.565779e+00,  2.026979e+02
  7.084170e+00,  1.976032e+02
  5.993345e+00,  1.921841e+02
  4.429680e+00,  1.845011e+02
  2.660236e+00,  1.681303e+02
  1.502165e+00,  1.150543e+02
  2.399422e+00,  5.837529e+01
  3.842226e+00,  4.171542e+01
  4.947122e+00,  3.558784e+01
  5.504306e+00,  3.305310e+01
  5.457343e+00,  3.250476e+01
  4.843948e+00,  3.371712e+01
  3.781590e+00,  3.743415e+01
  2.464687e+00,  4.678782e+01
  1.251929e+00,  7.701584e+01
  1.179479e+00,  1.489432e+02
  2.000403e+00,  1.800112e+02
  2.607777e+00,  1.926826e+02
  2.776147e+00,  2.028665e+02
  2.521077e+00,  2.163921e+02
  2.073867e+00,  2.405940e+02
  2.032166e+00,  2.799585e+02
  2.820798e+00,  3.125507e+02
  4.010612e+00,  3.293941e+02
  5.151746e+00,  3.382668e+02
  5.980247e+00,  3.435068e+02
  6.336591e+00,  3.468419e+02
  6.142743e+00,  3.489540e+02
  5.398430e+00,  3.499789e+02
  4.177411e+00,  3.494120e+02
  2.626374e+00,  3.446544e+02
  1.072696e+00,  3.158223e+02
  1.366911e+00,  2.234762e+02
  2.863897e+00,  2.064043e+02
  4.168827e+00,  2.044832e+02
  5.101012e+00,  2.063553e+02
  5.614166e+00,  2.102543e+02
  5.732157e+00,  2.157817e+02
  5.529046e+00,  2.228220e+02
  5.100969e+00,  2.311796e+02
  4.528244e+00,  2.403279e+02
  3.840301e+00,  2.492433e+02
  3.007033e+00,  2.562360e+02
  1.977191e+00,  2.574712e+02
  8.729596e-01,  2.289773e+02
  1.419845e+00,  1.445792e+02
  3.219455e+00,  1.313526e+02
  5.237065e+00,  1.300862e+02
  7.238007e+00,  1.309091e+02
  9.022356e+00,  1.321411e+02
  1.040286e+01,  1.333148e+02
  1.122477e+01,  1.342472e+02
  1.138646e+01,  1.348135e+02
  1.085502e+01,  1.348514e+02
  9.674849e+00,  1.340619e+02
  7.969828e+00,  1.318026e+02
  5.946654e+00,  1.264829e+02
  3.933094e+00,  1.135069e+02
  2.577231e+00,  8.116486e+01
  2.758992e+00,  3.828118e+01
  3.757486e+00,  1.809647e+01
  4.584950e+00,  1.192741e+01
  4.944798e+00,  1.200334e+01
  4.804654e+00,  1.619956e+01
  4.257983e+00,  2.466571e+01
  3.495246e+00,  3.917299e+01
  2.806718e+00,  6.283601e+01
  2.533891e+00,  9.557002e+01
  2.772402e+00,  1.278441e+02
  3.269920e+00,  1.536639e+02
  3.830362e+00,  1.753507e+02
  4.450898e+00,  1.952489e+02
  5.214155e+00,  2.135323e+02
  6.155474e+00,  2.292829e+02
  7.197322e+00,  2.419049e+02
  8.173783e+00,  2.515142e+02
  8.890319e+00,  2.585643e+02
  9.174205e+00,  2.634758e+02
  8.908477e+00,  2.664488e+02
  8.054348e+00,  2.673140e+02
  6.669324e+00,  2.651745e+02
  4.943479e+00,  2.572078e+02
  3.353824e+00,  2.350340e+02
  3.013307e+00,  1.921109e+02
  4.251235e+00,  1.618770e+02
  5.850434e+00,  1.499316e+02
  7.138247e+00,  1.454035e+02
  7.852011e+00,  1.440877e+02
  7.889606e+00,  1.445543e+02
  7.252447e+00,  1.463438e+02
  6.025270e+00,  1.495158e+02
  4.359328e+00,  1.548373e+02
  2.463289e+00,  1.658520e+02
  8.179093e-01,  2.180927e+02
  1.732442e+00,  3.115400e+02
  3.289273e+00,  3.299118e+02
  4.568731e+00,  3.408816e+02
  5.519810e+00,  3.512285e+02
  6.197096e+00,  2.256628e+00
  6.702974e+00,  1.408205e+01
  7.132495e+00,  2.616877e+01
  7.517430e+00,  3.765348e+01
  7.803443e+00,  4.776010e+01
  7.875336e+00,  5.604101e+01
  7.607769e+00,  6.230098e+01
  6.912313e+00,  6.631778e+01
  5.772221e+00,  6.737303e+01
  4.280919e+00,  6.302234e+01
  2.768757e+00,  4.442668e+01
  2.327422e+00,  3.571798e+02
  3.636076e+00,  3.240415e+02
  5.431248e+00,  3.137770e+02
  7.061607e+00,  3.113472e+02
  8.281687e+00,  3.120366e+02
  8.969891e+00,  3.143877e+02
  9.079870e+00,  3.179042e+02
  8.628233e+00,  3.224751e+02
  7.685213e+00,  3.282379e+02
  6.363484e+00,  3.356451e+02
  4.808332e+00,  3.458497e+02
  3.205906e+00,  2.225535e+00
  1.901377e+00,  3.643076e+01
  1.754033e+00,  9.731712e+01
  2.704663e+00,  1.348587e+02
  3.773380e+00,  1.534681e+02
  4.635456e+00,  1.659242e+02
  5.179223e+00,  1.758890e+02
  5.339372e+00,  1.845771e+02
  5.071732e+00,  1.925463e+02
  4.355013e+00,  2.002588e+02
  3.199741e+00,  2.086123e+02
  1.666981e+00,  2.218965e+02
  5.364386e-01,  3.320451e+02
  2.393038e+00,  2.444873e+01
  4.479732e+00,  3.385012e+01
  6.442916e+00,  3.957335e+01
  8.098934e+00,  4.411058e+01
  9.291025e+00,  4.807351e+01
  9.902187e+00,  5.171765e+01
  9.869527e+00,  5.519543e+01
  9.192997e+00,  5.862846e+01
  7.936363e+00,  6.214488e+01
  6.220163e+00,  6.593199e+01
  4.208089e+00,  7.040995e+01
  2.090876e+00,  7.737969e+01
  2.477604e-01,  1.569795e+02
  1.774671e+00,  2.507256e+02
  3.163537e+00,  2.589883e+02
  4.073862e+00,  2.655355e+02
  4.469571e+00,  2.725799e+02
  4.380882e+00,  2.811246e+02
  3.903835e+00,  2.924734e+02
  3.207155e+00,  3.089786e+02
  2.559189e+00,  3.345066e+02
  2.322228e+00,  9.815754e+00
  2.639056e+00,  4.362302e+01
  3.232111e+00,  6.857053e+01
  3.831923e+00,  8.777921e+01
  4.337611e+00,  1.046478e+02
  4.750995e+00,  1.208287e+02
  5.116091e+00,  1.367930e+02
  5.471588e+00,  1.523095e+02
  5.817174e+00,  1.668839e+02
  6.105493e+00,  1.801430e+02
  6.259067e+00,  1.920017e+02
  6.196916e+00,  2.026212e+02
  5.856977e+00,  2.123050e+02
  5.209355e+00,  2.214492e+02
  4.261251e+00,  2.306154e+02
  3.057081e+00,  2.409725e+02
  1.687226e+00,  2.571322e+02
  5.936997e-01,  3.284967e+02
  1.614957e+00,  4.784513e+01
  3.030038e+00,  6.410766e+01
  4.303673e+00,  7.326874e+01
  5.318126e+00,  8.033442e+01
  5.987020e+00,  8.631288e+01
  6.242627e+00,  9.146915e+01
  6.039504e+00,  9.579882e+01
  5.361265e+00,  9.905985e+01
  4.229137e+00,  1.004731e+02
  2.720234e+00,  9.699568e+01
  1.145178e+00,  6.559848e+01
  1.734359e+00,  3.370981e+02
  3.748521e+00,  3.218261e+02
  5.777851e+00,  3.193964e+02
  7.568023e+00,  3.195594e+02
  8.953483e+00,  3.204574e+02
  9.809782e+00,  3.214770e+02
  1.006078e+01,  3.222957e+02
  9.688438e+00,  3.226225e+02
  8.739060e+00,  3.220337e+02
  7.326930e+00,  3.197135e+02
  5.644533e+00,  3.138108e+02
  4.015419e+00,  2.997961e+02
  3.055144e+00,  2.704770e+02
  3.376439e+00,  2.372671e+02
  4.442784e+00,  2.201049e+02
  5.522176e+00,  2.142297e+02
  6.323799e+00,  2.138877e+02
  6.769206e+00,  2.167122e+02
  6.874229e+00,  2.217337e+02
  6.700674e+00,  2.284507e+02
  6.321601e+00,  2.364479e+02
  5.791100e+00,  2.452393e+02
  5.125791e+00,  2.542730e+02
  4.307656e+00,  2.630558e+02
  3.307319e+00,  2.713036e+02
  2.110299e+00,  2.791669e+02
  7.387620e-01,  2.895667e+02
  7.607765e-01,  1.020258e+02
  2.265511e+00,  1.108931e+02
  3.670467e+00,  1.157875e+02
  4.848549e+00,  1.197278e+02
  5.687666e+00,  1.231314e+02
  6.105205e+00,  1.261622e+02
  6.060411e+00,  1.289117e+02
  5.561547e+00,  1.314265e+02
  4.666581e+00,  1.336848e+02
  3.477079e+00,  1.354726e+02
  2.126925e+00,  1.357524e+02
  7.823140e-01,  1.258030e+02
  6.080105e-01,  3.596602e+02
  1.604587e+00,  3.473113e+02
  2.351779e+00,  3.508606e+02
  2.811148e+00,  3.585168e+02
  3.036071e+00,  9.481888e+00
  3.136634e+00,  2.363478e+01
  3.238024e+00,  4.007026e+01
  3.408906e+00,  5.681885e+01
  3.614497e+00,  7.205985e+01
  3.749178e+00,  8.531686e+01
  3.708791e+00,  9.733155e+01
  3.438472e+00,  1.096024e+02
  2.964418e+00,  1.245826e+02
  2.439303e+00,  1.463975e+02
  2.198136e+00,  1.781059e+02
  2.532372e+00,  2.098312e+02
  3.247872e+00,  2.304665e+02
  3.985795e+00,  2.422560e+02
  4.513678e+00,  2.490807e+02
  4.705407e+00,  2.529079e+02
  4.511663e+00,  2.544750e+02
  3.950985e+00,  2.536731e+02
  3.109450e+00,  2.492306e+02
  2.160003e+00,  2.369108e+02
  1.470174e+00,  2.057714e+02
  1.578695e+00,  1.632201e+02
  2.172894e+00,  1.420080e+02
  2.683001e+00,  1.350282e+02
  2.904943e+00,  1.347292e+02
  2.807025e+00,  1.395066e+02
  2.476250e+00,  1.507770e+02
  2.145749e+00,  1.717795e+02
  2.166994e+00,  2.005629e+02
  2.642795e+00,  2.244401e+02
  3.292140e+00,  2.387392e+02
  3.831586e+00,  2.469327e+02
  4.092346e+00,  2.519100e+02
  3.992892e+00,  2.552039e+02
  3.521201e+00,  2.577079e+02
  2.725646e+00,  2.602415e+02
  1.707038e+00,  2.646215e+02
  6.332110e-01,  2.836336e+02
  6.148570e-01,  4.247592e+01
  1.444879e+00,  5.946303e+01
  1.996907e+00,  6.105986e+01
  2.153481e+00,  5.865927e+01
  1.887668e+00,  5.194904e+01
  1.283440e+00,  3.378213e+01
  9.006300e-01,  3.337146e+02
  1.764261e+00,  2.823001e+02
  3.110326e+00,  2.659067e+02
  4.468652e+00,  2.575699e+02
  5.642024e+00,  2.513751e+02
  6.498505e+00,  2.455948e+02
  6.960781e+00,  2.393973e+02
  7.013980e+00,  2.321396e+02
  6.712363e+00,  2.231330e+02
  6.180757e+00,  2.115820e+02
  5.603436e+00,  1.968046e+02
  5.179450e+00,  1.789885e+02
  5.025668e+00,  1.600113e+02
  5.085480e+00,  1.425643e+02
  5.172589e+00,  1.280346e+02
  5.098281e+00,  1.161593e+02
  4.746436e+00,  1.059420e+02
  4.087261e+00,  9.610747e+01
  3.171512e+00,  8.471522e+01
  2.138847e+00,  6.713268e+01
  1.333005e+00,  2.939532e+01
  1.434846e+00,  3.338898e+02
  2.136691e+00,  3.055446e+02
  2.764761e+00,  2.928040e+02
  3.102003e+00,  2.856658e+02
  3.088512e+00,  2.812903e+02
  2.736392e+00,  2.790827e+02
  2.112010e+00,  2.799776e+02
  1.342345e+00,  2.888736e+02
  7.560023e-01,  3.281798e+02
  1.055287e+00,  2.268328e+01
  1.734270e+00,  3.661029e+01
  2.319340e+00,  3.715652e+01
  2.716324e+00,  3.261642e+01
  2.927279e+00,  2.474833e+01
  3.007411e+00,  1.401080e+01
  3.041544e+00,  9.225304e-01
  3.108433e+00,  3.467108e+02
  3.234185e+00,  3.331733e+02
  3.380699e+00,  3.217436e+02
  3.479263e+00,  3.129648e+02
  3.472396e+00,  3.067820e+02
  3.337370e+00,  3.029910e+02
  3.091767e+00,  3.014503e+02
  2.787297e+00,  3.020293e+02
  2.493966e+00,  3.042776e+02
  2.275300e+00,  3.068818e+02
  2.165832e+00,  3.075247e+02
  2.176360e+00,  3.039317e+02
  2.326625e+00,  2.954863e+02
  2.654443e+00,  2.838439e+02
  3.176375e+00,  2.716389e+02
  3.853522e+00,  2.605264e+02
  4.601413e+00,  2.507708e+02
  5.318513e+00,  2.419523e+02
  5.909809e+00,  2.335054e+02
  6.303729e+00,  2.248907e+02
  6.464357e+00,  2.156057e+02
  6.398556e+00,  2.051673e+02
  6.155931e+00,  1.931275e+02
  5.818548e+00,  1.791681e+02
  5.477911e+00,  1.632920e+02
  5.200437e+00,  1.460102e+02
  4.991251e+00,  1.281756e+02
  4.795181e+00,  1.103992e+02
  4.539707e+00,  9.253258e+01
  4.191519e+00,  7.353938e+01
  3.804295e+00,  5.168677e+01
  3.543937e+00,  2.557825e+01
  3.624655e+00,  3.569418e+02
  4.105579e+00,  3.308879e+02
  4.814933e+00,  3.101714e+02
  5.515502e+00,  2.938582e+02
  6.023113e+00,  2.801080e+02
  6.230140e+00,  2.673412e+02
  6.108942e+00,  2.541923e+02
  5.719631e+00,  2.392536e+02
  5.221701e+00,  2.210229e+02
  4.866568e+00,  1.987085e+02
  4.896743e+00,  1.741951e+02
  5.347139e+00,  1.516953e+02
  6.014915e+00,  1.335477e+02
  6.643768e+00,  1.192462e+02
  7.047015e+00,  1.074228e+02
  7.128083e+00,  9.686546e+01
  6.871442e+00,  8.660899e+01
  6.330802e+00,  7.580913e+01
  5.616201e+00,  6.365712e+01
  4.870479e+00,  4.951018e+01
  4.227921e+00,  3.337108e+01
  3.752508e+00,  1.650616e+01
  3.394182e+00,  1.151448e+00
  3.024504e+00,  3.491794e+02
  2.524817e+00,  3.416917e+02
  1.849376e+00,  3.406288e+02
  1.084891e+00,  3.555271e+02
  8.372648e-01,  5.640411e+01
  1.613353e+00,  9.255633e+01
  2.579958e+00,  1.012816e+02
  3.436887e+00,  1.040188e+02
  4.074592e+00,  1.051585e+02
  4.440551e+00,  1.059458e+02
  4.526574e+00,  1.068574e+02
  4.364019e+00,  1.080907e+02
  4.015082e+00,  1.096458e+02
  3.559094e+00,  1.112391e+02
  3.076498e+00,  1.120898e+02
  2.638243e+00,  1.106775e+02
  2.312685e+00,  1.048683e+02
  2.187496e+00,  9.343474e+01
  2.350311e+00,  7.890898e+01
  2.798139e+00,  6.611138e+01
  3.417508e+00,  5.687969e+01
  4.055831e+00,  5.030769e+01
  4.565766e+00,  4.509352e+01
  4.820859e+00,  4.022699e+01
  4.728715e+00,  3.483610e+01
  4.247742e+00,  2.776795e+01
  3.414220e+00,  1.660256e+01
  2.426027e+00,  3.544785e+02
  1.958447e+00,  3.085429e+02
  2.785626e+00,  2.650938e+02
  4.235781e+00,  2.440784e+02
  5.682372e+00,  2.321871e+02
  6.850147e+00,  2.233044e+02
  7.590874e+00,  2.151332e+02
  7.843534e+00,  2.064172e+02
  7.640346e+00,  1.960817e+02
  7.121730e+00,  1.829351e+02
  6.544278e+00,  1.658582e+02
  6.232446e+00,  1.450112e+02
  6.394963e+00,  1.232541e+02
  6.933406e+00,  1.041975e+02
  7.534183e+00,  8.895184e+01
  7.891211e+00,  7.658759e+01
  7.808284e+00,  6.568147e+01
  7.214862e+00,  5.474236e+01
  6.170103e+00,  4.183558e+01
  4.895899e+00,  2.358323e+01
  3.884267e+00,  3.545834e+02
  3.858952e+00,  3.170045e+02
  4.846538e+00,  2.877948e+02
  6.126655e+00,  2.699668e+02
  7.182747e+00,  2.581853e+02
  7.766865e+00,  2.491036e+02
  7.785001e+00,  2.409510e+02
  7.254118e+00,  2.324846e+02
  6.289159e+00,  2.223503e+02
  5.104123e+00,  2.085029e+02
  4.027775e+00,  1.879323e+02
  3.466532e+00,  1.597869e+02
  3.564086e+00,  1.321361e+02
  3.945618e+00,  1.126894e+02
  4.174622e+00,  1.003874e+02
  4.023440e+00,  9.236821e+01
  3.427592e+00,  8.686830e+01
  2.425758e+00,  8.303067e+01
  1.123736e+00,  8.094002e+01
  3.363604e-01,  2.503119e+02
  1.786822e+00,  2.535816e+02
  3.080985e+00,  2.526392e+02
  4.092493e+00,  2.517316e+02
  4.738278e+00,  2.510424e+02
  4.985862e+00,  2.505689e+02
  4.854336e+00,  2.502334e+02
  4.408127e+00,  2.498402e+02
  3.745274e+00,  2.489293e+02
  2.984223e+00,  2.464255e+02
  2.258831e+00,  2.399076e+02
  1.739139e+00,  2.252246e+02
  1.636782e+00,  2.028372e+02
  1.997323e+00,  1.854131e+02
  2.634622e+00,  1.777775e+02
  3.382635e+00,  1.756379e+02
  4.123532e+00,  1.756172e+02
  4.744886e+00,  1.761100e+02
  5.134417e+00,  1.764075e+02
  5.193966e+00,  1.761642e+02
  4.857001e+00,  1.751085e+02
  4.103275e+00,  1.727764e+02
  2.970212e+00,  1.678128e+02
  1.582219e+00,  1.534973e+02
  7.521992e-01,  6.928998e+01
  2.063864e+00,  1.607124e+01
  3.569826e+00,  4.365065e+00
  4.827158e+00,  3.574638e+02
  5.692441e+00,  3.511316e+02
  6.097997e+00,  3.439508e+02
  6.059817e+00,  3.348221e+02
  5.697991e+00,  3.224432e+02
  5.254231e+00,  3.054674e+02
  5.055624e+00,  2.840631e+02
  5.319953e+00,  2.618993e+02
  5.941855e+00,  2.433108e+02
  6.605038e+00,  2.292172e+02
  7.012544e+00,  2.183505e+02
  6.972796e+00,  2.091960e+02
  6.405839e+00,  2.003561e+02
  5.341391e+00,  1.900698e+02
  3.940687e+00,  1.746818e+02
  2.643920e+00,  1.440739e+02
  2.520193e+00,  9.227708e+01
  3.751157e+00,  5.807068e+01
  5.235214e+00,  4.191555e+01
  6.443179e+00,  3.232890e+01
  7.167780e+00,  2.520100e+01
  7.330878e+00,  1.888562e+01
  6.945256e+00,  1.239741e+01
  6.103538e+00,  4.757236e+00
  4.972597e+00,  3.544954e+02
  3.796780e+00,  3.390084e+02
  2.908640e+00,  3.148621e+02
  2.608420e+00,  2.845769e+02
  2.763069e+00,  2.600403e+02
  2.928252e+00,  2.451391e+02
  2.820731e+00,  2.369348e+02
  2.358329e+00,  2.336140e+02
  1.589524e+00,  2.369203e+02
  7.424646e-01,  2.661520e+02
  9.373199e-01,  3.477679e+02
  1.892627e+00,  7.077263e+00
  2.739644e+00,  1.074755e+01
  3.293999e+00,  1.070732e+01
  3.475798e+00,  8.859527e+00
  3.268795e+00,  5.239765e+00
  2.722190e+00,  3.586013e+02
  1.971918e+00,  3.447331e+02
  1.360428e+00,  3.115924e+02
  1.529901e+00,  2.643282e+02
  2.302152e+00,  2.405008e+02
  3.114409e+00,  2.316235e+02
  3.755155e+00,  2.288309e+02
  4.163429e+00,  2.293492e+02
  4.352396e+00,  2.322564e+02
  4.383701e+00,  2.370899e+02
  4.340447e+00,  2.432434e+02
  4.291521e+00,  2.496525e+02
  4.261882e+00,  2.548599e+02
  4.231837e+00,  2.574255e+02
  4.173587e+00,  2.562385e+02
  4.099606e+00,  2.505764e+02
  4.090212e+00,  2.403783e+02
  4.266403e+00,  2.269959e+02
  4.696032e+00,  2.131983e+02
  5.318806e+00,  2.013477e+02
  5.977882e+00,  1.921279e+02
  6.496348e+00,  1.851452e+02
  6.725950e+00,  1.797808e+02
  6.568288e+00,  1.755339e+02
  5.983354e+00,  1.720791e+02
  4.990908e+00,  1.692719e+02
  3.665656e+00,  1.672563e+02
  2.128066e+00,  1.672517e+02
  5.647682e-01,  1.859415e+02
  1.083977e+00,  3.179781e+02
  2.385053e+00,  3.220421e+02
  3.376730e+00,  3.191167e+02
  3.990694e+00,  3.137358e+02
  4.233804e+00,  3.060216e+02
  4.189718e+00,  2.953443e+02
  4.019341e+00,  2.810068e+02
  3.927209e+00,  2.633778e+02
  4.056270e+00,  2.450300e+02
  4.376884e+00,  2.292933e+02
  4.721931e+00,  2.176011e+02
  4.911176e+00,  2.096442e+02
  4.823292e+00,  2.047565e+02
  4.412890e+00,  2.026394e+02
  3.709978e+00,  2.037321e+02
  2.822148e+00,  2.099774e+02
  1.967232e+00,  2.268884e+02
  1.558171e+00,  2.612306e+02
  1.832390e+00,  2.937357e+02
  2.318065e+00,  3.091517e+02
  2.623077e+00,  3.151336e+02
  2.604995e+00,  3.164753e+02
  2.240042e+00,  3.143921e+02
  1.582656e+00,  3.071193e+02
  8.044622e-01,  2.809091e+02
  7.496992e-01,  1.967254e+02
  1.579906e+00,  1.648043e+02
  2.387587e+00,  1.540612e+02
  2.970231e+00,  1.469854e+02
  3.255477e+00,  1.401499e+02
  3.238828e+00,  1.318879e+02
  2.989045e+00,  1.204753e+02
  2.661488e+00,  1.038252e+02
  2.487557e+00,  8.137524e+01
  2.637684e+00,  5.818461e+01
  3.031908e+00,  4.080680e+01
  3.447417e+00,  3.020324e+01
  3.706060e+00,  2.473402e+01
  3.717805e+00,  2.327536e+01
  3.475326e+00,  2.575657e+01
  3.053599e+00,  3.321302e+01
  2.619093e+00,  4.755090e+01
  2.409312e+00,  6.883363e+01
  2.558806e+00,  9.064316e+01
  2.925325e+00,  1.063654e+02
  3.265114e+00,  1.160067e+02
  3.409684e+00,  1.217776e+02
  3.280376e+00,  1.253221e+02
  2.868419e+00,  1.276636e+02
  2.219349e+00,  1.296405e+02
  1.420280e+00,  1.327851e+02
  5.979352e-01,  1.455624e+02
  3.420445e-01,  2.534183e+02
  8.917158e-01,  2.787679e+02
  1.267720e+00,  2.765134e+02
  1.423898e+00,  2.657065e+02
  1.478732e+00,  2.455403e+02
  1.699062e+00,  2.181774e+02
  2.284530e+00,  1.944750e+02
  3.155846e+00,  1.794496e+02
  4.126218e+00,  1.705415e+02
  5.028458e+00,  1.651086e+02
  5.730242e+00,  1.616937e+02
  6.136473e+00,  1.595387e+02
  6.193453e+00,  1.582254e+02
  5.891459e+00,  1.574918e+02
  5.263266e+00,  1.571224e+02
  4.377934e+00,  1.568363e+02
  3.330745e+00,  1.560491e+02
  2.233268e+00,  1.530600e+02
  1.224919e+00,  1.409443e+02
  6.868484e-01,  9.003779e+01
  1.124366e+00,  4.439782e+01
  1.782315e+00,  3.689573e+01
  2.388522e+00,  3.901598e+01
  2.923974e+00,  4.384506e+01
  3.381775e+00,  4.900649e+01
  3.732919e+00,  5.328025e+01
  3.930488e+00,  5.591466e+01
  3.929843e+00,  5.627911e+01
  3.715169e+00,  5.351073e+01
  3.331204e+00,  4.608715e+01
  2.925980e+00,  3.165645e+01
  2.775995e+00,  9.492948e+00
  3.111675e+00,  3.462508e+02
  3.828978e+00,  3.295267e+02
  4.641597e+00,  3.192964e+02
  5.311621e+00,  3.130604e+02
  5.680584e+00,  3.090552e+02
  5.655909e+00,  3.062708e+02
  5.204360e+00,  3.040692e+02
  4.348535e+00,  3.018682e+02
  3.162327e+00,  2.986330e+02
  1.772424e+00,  2.904259e+02
  5.797683e-01,  2.343653e+02
  1.452507e+00,  1.526600e+02
  2.722692e+00,  1.430159e+02
  3.758633e+00,  1.413048e+02
  4.464465e+00,  1.420411e+02
  4.811820e+00,  1.442467e+02
  4.823220e+00,  1.477490e+02
  4.564955e+00,  1.526169e+02
  4.133929e+00,  1.589345e+02
  3.635553e+00,  1.665254e+02
  3.153646e+00,  1.745418e+02
  2.724788e+00,  1.811066e+02
  2.345984e+00,  1.833065e+02
  2.038637e+00,  1.774712e+02
  1.942758e+00,  1.613767e+02
  2.266499e+00,  1.414867e+02
  3.006454e+00,  1.276252e+02
  3.969147e+00,  1.204497e+02
  4.961266e+00,  1.172353e+02
  5.825967e+00,  1.161582e+02
  6.437432e+00,  1.163032e+02
  6.702614e+00,  1.172367e+02
  6.566751e+00,  1.187785e+02
  6.017606e+00,  1.209174e+02
  5.086157e+00,  1.238358e+02
  3.843773e+00,  1.281511e+02
  2.401346e+00,  1.361970e+02
  9.792339e-01,  1.645486e+02
  1.068026e+00,  2.666580e+02
  2.374236e+00,  2.907239e+02
  3.554321e+00,  2.982426e+02
  4.450297e+00,  3.023141e+02
  5.003194e+00,  3.047661e+02
  5.194623e+00,  3.058202e+02
  5.044951e+00,  3.050720e+02
  4.621970e+00,  3.015120e+02
  4.064572e+00,  2.933199e+02
  3.624328e+00,  2.783778e+02
  3.640658e+00,  2.581208e+02
  4.266649e+00,  2.401428e+02
  5.307219e+00,  2.289698e+02
  6.479697e+00,  2.233089e+02
  7.570108e+00,  2.209997e+02
  8.428756e+00,  2.206447e+02
  8.951688e+00,  2.214560e+02
  9.074275e+00,  2.229848e+02
  8.770480e+00,  2.249583e+02
  8.052385e+00,  2.271848e+02
  6.967471e+00,  2.294827e+02
  5.593038e+00,  2.315823e+02
  4.028851e+00,  2.328622e+02
  2.393112e+00,  2.311127e+02
  8.833886e-01,  2.093485e+02
  1.011843e+00,  1.066101e+02
  2.239703e+00,  9.198192e+01
  3.281659e+00,  9.198878e+01
  4.038204e+00,  9.486739e+01
  4.483871e+00,  9.872181e+01
  4.617243e+00,  1.028173e+02
  4.443178e+00,  1.065647e+02
  3.860897e+00,  1.093905e+02
  1.703723e+00,  1.218471e+02
##END=
