##TITLE= E:\桌面\nmr\ogm\sjd\matlabcod\1\1_2_xjhsjd
##JCAMP-DX= 5.00 Bruker JCAMP library
##DATA TYPE= Shape Data
##ORIGIN= Colm's GRAPE Pulses 
##OWNER= Dawei.Lu
##DATE= 02-Aug-2025
##TIME= 11:26
##MINX= 5.723530e-01
##MAXX= 1.491314e+01
##MINY= 7.651924e-01
##MAXY= 3.595748e+02
##$SHAPE_EXMODE= None
##$SHAPE_TOTROT= 9.000000e+01
##$SHAPE_BWFAC= 1.000000e+00
##$SHAPE_INTEGFAC= 1.000000e+00
##$SHAPE_MODE= 1
##PULSE_WIDTH= 5000
##Calibration_Power= 12500
##NPOINTS= 1000
##XYPOINTS= (XY..XY)
  3.128420e+00,  1.085496e+02
  6.182193e+00,  1.119211e+02
  9.614406e+00,  1.183530e+02
  9.516339e+00,  1.301104e+02
  8.755825e+00,  1.429558e+02
  7.557548e+00,  1.582651e+02
  6.183403e+00,  1.791884e+02
  5.229876e+00,  2.098246e+02
  5.490647e+00,  2.458345e+02
  6.923127e+00,  2.736145e+02
  8.740043e+00,  2.915570e+02
  1.032454e+01,  3.038798e+02
  1.131665e+01,  3.133603e+02
  1.152055e+01,  3.214896e+02
  1.086938e+01,  3.292277e+02
  9.415144e+00,  3.374915e+02
  7.325221e+00,  3.477510e+02
  4.902614e+00,  3.836795e+00
  2.805707e+00,  3.990978e+01
  2.771407e+00,  1.057387e+02
  4.482521e+00,  1.412332e+02
  6.172850e+00,  1.593169e+02
  7.395622e+00,  1.734634e+02
  8.126702e+00,  1.875487e+02
  8.529835e+00,  2.030147e+02
  8.865317e+00,  2.199852e+02
  9.348723e+00,  2.373320e+02
  1.000112e+01,  2.533956e+02
  1.062826e+01,  2.671652e+02
  1.093628e+01,  2.786188e+02
  1.065747e+01,  2.883063e+02
  9.621656e+00,  2.970074e+02
  7.785953e+00,  3.058269e+02
  5.253957e+00,  3.173781e+02
  2.426963e+00,  3.460931e+02
  2.316058e+00,  8.536111e+01
  5.387358e+00,  1.164251e+02
  8.435028e+00,  1.272392e+02
  1.090936e+01,  1.343220e+02
  1.255001e+01,  1.403296e+02
  1.321782e+01,  1.461728e+02
  1.288980e+01,  1.524106e+02
  1.165695e+01,  1.596251e+02
  9.715335e+00,  1.687250e+02
  7.360425e+00,  1.815888e+02
  5.028384e+00,  2.029318e+02
  3.515709e+00,  2.425789e+02
  3.783820e+00,  2.914050e+02
  5.124437e+00,  3.227583e+02
  6.510823e+00,  3.430168e+02
  7.639762e+00,  3.594267e+02
  8.489349e+00,  1.456197e+01
  9.100566e+00,  2.914627e+01
  9.485016e+00,  4.322139e+01
  9.591419e+00,  5.673161e+01
  9.326052e+00,  6.987985e+01
  8.609057e+00,  8.336358e+01
  7.446310e+00,  9.872260e+01
  6.027699e+00,  1.191659e+02
  4.908911e+00,  1.499549e+02
  5.008003e+00,  1.887823e+02
  6.432925e+00,  2.190106e+02
  8.304521e+00,  2.377165e+02
  9.916257e+00,  2.501542e+02
  1.085966e+01,  2.596637e+02
  1.091147e+01,  2.680682e+02
  1.000549e+01,  2.767872e+02
  8.248525e+00,  2.878115e+02
  6.000895e+00,  3.057604e+02
  4.239657e+00,  3.420735e+02
  4.742137e+00,  3.106746e+01
  6.974944e+00,  5.881579e+01
  9.279721e+00,  7.268702e+01
  1.092270e+01,  8.137906e+01
  1.157867e+01,  8.805485e+01
  1.112611e+01,  9.416355e+01
  9.609265e+00,  1.008654e+02
  7.234595e+00,  1.101262e+02
  4.438635e+00,  1.283446e+02
  2.568446e+00,  1.822208e+02
  4.018082e+00,  2.410643e+02
  6.425444e+00,  2.614621e+02
  8.269930e+00,  2.720356e+02
  9.160010e+00,  2.804407e+02
  8.994388e+00,  2.894325e+02
  7.903259e+00,  3.016057e+02
  6.351546e+00,  3.216120e+02
  5.424265e+00,  3.554234e+02
  6.366621e+00,  3.233879e+01
  8.655762e+00,  5.551158e+01
  1.108912e+01,  6.867159e+01
  1.295521e+01,  7.715128e+01
  1.387333e+01,  8.345255e+01
  1.366760e+01,  8.878561e+01
  1.232986e+01,  9.391739e+01
  1.000081e+01,  9.964620e+01
  6.952782e+00,  1.075960e+02
  3.618802e+00,  1.246007e+02
  1.665274e+00,  2.038514e+02
  3.964612e+00,  2.619883e+02
  6.478483e+00,  2.766872e+02
  8.263858e+00,  2.857990e+02
  9.157254e+00,  2.942099e+02
  9.177561e+00,  3.036107e+02
  8.491079e+00,  3.153828e+02
  7.407899e+00,  3.312600e+02
  6.376427e+00,  3.531183e+02
  5.883975e+00,  2.056351e+01
  6.118621e+00,  4.840078e+01
  6.791273e+00,  7.204488e+01
  7.512571e+00,  9.174771e+01
  8.082722e+00,  1.094332e+02
  8.484776e+00,  1.264644e+02
  8.786218e+00,  1.432867e+02
  9.032393e+00,  1.596452e+02
  9.176928e+00,  1.750896e+02
  9.087388e+00,  1.895056e+02
  8.613730e+00,  2.034005e+02
  7.676189e+00,  2.180946e+02
  6.360547e+00,  2.363047e+02
  5.075390e+00,  2.631856e+02
  4.723629e+00,  3.012585e+02
  5.856910e+00,  3.353082e+02
  7.726574e+00,  3.562631e+02
  9.483455e+00,  9.147068e+00
  1.062115e+01,  1.807786e+01
  1.084585e+01,  2.510348e+01
  1.002101e+01,  3.144512e+01
  8.162987e+00,  3.838482e+01
  5.462259e+00,  4.899886e+01
  2.522878e+00,  8.098792e+01
  2.854482e+00,  1.724983e+02
  6.075720e+00,  1.989277e+02
  9.091969e+00,  2.077994e+02
  1.128668e+01,  2.129658e+02
  1.235302e+01,  2.169276e+02
  1.214003e+01,  2.206027e+02
  1.065151e+01,  2.247012e+02
  8.052327e+00,  2.305103e+02
  4.704676e+00,  2.429113e+02
  1.926784e+00,  3.022572e+02
  4.202741e+00,  1.631002e+01
  7.621861e+00,  3.097132e+01
  1.037222e+01,  3.728217e+01
  1.203256e+01,  4.162091e+01
  1.240024e+01,  4.557204e+01
  1.144481e+01,  5.006393e+01
  9.312978e+00,  5.643406e+01
  6.366822e+00,  6.842169e+01
  3.541240e+00,  1.022672e+02
  3.836382e+00,  1.701906e+02
  6.766578e+00,  1.988286e+02
  9.589783e+00,  2.095505e+02
  1.153842e+01,  2.154611e+02
  1.231345e+01,  2.196321e+02
  1.181688e+01,  2.231262e+02
  1.011301e+01,  2.265093e+02
  7.406651e+00,  2.303786e+02
  4.016573e+00,  2.365551e+02
  5.723530e-01,  2.948940e+02
  3.415569e+00,  4.704936e+01
  6.593544e+00,  5.494290e+01
  9.050353e+00,  6.054561e+01
  1.059532e+01,  6.633390e+01
  1.117547e+01,  7.311840e+01
  1.087715e+01,  8.163216e+01
  9.923553e+00,  9.284595e+01
  8.665380e+00,  1.080556e+02
  7.547434e+00,  1.283679e+02
  6.973229e+00,  1.528491e+02
  7.033012e+00,  1.775401e+02
  7.440328e+00,  1.992067e+02
  7.843478e+00,  2.178534e+02
  8.052788e+00,  2.348906e+02
  8.043641e+00,  2.515360e+02
  7.875899e+00,  2.683797e+02
  7.602741e+00,  2.854242e+02
  7.208164e+00,  3.024491e+02
  6.612332e+00,  3.196631e+02
  5.752065e+00,  3.384654e+02
  4.724997e+00,  2.512820e+00
  4.031221e+00,  3.751109e+01
  4.527544e+00,  7.784383e+01
  6.198935e+00,  1.062714e+02
  8.258379e+00,  1.232352e+02
  1.009467e+01,  1.342189e+02
  1.129914e+01,  1.421608e+02
  1.159306e+01,  1.485130e+02
  1.082083e+01,  1.541848e+02
  8.962856e+00,  1.601305e+02
  6.156095e+00,  1.685307e+02
  2.831547e+00,  1.918493e+02
  2.433359e+00,  2.948415e+02
  6.061677e+00,  3.244874e+02
  9.601215e+00,  3.325631e+02
  1.236298e+01,  3.368222e+02
  1.398873e+01,  3.397457e+02
  1.426717e+01,  3.420597e+02
  1.313942e+01,  3.440893e+02
  1.070333e+01,  3.460633e+02
  7.203197e+00,  3.483338e+02
  3.007159e+00,  3.527910e+02
  1.486377e+00,  1.589658e+02
  5.705781e+00,  1.680727e+02
  9.267335e+00,  1.706710e+02
  1.178142e+01,  1.727479e+02
  1.299104e+01,  1.748838e+02
  1.279082e+01,  1.774195e+02
  1.124185e+01,  1.808707e+02
  8.576133e+00,  1.864952e+02
  5.230780e+00,  1.989811e+02
  2.439239e+00,  2.473793e+02
  3.954383e+00,  3.201565e+02
  6.981463e+00,  3.390240e+02
  9.363283e+00,  3.467475e+02
  1.064103e+01,  3.517960e+02
  1.064403e+01,  3.562440e+02
  9.382822e+00,  1.255300e+00
  7.039797e+00,  8.670703e+00
  4.031779e+00,  2.555907e+01
  2.135819e+00,  9.560809e+01
  4.667832e+00,  1.527318e+02
  7.946980e+00,  1.673182e+02
  1.068240e+01,  1.748209e+02
  1.251652e+01,  1.805859e+02
  1.329085e+01,  1.860930e+02
  1.299626e+01,  1.921144e+02
  1.176111e+01,  1.993831e+02
  9.835066e+00,  2.089834e+02
  7.580890e+00,  2.229681e+02
  5.506470e+00,  2.454254e+02
  4.327024e+00,  2.806376e+02
  4.486798e+00,  3.190367e+02
  5.356399e+00,  3.471917e+02
  6.207489e+00,  7.701260e+00
  6.784278e+00,  2.524107e+01
  7.084267e+00,  4.211004e+01
  7.181504e+00,  5.912800e+01
  7.127522e+00,  7.641206e+01
  6.914889e+00,  9.403943e+01
  6.513533e+00,  1.126612e+02
  5.967275e+00,  1.338942e+02
  5.517051e+00,  1.598835e+02
  5.621789e+00,  1.900070e+02
  6.580068e+00,  2.178152e+02
  8.146993e+00,  2.385317e+02
  9.820593e+00,  2.530406e+02
  1.114933e+01,  2.635654e+02
  1.179305e+01,  2.717233e+02
  1.152839e+01,  2.785824e+02
  1.025807e+01,  2.850239e+02
  8.023669e+00,  2.922950e+02
  5.038102e+00,  3.041143e+02
  2.090160e+00,  3.472529e+02
  3.431549e+00,  7.654525e+01
  6.876541e+00,  9.595812e+01
  9.950757e+00,  1.032227e+02
  1.215372e+01,  1.075129e+02
  1.320721e+01,  1.106102e+02
  1.297845e+01,  1.131009e+02
  1.148227e+01,  1.152300e+02
  8.876820e+00,  1.170691e+02
  5.445068e+00,  1.183861e+02
  1.567491e+00,  1.154871e+02
  2.369453e+00,  3.096318e+02
  5.890977e+00,  3.094068e+02
  8.655838e+00,  3.118156e+02
  1.038930e+01,  3.153093e+02
  1.095748e+01,  3.201359e+02
  1.040030e+01,  3.271587e+02
  8.976852e+00,  3.382533e+02
  7.268144e+00,  3.571480e+02
  6.324351e+00,  2.721698e+01
  7.040981e+00,  5.909571e+01
  8.825676e+00,  8.048064e+01
  1.057868e+01,  9.329054e+01
  1.163351e+01,  1.016959e+02
  1.167137e+01,  1.079945e+02
  1.059904e+01,  1.134571e+02
  8.498703e+00,  1.191509e+02
  5.604424e+00,  1.271546e+02
  2.371600e+00,  1.496056e+02
  2.021505e+00,  2.620835e+02
  5.074186e+00,  2.897214e+02
  7.754660e+00,  2.984692e+02
  9.603342e+00,  3.045416e+02
  1.044068e+01,  3.103106e+02
  1.023622e+01,  3.168398e+02
  9.106099e+00,  3.252882e+02
  7.326280e+00,  3.378053e+02
  5.406645e+00,  3.592245e+02
  4.301755e+00,  3.627307e+01
  4.887589e+00,  7.648348e+01
  6.418358e+00,  1.022056e+02
  7.899554e+00,  1.187306e+02
  8.922543e+00,  1.318401e+02
  9.394250e+00,  1.442388e+02
  9.389554e+00,  1.572907e+02
  9.075813e+00,  1.716742e+02
  8.633759e+00,  1.874544e+02
  8.168791e+00,  2.041132e+02
  7.659273e+00,  2.209739e+02
  6.995092e+00,  2.379538e+02
  6.086099e+00,  2.562300e+02
  5.001711e+00,  2.790204e+02
  4.165485e+00,  3.117053e+02
  4.370176e+00,  3.517405e+02
  5.747271e+00,  2.264771e+01
  7.575704e+00,  4.200232e+01
  9.251994e+00,  5.512040e+01
  1.040914e+01,  6.532682e+01
  1.083233e+01,  7.440905e+01
  1.043993e+01,  8.364581e+01
  9.296085e+00,  9.447943e+01
  7.647662e+00,  1.092867e+02
  6.018390e+00,  1.322771e+02
  5.289920e+00,  1.659228e+02
  5.975956e+00,  1.986716e+02
  7.352170e+00,  2.204818e+02
  8.538204e+00,  2.346107e+02
  9.063506e+00,  2.451619e+02
  8.741325e+00,  2.545788e+02
  7.582052e+00,  2.648320e+02
  5.783418e+00,  2.790454e+02
  3.854942e+00,  3.056385e+02
  3.150606e+00,  3.576672e+02
  4.558288e+00,  4.016463e+01
  6.534214e+00,  6.082098e+01
  8.156813e+00,  7.390571e+01
  9.117282e+00,  8.503305e+01
  9.359640e+00,  9.665942e+01
  9.029597e+00,  1.105401e+02
  8.474086e+00,  1.281388e+02
  8.176886e+00,  1.495560e+02
  8.490602e+00,  1.719093e+02
  9.319687e+00,  1.912990e+02
  1.022471e+01,  2.064892e+02
  1.075644e+01,  2.184393e+02
  1.061627e+01,  2.285662e+02
  9.680647e+00,  2.382600e+02
  7.998957e+00,  2.492885e+02
  5.820833e+00,  2.653198e+02
  3.805313e+00,  2.968246e+02
  3.557647e+00,  3.509982e+02
  5.289524e+00,  2.664815e+01
  7.268007e+00,  4.386870e+01
  8.703006e+00,  5.482945e+01
  9.303635e+00,  6.387429e+01
  8.992181e+00,  7.305137e+01
  7.863313e+00,  8.427289e+01
  6.214651e+00,  1.008467e+02
  4.697502e+00,  1.293769e+02
  4.453719e+00,  1.712204e+02
  5.768638e+00,  2.048407e+02
  7.558694e+00,  2.248908e+02
  9.062707e+00,  2.385721e+02
  9.958254e+00,  2.500128e+02
  1.015604e+01,  2.613143e+02
  9.737721e+00,  2.739522e+02
  8.938256e+00,  2.892802e+02
  8.116201e+00,  3.083075e+02
  7.640391e+00,  3.305162e+02
  7.654095e+00,  3.530944e+02
  7.947662e+00,  1.326059e+01
  8.156767e+00,  3.065924e+01
  8.013385e+00,  4.670547e+01
  7.449004e+00,  6.352061e+01
  6.629617e+00,  8.372872e+01
  5.981481e+00,  1.096815e+02
  6.045719e+00,  1.394599e+02
  6.946173e+00,  1.657802e+02
  8.235336e+00,  1.852405e+02
  9.383668e+00,  1.994968e+02
  1.002233e+01,  2.107738e+02
  9.943931e+00,  2.206742e+02
  9.081379e+00,  2.304960e+02
  7.502215e+00,  2.418812e+02
  5.433497e+00,  2.584017e+02
  3.474407e+00,  2.912140e+02
  3.282145e+00,  3.499897e+02
  5.196109e+00,  2.764814e+01
  7.509188e+00,  4.595734e+01
  9.519014e+00,  5.806059e+01
  1.096848e+01,  6.802379e+01
  1.174625e+01,  7.731892e+01
  1.182819e+01,  8.667883e+01
  1.125692e+01,  9.663257e+01
  1.012802e+01,  1.077550e+02
  8.581422e+00,  1.209378e+02
  6.810474e+00,  1.379451e+02
  5.128216e+00,  1.625903e+02
  4.143914e+00,  2.000540e+02
  4.551099e+00,  2.420255e+02
  6.026214e+00,  2.718916e+02
  7.802891e+00,  2.913933e+02
  9.432776e+00,  3.056323e+02
  1.065935e+01,  3.172160e+02
  1.131214e+01,  3.274457e+02
  1.128626e+01,  3.371467e+02
  1.054936e+01,  3.470786e+02
  9.157083e+00,  3.582995e+02
  7.283035e+00,  1.286827e+01
  5.312031e+00,  3.562243e+01
  4.119491e+00,  7.470525e+01
  4.742231e+00,  1.184605e+02
  6.509693e+00,  1.456051e+02
  8.332389e+00,  1.619501e+02
  9.704457e+00,  1.738447e+02
  1.040565e+01,  1.840490e+02
  1.036624e+01,  1.939836e+02
  9.634534e+00,  2.047336e+02
  8.367631e+00,  2.175660e+02
  6.832308e+00,  2.344130e+02
  5.421478e+00,  2.581529e+02
  4.630069e+00,  2.902482e+02
  4.719166e+00,  3.243891e+02
  5.356781e+00,  3.527949e+02
  6.084432e+00,  1.594673e+01
  6.716998e+00,  3.694460e+01
  7.310249e+00,  5.765209e+01
  8.033445e+00,  7.824377e+01
  9.015249e+00,  9.765017e+01
  1.022522e+01,  1.147075e+02
  1.147471e+01,  1.290330e+02
  1.250158e+01,  1.409470e+02
  1.305338e+01,  1.510420e+02
  1.294016e+01,  1.599261e+02
  1.206265e+01,  1.681643e+02
  1.041925e+01,  1.763817e+02
  8.106719e+00,  1.856008e+02
  5.331445e+00,  1.986434e+02
  2.587636e+00,  2.301308e+02
  2.399289e+00,  3.173119e+02
  4.919532e+00,  3.517460e+02
  7.372576e+00,  4.792372e+00
  9.207004e+00,  1.332372e+01
  1.020368e+01,  2.043727e+01
  1.025457e+01,  2.722947e+01
  9.348039e+00,  3.448266e+01
  7.572914e+00,  4.341206e+01
  5.149341e+00,  5.755409e+01
  2.731960e+00,  9.427254e+01
  3.110431e+00,  1.717757e+02
  6.024474e+00,  2.024458e+02
  9.101564e+00,  2.152188e+02
  1.175842e+01,  2.235322e+02
  1.371562e+01,  2.302392e+02
  1.479656e+01,  2.362984e+02
  1.491314e+01,  2.421891e+02
  1.406818e+01,  2.482735e+02
  1.235423e+01,  2.549725e+02
  9.947554e+00,  2.630103e+02
  7.107868e+00,  2.741486e+02
  4.233084e+00,  2.945133e+02
  2.418558e+00,  3.484987e+02
  3.530989e+00,  4.944211e+01
  5.555064e+00,  7.362370e+01
  7.208784e+00,  8.763882e+01
  8.239341e+00,  9.928492e+01
  8.622988e+00,  1.109837e+02
  8.461199e+00,  1.240531e+02
  7.955255e+00,  1.395146e+02
  7.371392e+00,  1.580009e+02
  6.960981e+00,  1.791292e+02
  6.836505e+00,  2.011833e+02
  6.910424e+00,  2.222993e+02
  6.990579e+00,  2.419528e+02
  6.927951e+00,  2.609594e+02
  6.700630e+00,  2.807480e+02
  6.436598e+00,  3.026727e+02
  6.377756e+00,  3.269499e+02
  6.734911e+00,  3.515808e+02
  7.499211e+00,  1.365177e+01
  8.442368e+00,  3.196520e+01
  9.276686e+00,  4.711846e+01
  9.768903e+00,  6.026689e+01
  9.779006e+00,  7.253517e+01
  9.270811e+00,  8.500058e+01
  8.314339e+00,  9.889019e+01
  7.091770e+00,  1.158843e+02
  5.914336e+00,  1.382280e+02
  5.208307e+00,  1.670519e+02
  5.275570e+00,  1.980006e+02
  5.938284e+00,  2.242696e+02
  6.754491e+00,  2.447067e+02
  7.393783e+00,  2.614463e+02
  7.692038e+00,  2.764989e+02
  7.602805e+00,  2.913076e+02
  7.162619e+00,  3.070677e+02
  6.476477e+00,  3.250579e+02
  5.722707e+00,  3.468366e+02
  5.171250e+00,  1.372726e+01
  5.143094e+00,  4.443080e+01
  5.796721e+00,  7.370873e+01
  6.984999e+00,  9.758818e+01
  8.427678e+00,  1.161277e+02
  9.862838e+00,  1.307672e+02
  1.106467e+01,  1.427222e+02
  1.183646e+01,  1.528161e+02
  1.201701e+01,  1.616199e+02
  1.149612e+01,  1.695793e+02
  1.023017e+01,  1.771244e+02
  8.252950e+00,  1.848508e+02
  5.683427e+00,  1.941789e+02
  2.769961e+00,  2.122401e+02
  1.348884e+00,  3.155278e+02
  4.075031e+00,  1.841936e+00
  6.864452e+00,  1.348239e+01
  9.114570e+00,  2.095205e+01
  1.059807e+01,  2.739547e+01
  1.118960e+01,  3.379425e+01
  1.086649e+01,  4.081477e+01
  9.716401e+00,  4.929304e+01
  7.946039e+00,  6.075556e+01
  5.918550e+00,  7.862903e+01
  4.307764e+00,  1.099982e+02
  4.137266e+00,  1.539468e+02
  5.338710e+00,  1.873934e+02
  6.830007e+00,  2.081997e+02
  8.043341e+00,  2.237490e+02
  8.826178e+00,  2.378278e+02
  9.227665e+00,  2.521386e+02
  9.403328e+00,  2.673162e+02
  9.522070e+00,  2.831357e+02
  9.660949e+00,  2.987328e+02
  9.747370e+00,  3.131930e+02
  9.597403e+00,  3.261215e+02
  9.010806e+00,  3.377642e+02
  7.853810e+00,  3.489476e+02
  6.112272e+00,  1.456885e+00
  3.961166e+00,  2.070324e+01
  2.240410e+00,  7.038615e+01
  3.293627e+00,  1.372854e+02
  5.735815e+00,  1.617795e+02
  8.027997e+00,  1.737203e+02
  9.720041e+00,  1.821620e+02
  1.058117e+01,  1.895771e+02
  1.051091e+01,  1.972039e+02
  9.546061e+00,  2.062714e+02
  7.890181e+00,  2.188623e+02
  6.004673e+00,  2.394381e+02
  4.842903e+00,  2.743916e+02
  5.435410e+00,  3.136059e+02
  7.183045e+00,  3.390432e+02
  8.968547e+00,  3.544713e+02
  1.022253e+01,  5.627406e+00
  1.071196e+01,  1.533546e+01
  1.040238e+01,  2.522035e+01
  9.420064e+00,  3.669387e+01
  8.041941e+00,  5.147534e+01
  6.686463e+00,  7.160851e+01
  5.828363e+00,  9.759821e+01
  5.673683e+00,  1.250914e+02
  5.895417e+00,  1.487934e+02
  5.995936e+00,  1.686975e+02
  5.713482e+00,  1.880914e+02
  5.141531e+00,  2.114423e+02
  4.808312e+00,  2.426077e+02
  5.444009e+00,  2.764423e+02
  7.070688e+00,  3.019726e+02
  9.068220e+00,  3.186432e+02
  1.086746e+01,  3.301153e+02
  1.207683e+01,  3.388665e+02
  1.244989e+01,  3.462929e+02
  1.187374e+01,  3.533254e+02
  1.036864e+01,  8.800061e-01
  8.091364e+00,  1.049294e+01
  5.373014e+00,  2.644693e+01
  3.067064e+00,  6.560588e+01
  3.478523e+00,  1.313203e+02
  5.808319e+00,  1.613204e+02
  8.043266e+00,  1.755944e+02
  9.651723e+00,  1.857713e+02
  1.047673e+01,  1.950105e+02
  1.052189e+01,  2.046736e+02
  9.909072e+00,  2.157220e+02
  8.851403e+00,  2.291187e+02
  7.620832e+00,  2.459277e+02
  6.502926e+00,  2.670575e+02
  5.727378e+00,  2.924640e+02
  5.390795e+00,  3.204862e+02
  5.461012e+00,  3.487837e+02
  5.884708e+00,  1.566782e+01
  6.636491e+00,  3.994406e+01
  7.650215e+00,  6.074775e+01
  8.760918e+00,  7.794201e+01
  9.727751e+00,  9.209379e+01
  1.029620e+01,  1.040942e+02
  1.025755e+01,  1.149373e+02
  9.497437e+00,  1.258012e+02
  8.043037e+00,  1.385315e+02
  6.149661e+00,  1.570986e+02
  4.578324e+00,  1.901742e+02
  4.786698e+00,  2.357651e+02
  6.747662e+00,  2.661309e+02
  9.055717e+00,  2.822178e+02
  1.090261e+01,  2.921501e+02
  1.188289e+01,  2.994097e+02
  1.179064e+01,  3.055485e+02
  1.057937e+01,  3.115887e+02
  8.359034e+00,  3.188492e+02
  5.418397e+00,  3.309600e+02
  2.547128e+00,  8.399934e+00
  3.165468e+00,  9.193502e+01
  6.123837e+00,  1.176150e+02
  8.736275e+00,  1.278009e+02
  1.045437e+01,  1.347275e+02
  1.105731e+01,  1.411114e+02
  1.050722e+01,  1.484168e+02
  8.962950e+00,  1.585581e+02
  6.865751e+00,  1.756616e+02
  5.238141e+00,  2.078618e+02
  5.628709e+00,  2.496956e+02
  7.691327e+00,  2.765328e+02
  9.905156e+00,  2.908422e+02
  1.144679e+01,  2.997934e+02
  1.194123e+01,  3.065893e+02
  1.125654e+01,  3.128426e+02
  9.452955e+00,  3.199792e+02
  6.784921e+00,  3.308065e+02
  3.868224e+00,  3.561612e+02
  3.017962e+00,  6.470829e+01
  5.525313e+00,  1.055954e+02
  8.338995e+00,  1.197348e+02
  1.044022e+01,  1.274314e+02
  1.148002e+01,  1.331188e+02
  1.132066e+01,  1.382867e+02
  9.985423e+00,  1.438922e+02
  7.647155e+00,  1.513716e+02
  4.652297e+00,  1.654735e+02
  2.088299e+00,  2.178708e+02
  3.722721e+00,  2.950921e+02
  6.866246e+00,  3.151317e+02
  9.641817e+00,  3.250083e+02
  1.169391e+01,  3.326989e+02
  1.289119e+01,  3.400547e+02
  1.323145e+01,  3.478408e+02
  1.281372e+01,  3.565389e+02
  1.180654e+01,  6.546203e+00
  1.040788e+01,  1.824549e+01
  8.804056e+00,  3.207977e+01
  7.144557e+00,  4.877420e+01
  5.560359e+00,  6.995407e+01
  4.267134e+00,  9.916490e+01
  3.729650e+00,  1.389897e+02
  4.323097e+00,  1.781210e+02
  5.633936e+00,  2.053062e+02
  7.049507e+00,  2.236024e+02
  8.165931e+00,  2.373536e+02
  8.724173e+00,  2.491075e+02
  8.581974e+00,  2.606613e+02
  7.743941e+00,  2.740524e+02
  6.448338e+00,  2.927470e+02
  5.368243e+00,  3.221481e+02
  5.605646e+00,  3.595748e+02
  7.326175e+00,  2.810203e+01
  9.560508e+00,  4.518816e+01
  1.151733e+01,  5.609863e+01
  1.272776e+01,  6.404043e+01
  1.292345e+01,  7.065486e+01
  1.200119e+01,  7.705057e+01
  1.002555e+01,  8.453575e+01
  7.260296e+00,  9.599830e+01
  4.372671e+00,  1.216788e+02
  3.531620e+00,  1.819270e+02
  5.823779e+00,  2.213925e+02
  8.498204e+00,  2.358386e+02
  1.042185e+01,  2.429168e+02
  1.119030e+01,  2.471853e+02
  1.064265e+01,  2.499824e+02
  8.796256e+00,  2.516273e+02
  5.829839e+00,  2.514238e+02
  2.103289e+00,  2.408293e+02
  2.347701e+00,  9.948208e+01
  6.467136e+00,  9.017872e+01
  1.014998e+01,  8.979236e+01
  1.294829e+01,  9.093921e+01
  1.455819e+01,  9.286389e+01
  1.481894e+01,  9.556200e+01
  1.373236e+01,  9.938867e+01
  1.147458e+01,  1.052715e+02
  8.422730e+00,  1.157640e+02
  5.337318e+00,  1.393118e+02
  4.179458e+00,  1.910336e+02
  6.112219e+00,  2.316338e+02
  8.667407e+00,  2.487508e+02
  1.056080e+01,  2.579025e+02
  1.138486e+01,  2.643670e+02
  1.102623e+01,  2.700642e+02
  9.555719e+00,  2.761950e+02
  7.198222e+00,  2.844653e+02
  4.355040e+00,  3.002399e+02
  2.152241e+00,  3.527918e+02
  3.481263e+00,  6.273419e+01
  5.978529e+00,  8.420269e+01
  8.015589e+00,  9.533150e+01
  9.281920e+00,  1.043817e+02
  9.716967e+00,  1.136261e+02
  9.410050e+00,  1.243448e+02
  8.577791e+00,  1.377721e+02
  7.545214e+00,  1.552712e+02
  6.701161e+00,  1.776881e+02
  6.362544e+00,  2.036161e+02
  6.571852e+00,  2.292805e+02
  7.110452e+00,  2.521174e+02
  7.744493e+00,  2.721602e+02
  8.353402e+00,  2.902592e+02
  8.892602e+00,  3.069168e+02
  9.314500e+00,  3.222123e+02
  9.520767e+00,  3.361170e+02
  9.367742e+00,  3.487906e+02
  8.711436e+00,  7.651924e-01
  7.468148e+00,  1.322179e+01
  5.690302e+00,  2.905832e+01
  3.767410e+00,  5.740587e+01
  3.188252e+00,  1.135513e+02
  5.044881e+00,  1.555810e+02
  7.616022e+00,  1.738324e+02
  9.899259e+00,  1.838676e+02
  1.143999e+01,  1.907543e+02
  1.196345e+01,  1.962686e+02
  1.133044e+01,  2.013408e+02
  9.544019e+00,  2.068917e+02
  6.767398e+00,  2.149506e+02
  3.441471e+00,  2.354764e+02
  2.315978e+00,  3.255559e+02
  5.654796e+00,  5.177544e+00
  9.140571e+00,  1.515308e+01
  1.186817e+01,  2.008903e+01
  1.346275e+01,  2.337068e+01
  1.371770e+01,  2.593190e+01
  1.258339e+01,  2.816465e+01
  1.016627e+01,  3.031624e+01
  6.715349e+00,  3.271642e+01
  2.596257e+00,  3.715767e+01
  1.780637e+00,  2.084402e+02
  5.906861e+00,  2.147403e+02
  9.381154e+00,  2.175219e+02
  1.184312e+01,  2.201292e+02
  1.305730e+01,  2.230454e+02
  1.293822e+01,  2.266740e+02
  1.156672e+01,  2.316926e+02
  9.201923e+00,  2.396364e+02
  6.338879e+00,  2.549311e+02
  4.081063e+00,  2.909716e+02
  4.468393e+00,  3.437182e+02
  6.620438e+00,  1.117017e+01
  8.577820e+00,  2.428423e+01
  9.662777e+00,  3.289718e+01
  9.665217e+00,  4.042346e+01
  8.606258e+00,  4.889018e+01
  6.714910e+00,  6.120143e+01
  4.554394e+00,  8.507166e+01
  3.615112e+00,  1.341784e+02
  5.148367e+00,  1.770896e+02
  7.494400e+00,  1.971078e+02
  9.505731e+00,  2.085389e+02
  1.076655e+01,  2.171418e+02
  1.112466e+01,  2.250653e+02
  1.059193e+01,  2.335355e+02
  9.316766e+00,  2.437587e+02
  7.573939e+00,  2.575783e+02
  5.785100e+00,  2.783597e+02
  4.581591e+00,  3.103273e+02
  4.559766e+00,  3.484399e+02
  5.455304e+00,  1.894695e+01
  6.576283e+00,  4.097204e+01
  7.572763e+00,  5.876138e+01
  8.360798e+00,  7.472077e+01
  8.945851e+00,  8.971352e+01
  9.319518e+00,  1.038786e+02
  9.416249e+00,  1.171933e+02
  9.125688e+00,  1.298435e+02
  8.343570e+00,  1.424866e+02
  7.041482e+00,  1.566936e+02
  5.372412e+00,  1.763717e+02
  3.958271e+00,  2.108652e+02
  4.187497e+00,  2.591514e+02
  6.121527e+00,  2.906819e+02
  8.453587e+00,  3.070542e+02
  1.043429e+01,  3.170709e+02
  1.166460e+01,  3.242791e+02
  1.191053e+01,  3.301739e+02
  1.107334e+01,  3.356222e+02
  9.190603e+00,  3.415044e+02
  6.444131e+00,  3.497201e+02
  3.244199e+00,  9.400730e+00
  1.978917e+00,  1.007132e+02
  4.946804e+00,  1.433880e+02
  7.989771e+00,  1.543750e+02
  1.029054e+01,  1.605440e+02
  1.155613e+01,  1.654894e+02
  1.165794e+01,  1.703978e+02
  1.061991e+01,  1.761762e+02
  8.625802e+00,  1.842979e+02
  6.061330e+00,  1.986370e+02
  3.803198e+00,  2.317851e+02
  3.839842e+00,  2.879004e+02
  5.875451e+00,  3.192343e+02
  7.900355e+00,  3.337275e+02
  9.181417e+00,  3.431610e+02
  9.482426e+00,  3.514605e+02
  8.804650e+00,  8.052159e-01
  7.369250e+00,  1.385065e+01
  5.709510e+00,  3.558577e+01
  4.874051e+00,  7.109741e+01
  5.717742e+00,  1.069519e+02
  7.458014e+00,  1.291539e+02
  9.054423e+00,  1.425790e+02
  9.974913e+00,  1.522578e+02
  9.996871e+00,  1.607722e+02
  9.103946e+00,  1.699221e+02
  7.472730e+00,  1.820443e+02
  5.541947e+00,  2.020092e+02
  4.274425e+00,  2.381491e+02
  4.822856e+00,  2.799647e+02
  6.508706e+00,  3.053618e+02
  8.119973e+00,  3.197653e+02
  9.088328e+00,  3.297658e+02
  9.191851e+00,  3.383484e+02
  8.407525e+00,  3.473294e+02
  6.880319e+00,  3.588641e+02
  4.963743e+00,  1.764901e+01
  3.488882e+00,  5.494177e+01
  3.854525e+00,  1.049043e+02
  5.588529e+00,  1.346079e+02
  7.393147e+00,  1.512059e+02
  8.756485e+00,  1.634087e+02
  9.524762e+00,  1.745236e+02
  9.719312e+00,  1.860735e+02
  9.479188e+00,  1.989306e+02
  9.007132e+00,  2.134941e+02
  8.488677e+00,  2.295460e+02
  7.999761e+00,  2.462679e+02
  7.467947e+00,  2.628186e+02
  6.736056e+00,  2.791895e+02
  5.690050e+00,  2.969390e+02
  4.415681e+00,  3.205858e+02
  3.501890e+00,  3.591384e+02
  4.082960e+00,  4.541812e+01
  5.996668e+00,  7.440189e+01
  8.253513e+00,  9.052471e+01
  1.027256e+01,  1.010103e+02
  1.170997e+01,  1.088696e+02
  1.234588e+01,  1.154267e+02
  1.206824e+01,  1.214177e+02
  1.087493e+01,  1.274228e+02
  8.873588e+00,  1.341855e+02
  6.278164e+00,  1.433437e+02
  3.445497e+00,  1.613910e+02
  1.647737e+00,  2.306543e+02
  3.403580e+00,  2.943030e+02
  5.665929e+00,  3.124252e+02
  7.426179e+00,  3.235616e+02
  8.529106e+00,  3.336019e+02
  8.990346e+00,  3.442632e+02
  8.935622e+00,  3.564377e+02
  8.563748e+00,  1.065484e+01
  8.087374e+00,  2.697100e+01
  7.649633e+00,  4.481122e+01
  7.261090e+00,  6.329143e+01
  6.825984e+00,  8.207171e+01
  6.259951e+00,  1.020514e+02
  5.635650e+00,  1.254358e+02
  5.293547e+00,  1.541794e+02
  5.703793e+00,  1.850396e+02
  6.928512e+00,  2.105408e+02
  8.540198e+00,  2.286467e+02
  1.005215e+01,  2.415105e+02
  1.109405e+01,  2.512455e+02
  1.141758e+01,  2.592016e+02
  1.089078e+01,  2.662657e+02
  9.497488e+00,  2.731952e+02
  7.335868e+00,  2.810774e+02
  4.626345e+00,  2.930121e+02
  1.929010e+00,  3.296023e+02
  2.492400e+00,  6.683987e+01
  5.192046e+00,  9.188372e+01
  7.589794e+00,  1.026294e+02
  9.322347e+00,  1.108275e+02
  1.025896e+01,  1.188039e+02
  1.040125e+01,  1.276313e+02
  9.876024e+00,  1.382214e+02
  8.925855e+00,  1.515781e+02
  7.879662e+00,  1.686368e+02
  7.069174e+00,  1.894168e+02
  6.661050e+00,  2.120050e+02
  6.532191e+00,  2.337016e+02
  6.395163e+00,  2.536497e+02
  6.039990e+00,  2.732829e+02
  5.480500e+00,  2.954460e+02
  5.027630e+00,  3.231489e+02
  5.204395e+00,  3.549699e+02
  6.218605e+00,  2.292969e+01
  7.698367e+00,  4.324641e+01
  9.143979e+00,  5.794899e+01
  1.018401e+01,  6.956098e+01
  1.059023e+01,  7.982413e+01
  1.026994e+01,  9.005743e+01
  9.270827e+00,  1.016511e+02
  7.801664e+00,  1.166653e+02
  6.291862e+00,  1.384725e+02
  5.453442e+00,  1.696006e+02
  5.842689e+00,  2.025421e+02
  7.055588e+00,  2.268848e+02
  8.319943e+00,  2.433250e+02
  9.143970e+00,  2.554689e+02
  9.286315e+00,  2.656439e+02
  8.666907e+00,  2.753314e+02
  7.330153e+00,  2.859660e+02
  5.442146e+00,  3.001882e+02
  3.391218e+00,  3.265046e+02
  2.494910e+00,  2.693062e+01
  4.081080e+00,  7.664828e+01
  6.416836e+00,  9.819570e+01
  8.637465e+00,  1.115060e+02
  1.048282e+01,  1.221171e+02
  1.182700e+01,  1.316761e+02
  1.260103e+01,  1.408266e+02
  1.277398e+01,  1.498950e+02
  1.234632e+01,  1.591169e+02
  1.134769e+01,  1.687592e+02
  9.838560e+00,  1.792679e+02
  7.919473e+00,  1.916041e+02
  5.764673e+00,  2.082868e+02
  3.764567e+00,  2.370080e+02
  3.011102e+00,  2.898588e+02
  4.241983e+00,  3.346476e+02
  6.103148e+00,  3.575557e+02
  7.758850e+00,  1.203874e+01
  8.905198e+00,  2.357491e+01
  9.412892e+00,  3.429338e+01
  9.261315e+00,  4.545388e+01
  8.533683e+00,  5.827941e+01
  7.430256e+00,  7.443827e+01
  6.299882e+00,  9.623474e+01
  5.644768e+00,  1.248822e+02
  5.857565e+00,  1.557470e+02
  6.780854e+00,  1.816492e+02
  7.934105e+00,  2.015262e+02
  8.952309e+00,  2.176240e+02
  9.655432e+00,  2.318977e+02
  9.995056e+00,  2.455531e+02
  1.000485e+01,  2.592627e+02
  9.754548e+00,  2.733131e+02
  9.303866e+00,  2.877004e+02
  8.668036e+00,  3.022804e+02
  7.812947e+00,  3.170306e+02
  6.686098e+00,  3.324374e+02
  5.277165e+00,  3.502574e+02
  3.735255e+00,  1.594672e+01
  2.754592e+00,  6.281526e+01
  3.580726e+00,  1.156660e+02
  5.596492e+00,  1.440493e+02
  7.811068e+00,  1.602339e+02
  9.797547e+00,  1.717954e+02
  1.130890e+01,  1.813585e+02
  1.218039e+01,  1.900692e+02
  1.232147e+01,  1.986227e+02
  1.172272e+01,  2.076359e+02
  1.046306e+01,  2.178954e+02
  8.718764e+00,  2.307154e+02
  6.791922e+00,  2.486556e+02
  5.200213e+00,  2.762164e+02
  4.700625e+00,  3.140752e+02
  5.497676e+00,  3.481897e+02
  6.845042e+00,  1.136132e+01
  8.102904e+00,  2.774259e+01
  8.968936e+00,  4.087392e+01
  9.310774e+00,  5.255683e+01
  9.082392e+00,  6.380824e+01
  8.295465e+00,  7.545447e+01
  7.014425e+00,  8.863239e+01
  5.378577e+00,  1.058065e+02
  3.723902e+00,  1.339008e+02
  3.032332e+00,  1.842882e+02
  4.255868e+00,  2.302311e+02
  6.383444e+00,  2.544456e+02
  8.577522e+00,  2.691894e+02
  1.047591e+01,  2.801261e+02
  1.185844e+01,  2.893138e+02
  1.257895e+01,  2.977048e+02
  1.256287e+01,  3.059005e+02
  1.181356e+01,  3.144378e+02
  1.041552e+01,  3.239929e+02
  8.535930e+00,  3.357015e+02
  6.439355e+00,  3.519262e+02
  4.564656e+00,  1.792381e+01
  3.679157e+00,  5.914838e+01
  4.234700e+00,  1.000592e+02
  5.430947e+00,  1.269309e+02
  6.554976e+00,  1.458623e+02
  7.377215e+00,  1.619347e+02
  7.892602e+00,  1.773507e+02
  8.185168e+00,  1.928869e+02
  8.339809e+00,  2.085060e+02
  8.372257e+00,  2.237651e+02
  8.188481e+00,  2.382609e+02
  7.433884e+00,  2.518964e+02
  4.398786e+00,  2.675708e+02
##END=
