##TITLE= E:\桌面\nmr\ogm\sjd\matlabcod\1_unitary\1_3_xjhsjd
##JCAMP-DX= 5.00 Bruker JCAMP library
##DATA TYPE= Shape Data
##ORIGIN= Colm's GRAPE Pulses 
##OWNER= Dawei.Lu
##DATE= 02-Aug-2025
##TIME= 13:18
##MINX= 1.106688e+00
##MAXX= 2.789181e+01
##MINY= 2.902466e+00
##MAXY= 3.594929e+02
##$SHAPE_EXMODE= None
##$SHAPE_TOTROT= 9.000000e+01
##$SHAPE_BWFAC= 1.000000e+00
##$SHAPE_INTEGFAC= 1.000000e+00
##$SHAPE_MODE= 1
##PULSE_WIDTH= 2000
##Calibration_Power= 12500
##NPOINTS= 200
##XYPOINTS= (XY..XY)
  7.223203e+00,  2.038120e+02
  8.174221e+00,  1.832658e+02
  8.415711e+00,  1.640009e+02
  5.293187e+00,  1.572597e+02
  2.290487e+00,  1.690440e+02
  2.056345e+00,  2.089246e+02
  3.804451e+00,  1.941581e+02
  6.789027e+00,  1.711457e+02
  9.977371e+00,  1.552210e+02
  1.169526e+01,  1.435241e+02
  1.097330e+01,  1.339252e+02
  8.074380e+00,  1.261544e+02
  4.333108e+00,  1.240710e+02
  1.859124e+00,  1.550200e+02
  2.525259e+00,  1.871480e+02
  3.908510e+00,  1.681232e+02
  5.357157e+00,  1.432289e+02
  5.972970e+00,  1.228696e+02
  4.718038e+00,  1.054831e+02
  1.406629e+00,  8.625491e+01
  3.167114e+00,  2.559228e+02
  7.687807e+00,  2.356419e+02
  1.117659e+01,  2.125498e+02
  1.355077e+01,  1.851142e+02
  1.544157e+01,  1.544263e+02
  1.717843e+01,  1.232473e+02
  1.832208e+01,  9.292857e+01
  1.837935e+01,  6.268232e+01
  1.734809e+01,  3.129649e+01
  1.549263e+01,  3.581206e+02
  1.299582e+01,  3.222500e+02
  1.023400e+01,  2.804081e+02
  8.353502e+00,  2.277344e+02
  8.605087e+00,  1.698863e+02
  1.063230e+01,  1.201671e+02
  1.354854e+01,  8.037004e+01
  1.655048e+01,  4.902021e+01
  1.840483e+01,  2.454461e+01
  1.800039e+01,  5.216247e+00
  1.518229e+01,  3.501622e+02
  1.101121e+01,  3.407268e+02
  7.505355e+00,  3.427044e+02
  6.926203e+00,  3.551600e+02
  9.129968e+00,  3.550097e+02
  1.206571e+01,  3.435417e+02
  1.383659e+01,  3.295704e+02
  1.276946e+01,  3.157047e+02
  8.208682e+00,  3.017292e+02
  1.106688e+00,  2.808312e+02
  6.405015e+00,  9.334900e+01
  1.223259e+01,  7.218676e+01
  1.596086e+01,  4.548198e+01
  1.913667e+01,  1.424750e+01
  2.281939e+01,  3.445188e+02
  2.534316e+01,  3.195592e+02
  2.427197e+01,  2.971459e+02
  1.910651e+01,  2.718667e+02
  1.274074e+01,  2.321479e+02
  1.111495e+01,  1.731618e+02
  1.282722e+01,  1.298295e+02
  1.184129e+01,  9.566867e+01
  9.371201e+00,  4.463727e+01
  1.230420e+01,  3.459669e+02
  1.780573e+01,  3.158547e+02
  2.002922e+01,  2.979751e+02
  1.767236e+01,  2.818506e+02
  1.284230e+01,  2.600134e+02
  9.675274e+00,  2.271505e+02
  9.849511e+00,  2.035072e+02
  1.113420e+01,  2.045793e+02
  1.344658e+01,  2.176418e+02
  1.622494e+01,  2.274473e+02
  1.696437e+01,  2.303111e+02
  1.412812e+01,  2.267342e+02
  8.746916e+00,  2.127735e+02
  4.539804e+00,  1.702749e+02
  3.905833e+00,  1.257225e+02
  2.157585e+00,  1.557085e+02
  6.618676e+00,  2.334474e+02
  1.466969e+01,  2.394876e+02
  2.067264e+01,  2.385133e+02
  2.169556e+01,  2.358415e+02
  1.723861e+01,  2.316186e+02
  9.430533e+00,  2.225858e+02
  2.635518e+00,  1.746161e+02
  3.506603e+00,  8.442179e+01
  2.179506e+00,  6.785413e+01
  3.559942e+00,  2.542276e+02
  1.107424e+01,  2.507907e+02
  1.702746e+01,  2.513158e+02
  1.893590e+01,  2.539896e+02
  1.631756e+01,  2.594361e+02
  1.074962e+01,  2.698461e+02
  4.913939e+00,  2.932583e+02
  1.842840e+00,  1.157700e+01
  2.387843e+00,  9.606028e+01
  3.087542e+00,  1.567215e+02
  4.631127e+00,  2.075331e+02
  6.610441e+00,  2.448429e+02
  8.562964e+00,  2.766391e+02
  1.035806e+01,  3.046362e+02
  1.150295e+01,  3.289766e+02
  1.146263e+01,  3.512391e+02
  1.020711e+01,  1.285636e+01
  7.974393e+00,  3.290613e+01
  4.710409e+00,  4.581809e+01
  1.308517e+00,  3.434422e+02
  5.502551e+00,  2.823787e+02
  9.609268e+00,  2.848601e+02
  1.064521e+01,  2.910434e+02
  7.543770e+00,  3.030332e+02
  3.112386e+00,  1.384283e+01
  8.939491e+00,  8.206319e+01
  1.489297e+01,  8.997213e+01
  1.639118e+01,  8.881068e+01
  1.291904e+01,  7.994240e+01
  7.349611e+00,  4.952090e+01
  6.715789e+00,  3.454612e+02
  8.590392e+00,  3.183798e+02
  6.360525e+00,  3.140080e+02
  1.773159e+00,  4.132502e+01
  8.946757e+00,  9.992583e+01
  1.512955e+01,  1.019540e+02
  1.678505e+01,  1.006419e+02
  1.354457e+01,  9.804902e+01
  7.388160e+00,  9.302954e+01
  1.699580e+00,  6.529939e+01
  1.775022e+00,  3.124837e+02
  1.332048e+00,  3.495611e+02
  3.646287e+00,  6.861044e+01
  6.882072e+00,  8.025798e+01
  7.309953e+00,  8.825249e+01
  4.710215e+00,  1.182313e+02
  6.499474e+00,  1.899556e+02
  1.266727e+01,  2.051818e+02
  1.659290e+01,  2.002543e+02
  1.663241e+01,  1.844082e+02
  1.461773e+01,  1.550983e+02
  1.410443e+01,  1.158799e+02
  1.454242e+01,  8.113436e+01
  1.252213e+01,  4.769913e+01
  9.536605e+00,  3.518958e+02
  1.406415e+01,  2.879915e+02
  2.242659e+01,  2.566126e+02
  2.778900e+01,  2.362721e+02
  2.789181e+01,  2.176218e+02
  2.345876e+01,  1.969283e+02
  1.692784e+01,  1.716688e+02
  1.042795e+01,  1.406412e+02
  4.202866e+00,  9.696857e+01
  4.238471e+00,  3.112309e+02
  1.179017e+01,  2.755336e+02
  1.809559e+01,  2.581634e+02
  2.106733e+01,  2.456630e+02
  2.021583e+01,  2.365263e+02
  1.677532e+01,  2.319801e+02
  1.323727e+01,  2.351893e+02
  1.220451e+01,  2.443363e+02
  1.393569e+01,  2.467906e+02
  1.644466e+01,  2.395225e+02
  1.777066e+01,  2.276697e+02
  1.641631e+01,  2.145662e+02
  1.174131e+01,  2.017718e+02
  4.375764e+00,  1.951214e+02
  4.534468e+00,  3.322184e+02
  1.268524e+01,  3.225540e+02
  1.924667e+01,  3.046664e+02
  2.346812e+01,  2.849560e+02
  2.483612e+01,  2.647168e+02
  2.299770e+01,  2.442812e+02
  1.807851e+01,  2.229633e+02
  1.093843e+01,  1.976135e+02
  3.654906e+00,  1.403056e+02
  6.645628e+00,  2.009741e+01
  1.327822e+01,  3.462868e+02
  1.845843e+01,  3.225764e+02
  2.140410e+01,  3.022985e+02
  2.143736e+01,  2.846390e+02
  1.837062e+01,  2.692275e+02
  1.296108e+01,  2.560977e+02
  6.792088e+00,  2.481545e+02
  2.211110e+00,  2.796271e+02
  3.778058e+00,  3.395812e+02
  6.076409e+00,  3.307115e+02
  7.385670e+00,  3.151709e+02
  7.488975e+00,  3.051199e+02
  6.394721e+00,  3.090802e+02
  5.910963e+00,  3.359089e+02
  8.175581e+00,  3.594929e+02
  1.103076e+01,  2.902466e+00
  1.227865e+01,  3.552135e+02
  1.159523e+01,  3.395233e+02
  1.009824e+01,  3.162669e+02
  8.925853e+00,  2.906848e+02
  7.627869e+00,  2.728212e+02
  5.399313e+00,  2.712449e+02
  3.645222e+00,  3.037905e+02
  4.729593e+00,  3.381290e+02
  5.533137e+00,  3.363317e+02
  5.648604e+00,  2.904648e+02
##END=
