##TITLE= E:\桌面\nmr\ogm\sjd\matlabcod\1_unitary\1_4_xjhsjd
##JCAMP-DX= 5.00 Bruker JCAMP library
##DATA TYPE= Shape Data
##ORIGIN= Colm's GRAPE Pulses 
##OWNER= Dawei.Lu
##DATE= 02-Aug-2025
##TIME= 13:18
##MINX= 6.033163e-01
##MAXX= 2.073872e+01
##MINY= 2.184914e+00
##MAXY= 3.567419e+02
##$SHAPE_EXMODE= None
##$SHAPE_TOTROT= 9.000000e+01
##$SHAPE_BWFAC= 1.000000e+00
##$SHAPE_INTEGFAC= 1.000000e+00
##$SHAPE_MODE= 1
##PULSE_WIDTH= 2000
##Calibration_Power= 12500
##NPOINTS= 200
##XYPOINTS= (XY..XY)
  2.402990e+00,  1.816899e+02
  6.033163e-01,  1.411458e+02
  2.928103e+00,  2.329666e+01
  4.454146e+00,  1.168769e+01
  4.313018e+00,  3.320238e+02
  6.462522e+00,  2.783539e+02
  1.044296e+01,  2.522077e+02
  1.257446e+01,  2.379721e+02
  1.108072e+01,  2.263394e+02
  6.401672e+00,  2.119051e+02
  1.173354e+00,  1.474766e+02
  3.809916e+00,  2.413062e+01
  5.795479e+00,  3.442362e+02
  8.531514e+00,  2.971545e+02
  1.366915e+01,  2.647453e+02
  1.818510e+01,  2.445422e+02
  1.915984e+01,  2.275033e+02
  1.601733e+01,  2.067097e+02
  1.138057e+01,  1.709478e+02
  1.064074e+01,  1.182384e+02
  1.278879e+01,  8.244094e+01
  1.240242e+01,  5.958820e+01
  8.808830e+00,  3.252048e+01
  6.174467e+00,  3.374954e+02
  8.284093e+00,  2.920094e+02
  9.675059e+00,  2.808744e+02
  8.495641e+00,  2.906075e+02
  7.632530e+00,  3.218990e+02
  9.120244e+00,  3.476883e+02
  9.573341e+00,  3.529444e+02
  7.147982e+00,  3.382426e+02
  5.511768e+00,  2.807496e+02
  9.403776e+00,  2.376261e+02
  1.257599e+01,  2.251426e+02
  1.180135e+01,  2.211582e+02
  7.243795e+00,  2.210539e+02
  1.029121e+00,  2.230575e+02
  4.253569e+00,  5.364409e+01
  7.338676e+00,  6.954035e+01
  9.283271e+00,  9.277682e+01
  1.139740e+01,  1.126888e+02
  1.238348e+01,  1.207498e+02
  1.064663e+01,  1.130950e+02
  8.484392e+00,  7.586401e+01
  1.204889e+01,  3.171126e+01
  1.764807e+01,  1.505457e+01
  1.992902e+01,  9.774352e+00
  1.743833e+01,  9.214143e+00
  1.145053e+01,  1.166616e+01
  4.491913e+00,  1.453399e+01
  1.514726e+00,  2.370444e+02
  5.383330e+00,  2.375943e+02
  7.819863e+00,  2.551264e+02
  8.838696e+00,  2.719691e+02
  7.585245e+00,  2.862654e+02
  3.552207e+00,  3.056907e+02
  3.145054e+00,  9.287162e+01
  9.602441e+00,  1.125746e+02
  1.422681e+01,  1.187594e+02
  1.524749e+01,  1.216318e+02
  1.239678e+01,  1.203253e+02
  7.303566e+00,  1.039539e+02
  5.998951e+00,  4.181399e+01
  1.118834e+01,  1.391025e+01
  1.608994e+01,  1.134272e+01
  1.844390e+01,  1.298163e+01
  1.728061e+01,  1.250742e+01
  1.278654e+01,  3.192745e+00
  8.294121e+00,  3.263033e+02
  1.038764e+01,  2.763762e+02
  1.426813e+01,  2.595640e+02
  1.442114e+01,  2.573231e+02
  1.053171e+01,  2.657799e+02
  5.935393e+00,  3.004524e+02
  5.919239e+00,  3.561193e+02
  6.312263e+00,  1.629747e+01
  3.192560e+00,  1.874134e+01
  2.387008e+00,  2.173581e+02
  7.209517e+00,  2.103035e+02
  8.441556e+00,  2.070908e+02
  4.909236e+00,  1.990559e+02
  2.614710e+00,  5.454262e+01
  1.008302e+01,  3.353993e+01
  1.490066e+01,  2.855902e+01
  1.508085e+01,  2.442548e+01
  1.110344e+01,  1.907327e+01
  5.508743e+00,  8.063686e+00
  1.881505e+00,  3.270304e+02
  1.810546e+00,  3.097203e+02
  4.622026e+00,  3.470121e+02
  9.729389e+00,  3.533298e+02
  1.354789e+01,  3.500027e+02
  1.338900e+01,  3.413474e+02
  8.925207e+00,  3.217666e+02
  4.784315e+00,  2.503820e+02
  9.286597e+00,  1.830118e+02
  1.346971e+01,  1.546694e+02
  1.473017e+01,  1.252078e+02
  1.565669e+01,  8.806191e+01
  1.846968e+01,  5.325592e+01
  2.073872e+01,  2.749755e+01
  1.934617e+01,  6.132897e+00
  1.394153e+01,  3.409762e+02
  8.087440e+00,  2.921895e+02
  8.573513e+00,  2.211470e+02
  1.111697e+01,  1.799823e+02
  1.143792e+01,  1.434486e+02
  1.199399e+01,  1.003950e+02
  1.438732e+01,  6.486166e+01
  1.550748e+01,  4.230022e+01
  1.291596e+01,  2.654125e+01
  7.118298e+00,  1.244431e+01
  8.092439e-01,  3.299837e+02
  3.445779e+00,  1.746311e+02
  3.981459e+00,  1.386426e+02
  5.105035e+00,  6.837096e+01
  1.002894e+01,  3.124781e+01
  1.392431e+01,  1.482019e+01
  1.385010e+01,  2.184914e+00
  9.751292e+00,  3.448920e+02
  5.094266e+00,  2.990254e+02
  5.894745e+00,  2.347207e+02
  6.719366e+00,  2.176866e+02
  4.209221e+00,  2.317116e+02
  4.238098e+00,  3.115514e+02
  8.421085e+00,  3.330780e+02
  9.584066e+00,  3.312161e+02
  6.383708e+00,  3.137667e+02
  4.216272e+00,  2.269766e+02
  9.980874e+00,  1.804992e+02
  1.366194e+01,  1.651622e+02
  1.239493e+01,  1.486410e+02
  8.368628e+00,  1.098859e+02
  1.034973e+01,  4.736489e+01
  1.641648e+01,  2.239076e+01
  1.938408e+01,  1.377554e+01
  1.767698e+01,  1.036524e+01
  1.264716e+01,  7.864295e+00
  6.918438e+00,  3.567419e+02
  4.604948e+00,  3.079946e+02
  7.806985e+00,  2.804910e+02
  1.166245e+01,  2.813560e+02
  1.398973e+01,  2.865605e+02
  1.334401e+01,  2.910528e+02
  9.189792e+00,  2.929950e+02
  2.594982e+00,  2.757558e+02
  5.341256e+00,  1.429347e+02
  1.096675e+01,  1.399389e+02
  1.328376e+01,  1.429881e+02
  1.194896e+01,  1.469326e+02
  7.865204e+00,  1.469497e+02
  3.399822e+00,  1.103674e+02
  6.349423e+00,  4.173973e+01
  1.179449e+01,  3.630668e+01
  1.531352e+01,  3.971889e+01
  1.530476e+01,  4.404794e+01
  1.141481e+01,  4.766347e+01
  4.934524e+00,  4.707123e+01
  2.132335e+00,  2.683560e+02
  6.816803e+00,  2.603141e+02
  8.671864e+00,  2.722706e+02
  8.413133e+00,  2.930665e+02
  7.605668e+00,  3.184756e+02
  5.973577e+00,  3.372587e+02
  1.952656e+00,  3.321038e+02
  5.140773e+00,  1.934302e+02
  1.273179e+01,  1.908006e+02
  1.828992e+01,  1.896962e+02
  1.947982e+01,  1.861966e+02
  1.592944e+01,  1.774139e+02
  1.018643e+01,  1.535689e+02
  8.334816e+00,  1.031994e+02
  1.090061e+01,  7.487944e+01
  1.197956e+01,  7.206845e+01
  1.087858e+01,  8.307756e+01
  9.097533e+00,  1.023628e+02
  6.705055e+00,  1.209958e+02
  2.377389e+00,  1.411307e+02
  4.117361e+00,  3.011058e+02
  1.046472e+01,  3.055467e+02
  1.425180e+01,  3.005391e+02
  1.415028e+01,  2.862509e+02
  1.226630e+01,  2.546245e+02
  1.396046e+01,  2.120703e+02
  1.838675e+01,  1.855228e+02
  2.015227e+01,  1.712039e+02
  1.693414e+01,  1.614485e+02
  9.769852e+00,  1.520893e+02
  1.869594e+00,  1.266368e+02
  3.830170e+00,  3.276691e+02
  5.108677e+00,  3.041315e+02
  4.219868e+00,  2.499550e+02
  7.197510e+00,  1.913575e+02
  1.102226e+01,  1.689078e+02
  1.171016e+01,  1.554449e+02
  8.515882e+00,  1.400498e+02
  3.762536e+00,  9.561163e+01
  5.006565e+00,  8.570637e+00
  6.317413e+00,  3.452485e+02
  1.263779e+00,  2.445528e+02
##END=
