##TITLE= E:\桌面\nmr\ogm\sjd\matlabcod\1_unitary\1_5_xjhsjd
##JCAMP-DX= 5.00 Bruker JCAMP library
##DATA TYPE= Shape Data
##ORIGIN= Colm's GRAPE Pulses 
##OWNER= Dawei.Lu
##DATE= 02-Aug-2025
##TIME= 13:17
##MINX= 1.037022e+00
##MAXX= 3.750315e+01
##MINY= 1.957151e+00
##MAXY= 3.598819e+02
##$SHAPE_EXMODE= None
##$SHAPE_TOTROT= 9.000000e+01
##$SHAPE_BWFAC= 1.000000e+00
##$SHAPE_INTEGFAC= 1.000000e+00
##$SHAPE_MODE= 1
##PULSE_WIDTH= 2000
##Calibration_Power= 12500
##NPOINTS= 200
##XYPOINTS= (XY..XY)
  1.859879e+00,  1.909899e+02
  9.891949e+00,  3.025419e+02
  1.774838e+01,  2.744102e+02
  2.369310e+01,  2.223869e+02
  2.813323e+01,  1.972980e+02
  2.423980e+01,  1.793793e+02
  1.478669e+01,  1.551092e+02
  8.531359e+00,  1.002643e+02
  9.604458e+00,  5.872235e+01
  9.201213e+00,  6.613649e+01
  1.141862e+01,  1.035947e+02
  1.819540e+01,  1.183851e+02
  2.254626e+01,  1.144726e+02
  2.168682e+01,  9.965385e+01
  1.773495e+01,  7.254500e+01
  1.478203e+01,  3.486927e+01
  1.243263e+01,  3.598819e+02
  6.892384e+00,  3.247676e+02
  4.887233e+00,  1.926169e+02
  1.522821e+01,  1.506258e+02
  2.343260e+01,  1.312587e+02
  2.670084e+01,  1.124432e+02
  2.554353e+01,  9.020532e+01
  2.236248e+01,  6.355215e+01
  1.863380e+01,  3.512746e+01
  1.351185e+01,  6.825915e+00
  6.688561e+00,  3.248500e+02
  6.370582e+00,  2.197142e+02
  1.303155e+01,  1.799690e+02
  1.655632e+01,  1.608585e+02
  1.546063e+01,  1.447187e+02
  1.130565e+01,  1.284323e+02
  6.784614e+00,  1.181872e+02
  5.146256e+00,  1.466004e+02
  1.071879e+01,  1.686572e+02
  1.969011e+01,  1.650434e+02
  2.786365e+01,  1.567936e+02
  3.214792e+01,  1.467931e+02
  3.152058e+01,  1.339919e+02
  2.768933e+01,  1.160971e+02
  2.405180e+01,  9.266481e+01
  2.213533e+01,  7.001489e+01
  1.962436e+01,  5.505690e+01
  1.406679e+01,  4.894278e+01
  5.735625e+00,  6.008371e+01
  5.201237e+00,  1.800207e+02
  1.229275e+01,  1.955009e+02
  1.546304e+01,  1.955007e+02
  1.433200e+01,  1.900305e+02
  1.108244e+01,  1.750966e+02
  9.444533e+00,  1.482743e+02
  1.073843e+01,  1.311562e+02
  1.284791e+01,  1.344411e+02
  1.555598e+01,  1.487606e+02
  1.928032e+01,  1.625657e+02
  2.271317e+01,  1.693930e+02
  2.407942e+01,  1.671995e+02
  2.348186e+01,  1.536491e+02
  2.415528e+01,  1.289157e+02
  2.864864e+01,  1.041612e+02
  3.366729e+01,  8.732617e+01
  3.446453e+01,  7.586426e+01
  2.934725e+01,  6.589337e+01
  2.027161e+01,  5.310273e+01
  1.174590e+01,  2.878071e+01
  8.325185e+00,  3.508243e+02
  7.880485e+00,  3.371098e+02
  7.562953e+00,  3.573144e+02
  9.024629e+00,  2.711973e+01
  1.015852e+01,  4.620979e+01
  8.432428e+00,  6.592275e+01
  6.125527e+00,  1.113725e+02
  8.546000e+00,  1.571974e+02
  1.126420e+01,  1.659285e+02
  1.097978e+01,  1.512762e+02
  1.111269e+01,  1.104004e+02
  1.647155e+01,  7.427578e+01
  2.225224e+01,  5.728775e+01
  2.316707e+01,  4.799157e+01
  1.763726e+01,  4.110728e+01
  7.549041e+00,  3.336975e+01
  2.860555e+00,  2.216541e+02
  8.705520e+00,  2.086287e+02
  7.499302e+00,  1.996968e+02
  1.037022e+00,  1.214817e+02
  8.816214e+00,  2.051071e+01
  1.413789e+01,  8.452988e+00
  1.260070e+01,  3.504787e+02
  7.923173e+00,  2.916221e+02
  1.555701e+01,  2.248597e+02
  2.570815e+01,  2.051620e+02
  2.889735e+01,  1.944734e+02
  2.285478e+01,  1.849361e+02
  1.045481e+01,  1.707696e+02
  3.029385e+00,  2.641246e+01
  9.573178e+00,  3.413661e+02
  1.034575e+01,  2.970886e+02
  1.625303e+01,  2.366260e+02
  2.876304e+01,  2.076644e+02
  3.750315e+01,  1.926917e+02
  3.653109e+01,  1.814356e+02
  2.588646e+01,  1.699550e+02
  1.092238e+01,  1.506914e+02
  3.658103e+00,  3.029214e+01
  7.291534e+00,  3.331037e+02
  6.673214e+00,  2.651526e+02
  1.503347e+01,  2.030752e+02
  2.609663e+01,  1.823750e+02
  3.126314e+01,  1.700007e+02
  2.747955e+01,  1.577712e+02
  1.702854e+01,  1.371078e+02
  9.243963e+00,  7.606517e+01
  1.324194e+01,  2.025126e+01
  1.455310e+01,  5.342258e+00
  9.122486e+00,  8.857345e+00
  4.761550e+00,  8.730393e+01
  1.120366e+01,  1.245500e+02
  1.341743e+01,  1.204038e+02
  9.466446e+00,  9.469423e+01
  8.922297e+00,  1.983080e+01
  1.653101e+01,  3.433306e+02
  2.031065e+01,  3.310577e+02
  1.622762e+01,  3.250805e+02
  5.517682e+00,  3.286725e+02
  7.733107e+00,  1.181139e+02
  1.725580e+01,  1.158702e+02
  2.016538e+01,  1.045532e+02
  1.781159e+01,  8.191232e+01
  1.669166e+01,  4.491166e+01
  1.998320e+01,  1.664565e+01
  2.241365e+01,  7.846281e+00
  2.188572e+01,  1.402743e+01
  2.144923e+01,  3.063895e+01
  2.313340e+01,  4.453471e+01
  2.435727e+01,  4.555863e+01
  2.389865e+01,  3.156347e+01
  2.515668e+01,  5.430738e+00
  3.024546e+01,  3.408652e+02
  3.483510e+01,  3.243700e+02
  3.410734e+01,  3.120855e+02
  2.698507e+01,  2.987166e+02
  1.671969e+01,  2.744431e+02
  1.141053e+01,  2.201304e+02
  1.424975e+01,  1.758117e+02
  1.525820e+01,  1.555729e+02
  1.166328e+01,  1.371870e+02
  6.951519e+00,  9.518549e+01
  8.583587e+00,  3.645909e+01
  1.238006e+01,  1.899011e+01
  1.363503e+01,  1.821416e+01
  1.251970e+01,  2.449085e+01
  1.041544e+01,  3.305826e+01
  8.412028e+00,  3.618621e+01
  7.499679e+00,  2.364666e+01
  9.262715e+00,  1.957151e+00
  1.336964e+01,  3.494071e+02
  1.777802e+01,  3.436278e+02
  2.087205e+01,  3.384654e+02
  2.176572e+01,  3.299481e+02
  2.066393e+01,  3.153113e+02
  1.908386e+01,  2.939716e+02
  1.821653e+01,  2.707725e+02
  1.685353e+01,  2.522793e+02
  1.306104e+01,  2.405467e+02
  6.805044e+00,  2.399921e+02
  2.837321e+00,  3.190941e+02
  7.324763e+00,  3.539399e+02
  9.952238e+00,  3.451285e+02
  1.031396e+01,  3.267713e+02
  9.884650e+00,  3.057468e+02
  9.035034e+00,  2.930962e+02
  7.688668e+00,  3.013811e+02
  8.652450e+00,  3.315630e+02
  1.321182e+01,  3.477342e+02
  1.774720e+01,  3.471156e+02
  1.987344e+01,  3.372870e+02
  1.963882e+01,  3.202923e+02
  1.857676e+01,  2.993822e+02
  1.699919e+01,  2.826343e+02
  1.365942e+01,  2.797093e+02
  1.059404e+01,  3.056301e+02
  1.441229e+01,  3.394458e+02
  2.064146e+01,  3.448543e+02
  2.308223e+01,  3.344004e+02
  2.165850e+01,  3.111494e+02
  2.066624e+01,  2.779973e+02
  2.104956e+01,  2.498375e+02
  1.779178e+01,  2.347547e+02
  8.743704e+00,  2.424962e+02
  9.000838e+00,  3.388533e+02
  2.050081e+01,  3.498234e+02
  2.561504e+01,  3.398483e+02
  2.274614e+01,  3.155209e+02
  2.059189e+01,  2.667615e+02
  2.814782e+01,  2.224790e+02
  3.489939e+01,  1.972075e+02
  3.241442e+01,  1.749007e+02
  2.295185e+01,  1.379755e+02
  2.021894e+01,  7.265515e+01
  3.108684e+00,  4.858016e+01
##END=
