##TITLE= E:\桌面\nmr\ogm\sjd\matlabcod\1_unitary\1_6_xjhsjd
##JCAMP-DX= 5.00 Bruker JCAMP library
##DATA TYPE= Shape Data
##ORIGIN= Colm's GRAPE Pulses 
##OWNER= Dawei.Lu
##DATE= 02-Aug-2025
##TIME= 13:17
##MINX= 2.522518e+00
##MAXX= 4.095216e+01
##MINY= 2.070279e+00
##MAXY= 3.570502e+02
##$SHAPE_EXMODE= None
##$SHAPE_TOTROT= 9.000000e+01
##$SHAPE_BWFAC= 1.000000e+00
##$SHAPE_INTEGFAC= 1.000000e+00
##$SHAPE_MODE= 1
##PULSE_WIDTH= 2000
##Calibration_Power= 12500
##NPOINTS= 200
##XYPOINTS= (XY..XY)
  6.832690e+00,  1.540620e+02
  6.588235e+00,  1.714914e+02
  1.114059e+01,  1.824676e+02
  1.570965e+01,  1.679629e+02
  1.491254e+01,  1.404849e+02
  1.454167e+01,  1.001048e+02
  1.658508e+01,  6.904787e+01
  1.610714e+01,  5.584267e+01
  1.146171e+01,  6.421865e+01
  1.021069e+01,  1.129653e+02
  1.758769e+01,  1.363939e+02
  2.377272e+01,  1.317751e+02
  2.559250e+01,  1.138195e+02
  2.600753e+01,  8.472232e+01
  2.878232e+01,  5.418105e+01
  3.078757e+01,  3.223984e+01
  2.642903e+01,  1.733479e+01
  1.436517e+01,  4.209071e+00
  2.522518e+00,  2.105602e+02
  1.755429e+01,  1.730534e+02
  2.738122e+01,  1.573492e+02
  3.122102e+01,  1.366739e+02
  3.310078e+01,  1.094844e+02
  3.702558e+01,  8.252823e+01
  4.095216e+01,  6.297118e+01
  4.054707e+01,  5.033990e+01
  3.466992e+01,  4.170615e+01
  2.576571e+01,  3.434741e+01
  1.783480e+01,  2.548045e+01
  1.400510e+01,  1.456123e+01
  1.454572e+01,  7.758031e+00
  1.699738e+01,  6.973584e+00
  1.816733e+01,  8.638331e+00
  1.600308e+01,  1.159184e+01
  1.077095e+01,  1.794300e+01
  5.052146e+00,  4.278052e+01
  4.649684e+00,  1.068148e+02
  7.712643e+00,  1.109669e+02
  1.161116e+01,  8.770016e+01
  1.801705e+01,  6.470505e+01
  2.538862e+01,  4.875143e+01
  3.045915e+01,  3.618862e+01
  3.103899e+01,  2.314225e+01
  2.747364e+01,  6.294183e+00
  2.247903e+01,  3.436882e+02
  1.835493e+01,  3.192436e+02
  1.411514e+01,  3.031822e+02
  8.736608e+00,  3.110003e+02
  8.529077e+00,  2.070279e+00
  1.510457e+01,  1.840823e+01
  2.034121e+01,  1.134765e+01
  2.235958e+01,  3.544657e+02
  2.268577e+01,  3.304178e+02
  2.321841e+01,  3.043958e+02
  2.308645e+01,  2.825626e+02
  1.993975e+01,  2.657467e+02
  1.303734e+01,  2.510458e+02
  4.081070e+00,  2.273109e+02
  4.533011e+00,  6.816323e+01
  9.218224e+00,  4.278084e+01
  1.042447e+01,  1.341878e+01
  1.195896e+01,  3.331525e+02
  1.622507e+01,  3.030299e+02
  1.968411e+01,  2.884278e+02
  1.940037e+01,  2.830206e+02
  1.574706e+01,  2.843991e+02
  1.153238e+01,  2.908770e+02
  9.237977e+00,  2.903127e+02
  1.025978e+01,  2.680981e+02
  1.569983e+01,  2.452845e+02
  2.226311e+01,  2.324864e+02
  2.542957e+01,  2.236001e+02
  2.280503e+01,  2.139227e+02
  1.541018e+01,  1.969974e+02
  8.396596e+00,  1.533287e+02
  8.119103e+00,  9.140774e+01
  7.240201e+00,  5.605029e+01
  3.929602e+00,  3.262531e+02
  1.336739e+01,  2.591143e+02
  2.471766e+01,  2.422885e+02
  3.167212e+01,  2.290277e+02
  3.227365e+01,  2.121459e+02
  2.901167e+01,  1.868949e+02
  2.717452e+01,  1.540138e+02
  2.768076e+01,  1.245786e+02
  2.567455e+01,  1.035419e+02
  1.803295e+01,  8.730530e+01
  5.854684e+00,  6.702781e+01
  7.456510e+00,  2.560761e+02
  1.702236e+01,  2.383198e+02
  2.056935e+01,  2.213491e+02
  1.909453e+01,  1.970494e+02
  1.734130e+01,  1.624337e+02
  1.809463e+01,  1.310834e+02
  1.746438e+01,  1.149490e+02
  1.255551e+01,  1.173947e+02
  8.622710e+00,  1.655626e+02
  1.567707e+01,  2.050815e+02
  2.346439e+01,  2.075389e+02
  2.657534e+01,  1.978597e+02
  2.592170e+01,  1.786523e+02
  2.580062e+01,  1.525498e+02
  2.789502e+01,  1.303544e+02
  2.878075e+01,  1.180046e+02
  2.565171e+01,  1.137506e+02
  1.879757e+01,  1.158009e+02
  1.034780e+01,  1.263319e+02
  3.963410e+00,  1.779428e+02
  6.570465e+00,  2.461455e+02
  1.005637e+01,  2.486305e+02
  1.270515e+01,  2.321996e+02
  1.703547e+01,  2.110348e+02
  2.347454e+01,  1.962657e+02
  2.978382e+01,  1.881204e+02
  3.360821e+01,  1.834027e+02
  3.388813e+01,  1.795211e+02
  3.126864e+01,  1.742007e+02
  2.746526e+01,  1.654215e+02
  2.394820e+01,  1.530142e+02
  2.074673e+01,  1.402755e+02
  1.658032e+01,  1.328676e+02
  1.113982e+01,  1.425183e+02
  1.035609e+01,  1.892769e+02
  1.887121e+01,  2.127400e+02
  2.862445e+01,  2.118129e+02
  3.508939e+01,  2.026997e+02
  3.671056e+01,  1.885756e+02
  3.419864e+01,  1.699980e+02
  2.933307e+01,  1.480629e+02
  2.298771e+01,  1.258471e+02
  1.449640e+01,  1.085096e+02
  4.226407e+00,  1.277650e+02
  1.107729e+01,  2.207564e+02
  2.256993e+01,  2.131554e+02
  2.969712e+01,  1.975066e+02
  3.134098e+01,  1.767292e+02
  2.972853e+01,  1.500081e+02
  2.800665e+01,  1.200783e+02
  2.618469e+01,  9.310306e+01
  2.223798e+01,  7.126779e+01
  1.615310e+01,  5.309322e+01
  1.012698e+01,  3.924560e+01
  6.599152e+00,  3.968628e+01
  7.288645e+00,  5.258155e+01
  1.053306e+01,  5.099770e+01
  1.295398e+01,  4.011310e+01
  1.265623e+01,  2.536943e+01
  9.693479e+00,  9.302583e+00
  5.336793e+00,  5.338501e+00
  5.158072e+00,  6.684032e+01
  1.388588e+01,  7.562563e+01
  2.489703e+01,  6.310895e+01
  3.446141e+01,  4.694771e+01
  3.976558e+01,  2.814718e+01
  4.053955e+01,  6.219673e+00
  3.889072e+01,  3.422756e+02
  3.626372e+01,  3.201901e+02
  3.172264e+01,  3.037757e+02
  2.431360e+01,  2.946037e+02
  1.519282e+01,  2.953706e+02
  7.847538e+00,  3.209947e+02
  7.535127e+00,  1.216244e+01
  1.014441e+01,  2.895988e+01
  1.155534e+01,  2.916612e+01
  1.259153e+01,  2.289923e+01
  1.472873e+01,  1.353372e+01
  1.837729e+01,  4.415627e+00
  2.251217e+01,  3.570502e+02
  2.560769e+01,  3.509994e+02
  2.684284e+01,  3.452044e+02
  2.647165e+01,  3.382557e+02
  2.535481e+01,  3.285053e+02
  2.448736e+01,  3.150558e+02
  2.468253e+01,  2.994951e+02
  2.587437e+01,  2.857585e+02
  2.680024e+01,  2.765696e+02
  2.585739e+01,  2.714754e+02
  2.197892e+01,  2.680947e+02
  1.503600e+01,  2.632147e+02
  6.187383e+00,  2.481819e+02
  3.687673e+00,  1.102364e+02
  1.022335e+01,  7.604549e+01
  1.454027e+01,  5.031582e+01
  1.902896e+01,  1.934550e+01
  2.586715e+01,  3.528532e+02
  3.223764e+01,  3.353629e+02
  3.388839e+01,  3.241099e+02
  2.962571e+01,  3.165556e+02
  2.222013e+01,  3.110536e+02
  1.629556e+01,  3.047677e+02
  1.536647e+01,  2.938263e+02
  1.989244e+01,  2.819882e+02
  2.676229e+01,  2.726864e+02
  3.131415e+01,  2.635932e+02
  3.024740e+01,  2.515299e+02
  2.400666e+01,  2.314024e+02
  1.795868e+01,  1.948558e+02
  1.757703e+01,  1.526554e+02
  1.612809e+01,  1.279958e+02
  4.869524e+00,  1.189274e+02
##END=
