##TITLE= E:\桌面\nmr\ogm\sjd\matlabcod\1_unitary\1_7_xjhsjd
##JCAMP-DX= 5.00 Bruker JCAMP library
##DATA TYPE= Shape Data
##ORIGIN= Colm's GRAPE Pulses 
##OWNER= Dawei.Lu
##DATE= 02-Aug-2025
##TIME= 13:17
##MINX= 1.770850e+00
##MAXX= 4.620132e+01
##MINY= 9.663502e-01
##MAXY= 3.587274e+02
##$SHAPE_EXMODE= None
##$SHAPE_TOTROT= 9.000000e+01
##$SHAPE_BWFAC= 1.000000e+00
##$SHAPE_INTEGFAC= 1.000000e+00
##$SHAPE_MODE= 1
##PULSE_WIDTH= 2000
##Calibration_Power= 12500
##NPOINTS= 200
##XYPOINTS= (XY..XY)
  6.155379e+00,  2.746865e+02
  8.759242e+00,  2.832438e+02
  1.126298e+01,  2.994368e+02
  6.002449e+00,  3.311376e+02
  8.665717e+00,  1.105542e+02
  2.210382e+01,  1.338949e+02
  3.080514e+01,  1.454162e+02
  3.065039e+01,  1.564775e+02
  2.251806e+01,  1.744019e+02
  1.375165e+01,  2.155442e+02
  1.302149e+01,  2.725028e+02
  1.294294e+01,  3.088495e+02
  8.819710e+00,  3.565622e+02
  1.159554e+01,  7.383832e+01
  1.976882e+01,  1.046553e+02
  2.215895e+01,  1.212582e+02
  1.671715e+01,  1.429506e+02
  1.030479e+01,  2.002025e+02
  1.611244e+01,  2.632298e+02
  2.309706e+01,  2.858650e+02
  2.270919e+01,  2.986264e+02
  1.426892e+01,  3.117250e+02
  2.380842e+00,  2.047384e+01
  1.262952e+01,  1.334786e+02
  2.240152e+01,  1.491878e+02
  2.646972e+01,  1.617076e+02
  2.412405e+01,  1.730935e+02
  1.602145e+01,  1.808164e+02
  4.645455e+00,  1.496124e+02
  1.328654e+01,  5.334783e+01
  2.643433e+01,  5.355624e+01
  3.410002e+01,  5.944615e+01
  3.397872e+01,  6.617645e+01
  2.639085e+01,  7.318660e+01
  1.469424e+01,  8.020436e+01
  4.229626e+00,  7.012401e+01
  5.907763e+00,  3.473723e+02
  1.403123e+01,  3.203289e+00
  2.422620e+01,  2.081564e+01
  3.287315e+01,  3.241274e+01
  3.482402e+01,  4.075059e+01
  2.797498e+01,  4.989762e+01
  1.593644e+01,  6.862055e+01
  8.338317e+00,  1.240400e+02
  8.963681e+00,  1.663924e+02
  6.122374e+00,  1.436318e+02
  1.257114e+01,  6.951204e+01
  2.776787e+01,  5.848414e+01
  4.050225e+01,  5.919293e+01
  4.620132e+01,  6.273554e+01
  4.369533e+01,  6.690657e+01
  3.433863e+01,  7.004387e+01
  2.185277e+01,  6.838899e+01
  1.231627e+01,  4.813764e+01
  1.253696e+01,  1.460260e+01
  1.781906e+01,  1.325923e+01
  2.306920e+01,  2.724966e+01
  2.671536e+01,  4.449968e+01
  2.733901e+01,  6.336434e+01
  2.562916e+01,  8.546878e+01
  2.348710e+01,  1.082889e+02
  2.010013e+01,  1.252254e+02
  1.372564e+01,  1.302820e+02
  7.185474e+00,  9.602911e+01
  1.179805e+01,  4.178415e+01
  1.919001e+01,  3.834070e+01
  2.252558e+01,  4.889251e+01
  2.174943e+01,  6.809766e+01
  1.927414e+01,  9.640957e+01
  1.801488e+01,  1.314703e+02
  1.820839e+01,  1.630072e+02
  1.656335e+01,  1.876358e+02
  1.186730e+01,  2.138978e+02
  7.053000e+00,  2.564845e+02
  4.847289e+00,  3.155563e+02
  2.951802e+00,  3.529311e+01
  7.567371e+00,  1.311889e+02
  1.717618e+01,  1.573713e+02
  2.576559e+01,  1.712115e+02
  2.972744e+01,  1.826593e+02
  2.787557e+01,  1.944544e+02
  2.091037e+01,  2.080574e+02
  1.111039e+01,  2.296312e+02
  4.587492e+00,  3.023545e+02
  6.877803e+00,  9.433170e+00
  5.814104e+00,  3.623763e+01
  2.070847e+00,  1.537586e+02
  1.108527e+01,  2.162142e+02
  2.108810e+01,  2.333731e+02
  2.925084e+01,  2.482079e+02
  3.475725e+01,  2.612860e+02
  3.637953e+01,  2.705488e+02
  3.279807e+01,  2.740809e+02
  2.522715e+01,  2.676118e+02
  1.957587e+01,  2.421754e+02
  2.247191e+01,  2.130360e+02
  2.826492e+01,  2.040830e+02
  3.030627e+01,  2.085046e+02
  2.742924e+01,  2.221769e+02
  2.205358e+01,  2.473003e+02
  1.937385e+01,  2.842690e+02
  2.029695e+01,  3.149434e+02
  1.893934e+01,  3.316337e+02
  1.308823e+01,  3.375076e+02
  6.236495e+00,  3.139115e+02
  8.327405e+00,  2.577941e+02
  1.484993e+01,  2.604946e+02
  2.164210e+01,  2.777625e+02
  2.820768e+01,  2.941859e+02
  3.173048e+01,  3.066444e+02
  2.963027e+01,  3.162482e+02
  2.182700e+01,  3.232463e+02
  1.057279e+01,  3.217907e+02
  4.277064e+00,  2.334001e+02
  1.125951e+01,  2.019101e+02
  1.404984e+01,  2.104523e+02
  1.153312e+01,  2.317774e+02
  7.495503e+00,  2.863800e+02
  1.152233e+01,  3.569154e+02
  1.941485e+01,  2.829831e+01
  2.575554e+01,  4.758642e+01
  2.838610e+01,  6.107436e+01
  2.559287e+01,  6.973221e+01
  1.777864e+01,  7.244269e+01
  8.819929e+00,  5.432757e+01
  8.697332e+00,  3.553674e+02
  1.474567e+01,  3.480108e+02
  1.970915e+01,  2.689550e+00
  2.344105e+01,  2.196024e+01
  2.467840e+01,  4.051864e+01
  2.192521e+01,  6.026491e+01
  1.644183e+01,  8.744587e+01
  1.209008e+01,  1.302882e+02
  1.207999e+01,  1.773021e+02
  1.263079e+01,  2.043122e+02
  8.904964e+00,  2.122548e+02
  3.636474e+00,  1.405187e+02
  1.333399e+01,  9.080368e+01
  2.379093e+01,  9.251414e+01
  2.943479e+01,  9.943048e+01
  2.856643e+01,  1.103058e+02
  2.305955e+01,  1.276357e+02
  1.655941e+01,  1.538758e+02
  1.140254e+01,  1.895999e+02
  8.001587e+00,  2.320419e+02
  4.946005e+00,  2.757413e+02
  1.770850e+00,  2.986364e+01
  8.725591e+00,  1.132375e+02
  1.871276e+01,  1.345306e+02
  2.768573e+01,  1.476426e+02
  3.175577e+01,  1.578686e+02
  2.882959e+01,  1.676990e+02
  1.947382e+01,  1.795763e+02
  7.155675e+00,  2.094392e+02
  7.327228e+00,  3.264311e+02
  1.199377e+01,  3.491789e+02
  7.903519e+00,  2.511723e+00
  4.481018e+00,  1.517868e+02
  1.846522e+01,  1.730850e+02
  2.822516e+01,  1.777943e+02
  2.811093e+01,  1.809440e+02
  1.735017e+01,  1.862343e+02
  2.515564e+00,  2.673689e+02
  1.612058e+01,  3.533205e+02
  2.452596e+01,  3.587274e+02
  2.215587e+01,  9.663502e-01
  1.063926e+01,  1.089752e+00
  4.004714e+00,  1.988573e+02
  1.419398e+01,  1.959694e+02
  1.553083e+01,  2.052486e+02
  9.155418e+00,  2.394931e+02
  1.225820e+01,  3.281033e+02
  2.448927e+01,  3.547422e+02
  3.191292e+01,  6.825603e+00
  3.233199e+01,  1.696465e+01
  2.735251e+01,  2.489493e+01
  1.935140e+01,  2.259414e+01
  1.448739e+01,  3.489653e+02
  2.232396e+01,  3.147662e+02
  3.368653e+01,  3.083419e+02
  3.926371e+01,  3.120470e+02
  3.624157e+01,  3.232398e+02
  2.857458e+01,  3.465595e+02
  2.483562e+01,  2.268397e+01
  2.638907e+01,  5.007299e+01
  2.506534e+01,  5.698430e+01
  1.935912e+01,  3.682820e+01
  2.219417e+01,  3.504157e+02
  3.457437e+01,  3.292067e+02
  4.232084e+01,  3.255943e+02
  3.977792e+01,  3.309684e+02
  2.978314e+01,  3.489164e+02
  2.300818e+01,  2.651238e+01
  2.377063e+01,  5.969730e+01
  2.075827e+01,  7.367465e+01
  9.748766e+00,  6.979824e+01
  7.637238e+00,  3.080264e+02
  1.949092e+01,  2.955173e+02
  1.911272e+01,  2.968059e+02
  1.658537e+01,  1.858148e+02
##END=
