##TITLE= E:\桌面\nmr\ogm\sjd\matlabcod\1_unitary\1_8_xjhsjd
##JCAMP-DX= 5.00 Bruker JCAMP library
##DATA TYPE= Shape Data
##ORIGIN= Colm's GRAPE Pulses 
##OWNER= Dawei.Lu
##DATE= 02-Aug-2025
##TIME= 13:17
##MINX= 1.214559e+00
##MAXX= 2.617702e+01
##MINY= 1.564374e+00
##MAXY= 3.598257e+02
##$SHAPE_EXMODE= None
##$SHAPE_TOTROT= 9.000000e+01
##$SHAPE_BWFAC= 1.000000e+00
##$SHAPE_INTEGFAC= 1.000000e+00
##$SHAPE_MODE= 1
##PULSE_WIDTH= 2000
##Calibration_Power= 12500
##NPOINTS= 200
##XYPOINTS= (XY..XY)
  1.863358e+01,  2.135646e+02
  7.033574e+00,  1.935296e+02
  9.582826e+00,  7.113957e+01
  1.274481e+01,  5.958667e+01
  1.251840e+01,  3.783422e+01
  1.096240e+01,  3.598257e+02
  1.245754e+01,  3.133002e+02
  1.605571e+01,  2.808003e+02
  1.773414e+01,  2.571552e+02
  1.613093e+01,  2.321453e+02
  1.334241e+01,  1.960319e+02
  1.372383e+01,  1.513993e+02
  1.676674e+01,  1.203148e+02
  1.803892e+01,  1.023831e+02
  1.567856e+01,  9.018963e+01
  1.061773e+01,  7.903669e+01
  5.317291e+00,  6.124557e+01
  2.730258e+00,  1.721934e+01
  3.144671e+00,  3.589897e+02
  4.574196e+00,  2.086850e+01
  6.793885e+00,  4.109963e+01
  8.349374e+00,  5.747257e+01
  8.750889e+00,  7.720877e+01
  8.986369e+00,  1.002010e+02
  9.415011e+00,  1.158732e+02
  8.957954e+00,  1.141839e+02
  8.401028e+00,  8.640705e+01
  1.163848e+01,  4.950346e+01
  1.732600e+01,  3.028087e+01
  2.101934e+01,  1.995637e+01
  2.025251e+01,  1.089766e+01
  1.517241e+01,  3.565468e+02
  9.309712e+00,  3.193862e+02
  1.029478e+01,  2.602335e+02
  1.441555e+01,  2.338130e+02
  1.488515e+01,  2.203508e+02
  1.098287e+01,  2.034730e+02
  6.827235e+00,  1.548512e+02
  1.053135e+01,  1.007583e+02
  1.620213e+01,  8.774491e+01
  1.936322e+01,  8.651878e+01
  1.944368e+01,  8.745842e+01
  1.674453e+01,  8.450026e+01
  1.256944e+01,  6.807193e+01
  1.138013e+01,  2.871934e+01
  1.582454e+01,  3.582698e+02
  2.036632e+01,  3.466956e+02
  2.103237e+01,  3.429388e+02
  1.706411e+01,  3.424017e+02
  1.001440e+01,  3.415430e+02
  2.903319e+00,  3.155659e+02
  4.543037e+00,  2.175358e+02
  7.870866e+00,  2.208553e+02
  9.206509e+00,  2.382028e+02
  9.163221e+00,  2.605726e+02
  8.093412e+00,  2.857473e+02
  6.275328e+00,  3.143383e+02
  3.985532e+00,  3.509763e+02
  2.271721e+00,  6.650506e+01
  4.323488e+00,  1.437016e+02
  7.462478e+00,  1.726636e+02
  9.275024e+00,  1.887428e+02
  8.345466e+00,  1.994918e+02
  4.203394e+00,  2.092152e+02
  2.240476e+00,  1.521433e+01
  8.526263e+00,  2.545651e+01
  1.229225e+01,  2.479422e+01
  1.208116e+01,  1.671505e+01
  9.156349e+00,  3.496658e+02
  9.905637e+00,  2.968737e+02
  1.565397e+01,  2.680888e+02
  2.016339e+01,  2.567884e+02
  2.067506e+01,  2.502686e+02
  1.726140e+01,  2.436456e+02
  1.201251e+01,  2.315514e+02
  8.364645e+00,  2.054510e+02
  8.735336e+00,  1.785818e+02
  1.108712e+01,  1.716939e+02
  1.327266e+01,  1.733547e+02
  1.370556e+01,  1.731231e+02
  1.123199e+01,  1.647350e+02
  7.111009e+00,  1.338196e+02
  7.108230e+00,  7.021679e+01
  1.045949e+01,  3.530441e+01
  1.137813e+01,  1.289501e+01
  9.480482e+00,  3.420994e+02
  8.672365e+00,  2.920137e+02
  1.099004e+01,  2.505320e+02
  1.218755e+01,  2.242088e+02
  1.024578e+01,  1.961105e+02
  7.896236e+00,  1.457011e+02
  1.020053e+01,  9.085305e+01
  1.341538e+01,  6.035623e+01
  1.371083e+01,  3.567252e+01
  1.184720e+01,  3.648941e+00
  1.128198e+01,  3.222564e+02
  1.237431e+01,  2.895073e+02
  1.152847e+01,  2.685806e+02
  7.170745e+00,  2.489412e+02
  2.345135e+00,  1.634082e+02
  7.546427e+00,  9.052150e+01
  1.169243e+01,  7.669491e+01
  1.220000e+01,  6.498861e+01
  1.023607e+01,  4.509038e+01
  9.506535e+00,  1.161010e+01
  1.210216e+01,  3.468547e+02
  1.541581e+01,  3.397313e+02
  1.748503e+01,  3.405593e+02
  1.751585e+01,  3.423200e+02
  1.506647e+01,  3.396896e+02
  1.071641e+01,  3.245725e+02
  7.934839e+00,  2.828697e+02
  9.406495e+00,  2.434472e+02
  9.402836e+00,  2.277631e+02
  4.273613e+00,  2.275145e+02
  5.791042e+00,  1.750797e+01
  1.677265e+01,  1.845730e+01
  2.451901e+01,  1.231958e+01
  2.617702e+01,  1.564374e+00
  2.288079e+01,  3.421724e+02
  2.014430e+01,  3.100945e+02
  2.216119e+01,  2.791305e+02
  2.484669e+01,  2.629214e+02
  2.389955e+01,  2.578576e+02
  1.912167e+01,  2.609002e+02
  1.278229e+01,  2.726638e+02
  7.455898e+00,  2.945833e+02
  3.615078e+00,  3.168941e+02
  1.214559e+00,  2.157578e+02
  6.352772e+00,  1.921825e+02
  1.097685e+01,  1.974753e+02
  1.254169e+01,  2.039785e+02
  9.932016e+00,  2.136380e+02
  4.510365e+00,  2.451969e+02
  5.384209e+00,  3.447646e+02
  1.030203e+01,  7.914825e+00
  1.178870e+01,  1.552535e+01
  9.081260e+00,  1.765096e+01
  3.677125e+00,  3.567889e+02
  5.376853e+00,  2.555113e+02
  1.179118e+01,  2.469215e+02
  1.624460e+01,  2.496316e+02
  1.741221e+01,  2.523042e+02
  1.497542e+01,  2.501910e+02
  1.038906e+01,  2.331641e+02
  9.057290e+00,  1.869988e+02
  1.356010e+01,  1.573678e+02
  1.764631e+01,  1.501724e+02
  1.834102e+01,  1.510760e+02
  1.577592e+01,  1.563529e+02
  1.174176e+01,  1.638274e+02
  7.927021e+00,  1.651184e+02
  5.902509e+00,  1.394192e+02
  8.460155e+00,  1.052186e+02
  1.315229e+01,  9.426253e+01
  1.639928e+01,  9.205860e+01
  1.637966e+01,  9.244690e+01
  1.287854e+01,  9.316507e+01
  7.083069e+00,  8.993331e+01
  1.853508e+00,  3.112120e+01
  5.051095e+00,  3.122083e+02
  7.430612e+00,  3.057273e+02
  6.856160e+00,  2.996363e+02
  4.307995e+00,  2.711960e+02
  5.483980e+00,  2.015579e+02
  1.095972e+01,  1.785244e+02
  1.617107e+01,  1.710299e+02
  1.938656e+01,  1.643146e+02
  1.996856e+01,  1.530988e+02
  1.886711e+01,  1.335991e+02
  1.848473e+01,  1.063599e+02
  1.962607e+01,  7.989698e+01
  1.991970e+01,  5.911137e+01
  1.727319e+01,  4.107916e+01
  1.209915e+01,  1.985004e+01
  6.975842e+00,  3.442980e+02
  4.789079e+00,  2.876449e+02
  4.065265e+00,  2.381900e+02
  2.900512e+00,  1.759805e+02
  4.312580e+00,  1.045086e+02
  6.619074e+00,  7.325281e+01
  7.170829e+00,  5.243527e+01
  5.827119e+00,  2.741759e+01
  4.401680e+00,  3.447036e+02
  4.835159e+00,  2.999740e+02
  5.398241e+00,  2.773208e+02
  4.628251e+00,  2.652295e+02
  2.908819e+00,  2.512179e+02
  1.772221e+00,  2.074064e+02
  2.838984e+00,  1.693910e+02
  4.599017e+00,  1.648466e+02
  5.940848e+00,  1.639124e+02
  6.052546e+00,  1.573464e+02
  4.832296e+00,  1.362990e+02
  4.246272e+00,  8.793087e+01
  5.906562e+00,  4.890044e+01
  6.923467e+00,  3.212135e+01
  5.272722e+00,  2.507054e+01
  1.307190e+00,  9.857408e+01
  2.993100e+00,  1.711715e+02
##END=
