##TITLE= E:\桌面\nmr\ogm\sjd\matlabcod\1_unitary\1_9_xjhsjd
##JCAMP-DX= 5.00 Bruker JCAMP library
##DATA TYPE= Shape Data
##ORIGIN= Colm's GRAPE Pulses 
##OWNER= Dawei.Lu
##DATE= 02-Aug-2025
##TIME= 13:17
##MINX= 6.828823e-01
##MAXX= 3.512522e+01
##MINY= 1.264010e+00
##MAXY= 3.579347e+02
##$SHAPE_EXMODE= None
##$SHAPE_TOTROT= 9.000000e+01
##$SHAPE_BWFAC= 1.000000e+00
##$SHAPE_INTEGFAC= 1.000000e+00
##$SHAPE_MODE= 1
##PULSE_WIDTH= 2000
##Calibration_Power= 12500
##NPOINTS= 200
##XYPOINTS= (XY..XY)
  2.242243e+00,  2.405704e+02
  1.404254e+01,  3.262302e+01
  3.143525e+01,  3.514179e+01
  2.735145e+01,  3.591787e+01
  1.322745e+01,  3.036184e+01
  7.464299e+00,  2.701235e+02
  2.300042e+01,  2.524204e+02
  3.309996e+01,  2.553120e+02
  3.512522e+01,  2.592556e+02
  2.935357e+01,  2.597062e+02
  1.888123e+01,  2.463843e+02
  1.426160e+01,  1.942623e+02
  2.285460e+01,  1.585512e+02
  2.992922e+01,  1.498946e+02
  2.915331e+01,  1.485670e+02
  2.080267e+01,  1.503697e+02
  8.673580e+00,  1.560416e+02
  2.448565e+00,  3.215254e+02
  8.731739e+00,  3.418343e+02
  9.985649e+00,  3.579347e+02
  8.556118e+00,  2.196109e+01
  6.767377e+00,  4.746288e+01
  3.829995e+00,  5.165072e+01
  3.856029e+00,  3.097197e+02
  1.200801e+01,  2.893067e+02
  1.976687e+01,  2.836205e+02
  2.358962e+01,  2.759438e+02
  2.226523e+01,  2.622014e+02
  1.803485e+01,  2.371615e+02
  1.536629e+01,  2.000642e+02
  1.452072e+01,  1.656402e+02
  1.133541e+01,  1.360341e+02
  6.295267e+00,  8.248620e+01
  8.819386e+00,  2.518100e+00
  1.402947e+01,  3.334259e+02
  1.546747e+01,  3.162511e+02
  1.317260e+01,  2.981207e+02
  9.750401e+00,  2.728750e+02
  7.642128e+00,  2.449181e+02
  6.157163e+00,  2.348420e+02
  4.973105e+00,  2.609284e+02
  6.837437e+00,  2.991907e+02
  9.460280e+00,  3.151683e+02
  9.720813e+00,  3.249345e+02
  7.657493e+00,  3.409634e+02
  6.264486e+00,  1.044992e+01
  7.179640e+00,  2.275940e+01
  9.368626e+00,  1.264010e+00
  1.493543e+01,  3.321240e+02
  2.270816e+01,  3.129820e+02
  2.815416e+01,  2.994741e+02
  2.778932e+01,  2.868178e+02
  2.142151e+01,  2.703022e+02
  1.309843e+01,  2.388939e+02
  9.933601e+00,  1.845580e+02
  9.606433e+00,  1.488283e+02
  4.477089e+00,  1.273871e+02
  5.657298e+00,  3.155061e+02
  1.635907e+01,  3.036293e+02
  2.306270e+01,  2.961895e+02
  2.319195e+01,  2.870857e+02
  1.808362e+01,  2.699253e+02
  1.381945e+01,  2.332097e+02
  1.614946e+01,  1.965930e+02
  1.955352e+01,  1.837695e+02
  1.940735e+01,  1.847373e+02
  1.584008e+01,  1.948886e+02
  1.101924e+01,  2.150094e+02
  7.039030e+00,  2.459659e+02
  3.924279e+00,  2.850106e+02
  1.722396e+00,  1.332886e+01
  3.494820e+00,  9.649283e+01
  4.667947e+00,  1.450129e+02
  7.858557e+00,  2.035520e+02
  1.588887e+01,  2.317967e+02
  2.462759e+01,  2.408726e+02
  2.949181e+01,  2.406215e+02
  2.830933e+01,  2.316237e+02
  2.377940e+01,  2.089057e+02
  2.349417e+01,  1.735824e+02
  2.861663e+01,  1.485596e+02
  3.170494e+01,  1.379687e+02
  2.884337e+01,  1.351540e+02
  2.056964e+01,  1.360562e+02
  9.570353e+00,  1.351972e+02
  2.511935e+00,  2.938337e+01
  9.648233e+00,  3.574962e+02
  1.331135e+01,  5.788088e+00
  1.273930e+01,  1.932723e+01
  8.689682e+00,  3.835718e+01
  3.109829e+00,  8.939144e+01
  5.825730e+00,  2.044673e+02
  1.139057e+01,  2.328696e+02
  1.464925e+01,  2.537333e+02
  1.536098e+01,  2.757801e+02
  1.431697e+01,  2.996895e+02
  1.171547e+01,  3.229690e+02
  6.831339e+00,  3.462857e+02
  1.709520e+00,  9.623425e+01
  8.189621e+00,  1.662270e+02
  1.276843e+01,  1.817190e+02
  1.254656e+01,  1.975456e+02
  8.513786e+00,  2.289922e+02
  7.787617e+00,  2.976534e+02
  1.250218e+01,  3.374069e+02
  1.482950e+01,  3.560504e+02
  1.260040e+01,  1.218211e+01
  7.350588e+00,  3.686515e+01
  3.295014e+00,  1.044171e+02
  4.128276e+00,  1.920330e+02
  6.835870e+00,  2.533518e+02
  1.283775e+01,  2.894560e+02
  1.942073e+01,  3.049399e+02
  2.237017e+01,  3.098210e+02
  1.934227e+01,  3.046915e+02
  1.271227e+01,  2.762354e+02
  1.384391e+01,  2.170814e+02
  2.155247e+01,  1.912963e+02
  2.471846e+01,  1.828087e+02
  2.041942e+01,  1.791461e+02
  1.056947e+01,  1.766291e+02
  6.828823e-01,  6.825614e+01
  7.439930e+00,  1.042438e+01
  8.862488e+00,  2.054030e+01
  6.608498e+00,  5.147159e+01
  6.230074e+00,  1.079527e+02
  7.238105e+00,  1.477770e+02
  6.618577e+00,  1.921967e+02
  9.210806e+00,  2.472213e+02
  1.465310e+01,  2.696666e+02
  1.683668e+01,  2.732779e+02
  1.325769e+01,  2.619276e+02
  8.585307e+00,  2.095577e+02
  1.441696e+01,  1.522898e+02
  2.091916e+01,  1.330008e+02
  2.047622e+01,  1.192858e+02
  1.309286e+01,  9.362969e+01
  1.021084e+01,  1.522343e+01
  1.975845e+01,  3.322855e+02
  2.586135e+01,  3.161904e+02
  2.403296e+01,  3.024044e+02
  1.634955e+01,  2.801712e+02
  1.056614e+01,  2.298923e+02
  1.214203e+01,  1.825971e+02
  1.154384e+01,  1.653380e+02
  4.955508e+00,  1.672084e+02
  5.888353e+00,  3.092808e+02
  1.527580e+01,  3.145571e+02
  2.012886e+01,  3.119777e+02
  1.934668e+01,  3.058532e+02
  1.492969e+01,  2.918440e+02
  1.139262e+01,  2.624215e+02
  1.214487e+01,  2.329398e+02
  1.423598e+01,  2.237612e+02
  1.519716e+01,  2.275434e+02
  1.475272e+01,  2.358139e+02
  1.255369e+01,  2.427441e+02
  8.259637e+00,  2.443633e+02
  2.846021e+00,  2.283306e+02
  2.312638e+00,  9.613556e+01
  3.591592e+00,  6.120046e+01
  3.822355e+00,  3.465875e+02
  9.949765e+00,  2.977579e+02
  1.778216e+01,  2.802521e+02
  2.314962e+01,  2.668040e+02
  2.440917e+01,  2.511825e+02
  2.291940e+01,  2.305781e+02
  2.164280e+01,  2.065789e+02
  2.150564e+01,  1.869116e+02
  2.082120e+01,  1.764984e+02
  1.867234e+01,  1.740690e+02
  1.570276e+01,  1.749852e+02
  1.271934e+01,  1.711300e+02
  1.085182e+01,  1.537479e+02
  1.183447e+01,  1.299026e+02
  1.418602e+01,  1.173416e+02
  1.456068e+01,  1.159925e+02
  1.147058e+01,  1.241532e+02
  6.301833e+00,  1.549743e+02
  6.165731e+00,  2.333097e+02
  1.056368e+01,  2.648129e+02
  1.231946e+01,  2.732210e+02
  1.019918e+01,  2.650409e+02
  8.597173e+00,  2.182005e+02
  1.600297e+01,  1.791047e+02
  2.625045e+01,  1.699457e+02
  3.333932e+01,  1.682008e+02
  3.395167e+01,  1.669841e+02
  2.721735e+01,  1.615413e+02
  1.668277e+01,  1.388049e+02
  1.503199e+01,  8.105671e+01
  2.317670e+01,  5.393138e+01
  2.673721e+01,  4.907228e+01
  2.169932e+01,  5.273317e+01
  1.008870e+01,  7.186592e+01
  7.839027e+00,  1.881980e+02
  1.865964e+01,  2.172243e+02
  2.272443e+01,  2.276880e+02
  1.749499e+01,  2.362524e+02
  5.229108e+00,  2.014231e+02
##END=
