##TITLE= E:\桌面\nmr\ogm\sjd\matlabcod\1\2_10_xjhsjd
##JCAMP-DX= 5.00 Bruker JCAMP library
##DATA TYPE= Shape Data
##ORIGIN= Colm's GRAPE Pulses 
##OWNER= Dawei.Lu
##DATE= 02-Aug-2025
##TIME= 11:33
##MINX= 1.341347e-01
##MAXX= 1.214538e+01
##MINY= 1.800269e-01
##MAXY= 3.596308e+02
##$SHAPE_EXMODE= None
##$SHAPE_TOTROT= 9.000000e+01
##$SHAPE_BWFAC= 1.000000e+00
##$SHAPE_INTEGFAC= 1.000000e+00
##$SHAPE_MODE= 1
##PULSE_WIDTH= 5000
##Calibration_Power= 12500
##NPOINTS= 1000
##XYPOINTS= (XY..XY)
  1.659840e+00,  2.880955e+02
  2.256697e+00,  2.733156e+02
  3.186897e+00,  2.561499e+02
  3.416539e+00,  2.317715e+02
  3.939371e+00,  2.080049e+02
  4.779987e+00,  1.878666e+02
  5.836552e+00,  1.716037e+02
  6.985078e+00,  1.583409e+02
  8.103651e+00,  1.471613e+02
  9.079099e+00,  1.373728e+02
  9.813433e+00,  1.284818e+02
  1.023212e+01,  1.201262e+02
  1.029199e+01,  1.120234e+02
  9.986270e+00,  1.039391e+02
  9.344658e+00,  9.567189e+01
  8.427717e+00,  8.705312e+01
  7.315713e+00,  7.796591e+01
  6.093330e+00,  6.839398e+01
  4.833043e+00,  5.852131e+01
  3.581933e+00,  4.894911e+01
  2.359774e+00,  4.140748e+01
  1.191545e+00,  4.345637e+01
  5.936642e-01,  1.134478e+02
  1.572003e+00,  1.517580e+02
  2.785422e+00,  1.506354e+02
  3.965124e+00,  1.444105e+02
  5.019137e+00,  1.369210e+02
  5.868589e+00,  1.289017e+02
  6.452780e+00,  1.203993e+02
  6.742931e+00,  1.111983e+02
  6.754088e+00,  1.009317e+02
  6.552020e+00,  8.914779e+01
  6.250639e+00,  7.546747e+01
  5.990355e+00,  5.993884e+01
  5.887280e+00,  4.345027e+01
  5.970890e+00,  2.759070e+01
  6.167315e+00,  1.375129e+01
  6.349354e+00,  2.477081e+00
  6.400424e+00,  3.536411e+02
  6.249574e+00,  3.468805e+02
  5.879286e+00,  3.418560e+02
  5.319423e+00,  3.383341e+02
  4.634897e+00,  3.361820e+02
  3.910097e+00,  3.353112e+02
  3.231699e+00,  3.355456e+02
  2.671623e+00,  3.363788e+02
  2.273948e+00,  3.367429e+02
  2.052473e+00,  3.352811e+02
  1.999450e+00,  3.314334e+02
  2.089461e+00,  3.262094e+02
  2.271723e+00,  3.213566e+02
  2.471882e+00,  3.181177e+02
  2.611832e+00,  3.171051e+02
  2.630985e+00,  3.188537e+02
  2.509628e+00,  3.243748e+02
  2.299202e+00,  3.355328e+02
  2.157871e+00,  3.541190e+02
  2.309837e+00,  1.705600e+01
  2.821111e+00,  3.603539e+01
  3.529617e+00,  4.798057e+01
  4.232089e+00,  5.476698e+01
  4.771763e+00,  5.841225e+01
  5.042432e+00,  6.011123e+01
  4.986326e+00,  6.049588e+01
  4.594504e+00,  5.987841e+01
  3.905478e+00,  5.837277e+01
  2.999351e+00,  5.593252e+01
  1.986622e+00,  5.230979e+01
  9.919060e-01,  4.678515e+01
  1.341347e-01,  3.104915e+01
  5.104608e-01,  2.129156e+02
  9.305403e-01,  1.949937e+02
  1.265564e+00,  1.705042e+02
  1.781594e+00,  1.439095e+02
  2.644362e+00,  1.233211e+02
  3.799828e+00,  1.097827e+02
  5.096370e+00,  1.008572e+02
  6.366891e+00,  9.463961e+01
  7.454082e+00,  9.004275e+01
  8.226931e+00,  8.645767e+01
  8.595036e+00,  8.352283e+01
  8.518776e+00,  8.099853e+01
  8.013515e+00,  7.869364e+01
  7.147065e+00,  7.641009e+01
  6.030934e+00,  7.387898e+01
  4.807058e+00,  7.065989e+01
  3.632642e+00,  6.598286e+01
  2.665244e+00,  5.868430e+01
  2.042149e+00,  4.827150e+01
  1.830373e+00,  3.830982e+01
  1.992833e+00,  3.487083e+01
  2.476413e+00,  3.790300e+01
  3.247478e+00,  4.310750e+01
  4.233700e+00,  4.777870e+01
  5.314654e+00,  5.129764e+01
  6.348392e+00,  5.382839e+01
  7.196859e+00,  5.564305e+01
  7.744768e+00,  5.694726e+01
  7.913154e+00,  5.786212e+01
  7.667878e+00,  5.843177e+01
  7.022863e+00,  5.861834e+01
  6.038478e+00,  5.825727e+01
  4.816292e+00,  5.690589e+01
  3.489664e+00,  5.342148e+01
  2.224484e+00,  4.442454e+01
  1.279199e+00,  1.903330e+01
  1.102935e+00,  3.322107e+02
  1.467444e+00,  3.077833e+02
  1.762886e+00,  3.031699e+02
  1.843838e+00,  3.079065e+02
  1.754456e+00,  3.200544e+02
  1.626929e+00,  3.402036e+02
  1.628878e+00,  6.627315e+00
  1.836538e+00,  3.277386e+01
  2.176175e+00,  5.440854e+01
  2.545060e+00,  7.239101e+01
  2.893274e+00,  8.858486e+01
  3.219680e+00,  1.040098e+02
  3.540785e+00,  1.187924e+02
  3.857473e+00,  1.325698e+02
  4.136382e+00,  1.449750e+02
  4.314373e+00,  1.559319e+02
  4.318415e+00,  1.656915e+02
  4.088094e+00,  1.747824e+02
  3.594325e+00,  1.840981e+02
  2.856296e+00,  1.954479e+02
  1.976960e+00,  2.138406e+02
  1.309935e+00,  2.542865e+02
  1.587826e+00,  3.082304e+02
  2.485328e+00,  3.340765e+02
  3.377081e+00,  3.459199e+02
  4.030642e+00,  3.527855e+02
  4.339822e+00,  3.573745e+02
  4.260506e+00,  5.896140e-01
  3.800275e+00,  2.606330e+00
  3.014647e+00,  2.902428e+00
  2.007750e+00,  3.590210e+02
  9.922027e-01,  3.371469e+02
  8.869582e-01,  2.614530e+02
  1.776698e+00,  2.356910e+02
  2.632676e+00,  2.329086e+02
  3.262871e+00,  2.361107e+02
  3.630878e+00,  2.426342e+02
  3.765414e+00,  2.521116e+02
  3.747239e+00,  2.646968e+02
  3.690625e+00,  2.803293e+02
  3.703043e+00,  2.981086e+02
  3.831723e+00,  3.163350e+02
  4.043970e+00,  3.335585e+02
  4.265553e+00,  3.493898e+02
  4.434538e+00,  4.266183e+00
  4.531287e+00,  1.886199e+01
  4.581844e+00,  3.363969e+01
  4.637277e+00,  4.853839e+01
  4.737014e+00,  6.287594e+01
  4.874656e+00,  7.562467e+01
  4.992215e+00,  8.588110e+01
  5.007348e+00,  9.305134e+01
  4.853968e+00,  9.661844e+01
  4.522743e+00,  9.571209e+01
  4.107343e+00,  8.877888e+01
  3.855978e+00,  7.446237e+01
  4.114131e+00,  5.565858e+01
  5.011938e+00,  3.982255e+01
  6.349786e+00,  3.015336e+01
  7.853966e+00,  2.521909e+01
  9.307980e+00,  2.315767e+01
  1.055232e+01,  2.276564e+01
  1.147069e+01,  2.332812e+01
  1.198357e+01,  2.439021e+01
  1.204605e+01,  2.561681e+01
  1.164735e+01,  2.670551e+01
  1.081136e+01,  2.731313e+01
  9.598277e+00,  2.695761e+01
  8.109156e+00,  2.483776e+01
  6.499109e+00,  1.946780e+01
  5.013457e+00,  8.109282e+00
  4.043736e+00,  3.476719e+02
  3.969056e+00,  3.224355e+02
  4.615217e+00,  3.039197e+02
  5.447197e+00,  2.941724e+02
  6.100377e+00,  2.898700e+02
  6.399368e+00,  2.886073e+02
  6.274259e+00,  2.891484e+02
  5.719964e+00,  2.908770e+02
  4.777245e+00,  2.934943e+02
  3.519812e+00,  2.969130e+02
  2.042687e+00,  3.014261e+02
  4.543258e-01,  3.130258e+02
  1.160196e+00,  1.241031e+02
  2.682966e+00,  1.311416e+02
  4.048204e+00,  1.369498e+02
  5.197417e+00,  1.427549e+02
  6.091912e+00,  1.486719e+02
  6.708292e+00,  1.546426e+02
  7.032744e+00,  1.605356e+02
  7.056252e+00,  1.661711e+02
  6.773275e+00,  1.713254e+02
  6.185103e+00,  1.757027e+02
  5.307322e+00,  1.788297e+02
  4.180878e+00,  1.797058e+02
  2.894296e+00,  1.754672e+02
  1.686837e+00,  1.549554e+02
  1.438223e+00,  9.887987e+01
  2.442729e+00,  6.763421e+01
  3.617554e+00,  5.940505e+01
  4.575971e+00,  5.754926e+01
  5.171155e+00,  5.791383e+01
  5.322248e+00,  5.919950e+01
  4.993411e+00,  6.085112e+01
  4.191114e+00,  6.249140e+01
  2.962204e+00,  6.350383e+01
  1.393557e+00,  6.073596e+01
  5.083120e-01,  2.814679e+02
  2.397257e+00,  2.616236e+02
  4.315456e+00,  2.616664e+02
  6.097503e+00,  2.632677e+02
  7.629242e+00,  2.652052e+02
  8.820298e+00,  2.671036e+02
  9.608228e+00,  2.687158e+02
  9.962094e+00,  2.697774e+02
  9.885767e+00,  2.699349e+02
  9.423166e+00,  2.686703e+02
  8.668969e+00,  2.652066e+02
  7.788480e+00,  2.584522e+02
  7.040720e+00,  2.473238e+02
  6.751222e+00,  2.321736e+02
  7.134429e+00,  2.163109e+02
  8.098096e+00,  2.035758e+02
  9.340772e+00,  1.949918e+02
  1.055936e+01,  1.896570e+02
  1.152519e+01,  1.864428e+02
  1.208370e+01,  1.845093e+02
  1.214538e+01,  1.832796e+02
  1.168111e+01,  1.823235e+02
  1.071935e+01,  1.812441e+02
  9.342421e+00,  1.795486e+02
  7.682597e+00,  1.764342e+02
  5.924166e+00,  1.703338e+02
  4.329512e+00,  1.580359e+02
  3.301535e+00,  1.351787e+02
  3.218333e+00,  1.070627e+02
  3.814011e+00,  8.865553e+01
  4.531422e+00,  8.088839e+01
  5.086978e+00,  7.927111e+01
  5.392490e+00,  8.113057e+01
  5.439723e+00,  8.511423e+01
  5.247163e+00,  9.042422e+01
  4.833970e+00,  9.648528e+01
  4.209292e+00,  1.028372e+02
  3.373935e+00,  1.091223e+02
  2.330597e+00,  1.151076e+02
  1.097035e+00,  1.208075e+02
  2.851387e-01,  3.030773e+02
  1.746315e+00,  3.091025e+02
  3.194505e+00,  3.130190e+02
  4.522489e+00,  3.163307e+02
  5.621148e+00,  3.191345e+02
  6.393279e+00,  3.214551e+02
  6.766753e+00,  3.232709e+02
  6.705023e+00,  3.244931e+02
  6.213814e+00,  3.249057e+02
  5.344155e+00,  3.240172e+02
  4.194947e+00,  3.206329e+02
  2.929601e+00,  3.114141e+02
  1.877084e+00,  2.863859e+02
  1.732197e+00,  2.405497e+02
  2.471383e+00,  2.127133e+02
  3.301318e+00,  2.027518e+02
  3.890931e+00,  1.995974e+02
  4.132657e+00,  1.994567e+02
  3.996967e+00,  2.010543e+02
  3.498311e+00,  2.040191e+02
  2.682183e+00,  2.086563e+02
  1.620593e+00,  2.172806e+02
  4.996065e-01,  2.584003e+02
  1.129390e+00,  9.474127e+00
  2.480347e+00,  2.411761e+01
  3.806438e+00,  3.059614e+01
  5.013544e+00,  3.507931e+01
  6.032786e+00,  3.850939e+01
  6.807533e+00,  4.104216e+01
  7.295782e+00,  4.258236e+01
  7.476193e+00,  4.288097e+01
  7.357347e+00,  4.152651e+01
  6.990779e+00,  3.789901e+01
  6.487849e+00,  3.116809e+01
  6.033295e+00,  2.059677e+01
  5.861251e+00,  6.575527e+00
  6.140416e+00,  3.516462e+02
  6.841478e+00,  3.389865e+02
  7.772038e+00,  3.298839e+02
  8.712625e+00,  3.239130e+02
  9.490422e+00,  3.202069e+02
  9.991603e+00,  3.180334e+02
  1.015598e+01,  3.168639e+02
  9.969646e+00,  3.163073e+02
  9.457391e+00,  3.160312e+02
  8.674419e+00,  3.156880e+02
  7.698015e+00,  3.148343e+02
  6.620972e+00,  3.128297e+02
  5.550037e+00,  3.087168e+02
  4.611847e+00,  3.012058e+02
  3.954442e+00,  2.893248e+02
  3.703929e+00,  2.743377e+02
  3.855472e+00,  2.602869e+02
  4.250221e+00,  2.501002e+02
  4.695044e+00,  2.436641e+02
  5.041719e+00,  2.396724e+02
  5.191657e+00,  2.369068e+02
  5.086359e+00,  2.344019e+02
  4.704760e+00,  2.312352e+02
  4.068514e+00,  2.261326e+02
  3.260934e+00,  2.166445e+02
  2.489061e+00,  1.975943e+02
  2.199534e+00,  1.647010e+02
  2.729305e+00,  1.338616e+02
  3.729919e+00,  1.171336e+02
  4.808009e+00,  1.089480e+02
  5.767807e+00,  1.047779e+02
  6.510240e+00,  1.026087e+02
  6.986973e+00,  1.014992e+02
  7.185891e+00,  1.009309e+02
  7.124054e+00,  1.005433e+02
  6.841614e+00,  1.000106e+02
  6.395711e+00,  9.897042e+01
  5.855315e+00,  9.698753e+01
  5.298037e+00,  9.357307e+01
  4.805918e+00,  8.831334e+01
  4.456881e+00,  8.119026e+01
  4.304765e+00,  7.295230e+01
  4.353679e+00,  6.499946e+01
  4.552394e+00,  5.859732e+01
  4.818896e+00,  5.427652e+01
  5.070919e+00,  5.195495e+01
  5.243213e+00,  5.132795e+01
  5.293595e+00,  5.211795e+01
  5.204485e+00,  5.416039e+01
  4.982646e+00,  5.740685e+01
  4.656912e+00,  6.188875e+01
  4.272813e+00,  6.764159e+01
  3.882993e+00,  7.457065e+01
  3.533405e+00,  8.226880e+01
  3.248785e+00,  8.989837e+01
  3.026216e+00,  9.630719e+01
  2.844561e+00,  1.003526e+02
  2.685591e+00,  1.011649e+02
  2.553060e+00,  9.825999e+01
  2.477907e+00,  9.175357e+01
  2.502620e+00,  8.275405e+01
  2.649001e+00,  7.326743e+01
  2.897416e+00,  6.513335e+01
  3.199513e+00,  5.915625e+01
  3.503498e+00,  5.527062e+01
  3.770484e+00,  5.305723e+01
  3.978959e+00,  5.203281e+01
  4.122514e+00,  5.171891e+01
  4.204814e+00,  5.162575e+01
  4.234477e+00,  5.123042e+01
  4.222254e+00,  4.997870e+01
  4.182166e+00,  4.731732e+01
  4.136257e+00,  4.276459e+01
  4.119625e+00,  3.604368e+01
  4.179438e+00,  2.728514e+01
  4.361792e+00,  1.717249e+01
  4.689465e+00,  6.773086e+00
  5.146805e+00,  3.570535e+02
  5.684077e+00,  3.485172e+02
  6.234374e+00,  3.412254e+02
  6.730005e+00,  3.350092e+02
  7.113352e+00,  3.296426e+02
  7.343083e+00,  3.249260e+02
  7.397291e+00,  3.207129e+02
  7.274257e+00,  3.169135e+02
  6.991107e+00,  3.134914e+02
  6.580661e+00,  3.104603e+02
  6.087459e+00,  3.078788e+02
  5.564050e+00,  3.058355e+02
  5.064258e+00,  3.044191e+02
  4.637339e+00,  3.036524e+02
  4.322446e+00,  3.034013e+02
  4.143309e+00,  3.033182e+02
  4.104834e+00,  3.029103e+02
  4.193913e+00,  3.017360e+02
  4.384199e+00,  2.995779e+02
  4.641656e+00,  2.964638e+02
  4.928349e+00,  2.925668e+02
  5.204704e+00,  2.880907e+02
  5.431727e+00,  2.831982e+02
  5.574064e+00,  2.779816e+02
  5.603842e+00,  2.724581e+02
  5.504667e+00,  2.665697e+02
  5.275035e+00,  2.601812e+02
  4.930609e+00,  2.530722e+02
  4.504987e+00,  2.449334e+02
  4.048455e+00,  2.353983e+02
  3.623157e+00,  2.241851e+02
  3.291100e+00,  2.114284e+02
  3.092497e+00,  1.980577e+02
  3.024563e+00,  1.856540e+02
  3.043493e+00,  1.756041e+02
  3.091483e+00,  1.684732e+02
  3.122535e+00,  1.641367e+02
  3.110088e+00,  1.621719e+02
  3.042914e+00,  1.620963e+02
  2.917645e+00,  1.634611e+02
  2.732907e+00,  1.659042e+02
  2.487524e+00,  1.692235e+02
  2.183305e+00,  1.734988e+02
  1.831517e+00,  1.793094e+02
  1.462491e+00,  1.881484e+02
  1.140205e+00,  2.028599e+02
  9.715974e-01,  2.251384e+02
  1.029631e+00,  2.468044e+02
  1.241934e+00,  2.575887e+02
  1.511815e+00,  2.577962e+02
  1.823314e+00,  2.507934e+02
  2.223414e+00,  2.396707e+02
  2.770320e+00,  2.273644e+02
  3.483079e+00,  2.159750e+02
  4.324944e+00,  2.062748e+02
  5.217303e+00,  1.981421e+02
  6.060205e+00,  1.911498e+02
  6.749598e+00,  1.848525e+02
  7.191724e+00,  1.788531e+02
  7.315695e+00,  1.727760e+02
  7.084483e+00,  1.662009e+02
  6.504667e+00,  1.585468e+02
  5.634497e+00,  1.488650e+02
  4.597273e+00,  1.354175e+02
  3.612672e+00,  1.151179e+02
  3.030603e+00,  8.527624e+01
  3.131533e+00,  5.229534e+01
  3.710901e+00,  2.682881e+01
  4.362861e+00,  8.843014e+00
  4.847205e+00,  3.546115e+02
  5.079422e+00,  3.415136e+02
  5.079035e+00,  3.278804e+02
  4.943586e+00,  3.126315e+02
  4.817861e+00,  2.954811e+02
  4.829476e+00,  2.774325e+02
  5.005244e+00,  2.604695e+02
  5.248064e+00,  2.461544e+02
  5.400380e+00,  2.348732e+02
  5.318245e+00,  2.263020e+02
  4.908499e+00,  2.200485e+02
  4.138970e+00,  2.160730e+02
  3.040084e+00,  2.153737e+02
  1.726501e+00,  2.238280e+02
  8.300253e-01,  2.861674e+02
  1.902742e+00,  3.416635e+02
  3.385517e+00,  3.495577e+02
  4.737545e+00,  3.498118e+02
  5.828741e+00,  3.475898e+02
  6.597634e+00,  3.439121e+02
  7.034977e+00,  3.389195e+02
  7.184947e+00,  3.324463e+02
  7.144393e+00,  3.242366e+02
  7.052785e+00,  3.141881e+02
  7.062602e+00,  3.026941e+02
  7.286285e+00,  2.908181e+02
  7.746989e+00,  2.798869e+02
  8.377223e+00,  2.707692e+02
  9.062230e+00,  2.636094e+02
  9.683997e+00,  2.580739e+02
  1.014349e+01,  2.536567e+02
  1.036725e+01,  2.498374e+02
  1.030900e+01,  2.461196e+02
  9.951789e+00,  2.420126e+02
  9.312331e+00,  2.369842e+02
  8.447067e+00,  2.304006e+02
  7.458268e+00,  2.214834e+02
  6.494888e+00,  2.094040e+02
  5.731266e+00,  1.938086e+02
  5.293697e+00,  1.758104e+02
  5.154893e+00,  1.580062e+02
  5.125786e+00,  1.424516e+02
  4.974880e+00,  1.293509e+02
  4.531845e+00,  1.176050e+02
  3.724224e+00,  1.051618e+02
  2.605309e+00,  8.714212e+01
  1.571519e+00,  4.520264e+01
  1.993939e+00,  3.383442e+02
  3.589775e+00,  3.093193e+02
  5.330366e+00,  2.955926e+02
  6.885220e+00,  2.860361e+02
  8.083860e+00,  2.776695e+02
  8.830870e+00,  2.692360e+02
  9.107641e+00,  2.598946e+02
  8.984217e+00,  2.488696e+02
  8.626608e+00,  2.354309e+02
  8.281029e+00,  2.192449e+02
  8.198325e+00,  2.010841e+02
  8.493456e+00,  1.829802e+02
  9.061437e+00,  1.668936e+02
  9.656164e+00,  1.534746e+02
  1.002624e+01,  1.423141e+02
  9.991260e+00,  1.326389e+02
  9.462785e+00,  1.236262e+02
  8.444010e+00,  1.143701e+02
  7.026348e+00,  1.035908e+02
  5.399062e+00,  8.889296e+01
  3.911438e+00,  6.523972e+01
  3.192743e+00,  2.754118e+01
  3.652331e+00,  3.500081e+02
  4.675838e+00,  3.263109e+02
  5.638097e+00,  3.111220e+02
  6.288760e+00,  2.993735e+02
  6.569810e+00,  2.885465e+02
  6.531778e+00,  2.771893e+02
  6.303296e+00,  2.643324e+02
  6.062209e+00,  2.495773e+02
  5.978375e+00,  2.335638e+02
  6.129362e+00,  2.179990e+02
  6.457338e+00,  2.045744e+02
  6.818549e+00,  1.939440e+02
  7.063942e+00,  1.858495e+02
  7.083954e+00,  1.796833e+02
  6.817862e+00,  1.748037e+02
  6.248406e+00,  1.705869e+02
  5.393612e+00,  1.663217e+02
  4.301495e+00,  1.608958e+02
  3.056360e+00,  1.517432e+02
  1.845183e+00,  1.301013e+02
  1.358087e+00,  7.407582e+01
  2.215077e+00,  3.039997e+01
  3.441621e+00,  1.402460e+01
  4.588768e+00,  5.191776e+00
  5.519455e+00,  3.583014e+02
  6.170613e+00,  3.514368e+02
  6.527352e+00,  3.435680e+02
  6.628608e+00,  3.338991e+02
  6.575849e+00,  3.217713e+02
  6.528590e+00,  3.069304e+02
  6.661636e+00,  2.900509e+02
  7.077381e+00,  2.728057e+02
  7.740164e+00,  2.568477e+02
  8.505686e+00,  2.428073e+02
  9.202640e+00,  2.303853e+02
  9.693157e+00,  2.188972e+02
  9.900759e+00,  2.075981e+02
  9.821108e+00,  1.957794e+02
  9.523562e+00,  1.828101e+02
  9.140633e+00,  1.682587e+02
  8.833878e+00,  1.521632e+02
  8.727885e+00,  1.352811e+02
  8.838709e+00,  1.188709e+02
  9.058502e+00,  1.039787e+02
  9.212749e+00,  9.096468e+01
  9.133984e+00,  7.961696e+01
  8.706616e+00,  6.945536e+01
  7.882249e+00,  5.989803e+01
  6.679039e+00,  5.023975e+01
  5.174132e+00,  3.934855e+01
  3.504383e+00,  2.447244e+01
  1.943402e+00,  3.550672e+02
  1.468119e+00,  2.849992e+02
  2.551826e+00,  2.389447e+02
  3.834397e+00,  2.189119e+02
  4.923923e+00,  2.049814e+02
  5.760213e+00,  1.925122e+02
  6.370340e+00,  1.800860e+02
  6.824116e+00,  1.672577e+02
  7.203907e+00,  1.541019e+02
  7.572416e+00,  1.410378e+02
  7.948120e+00,  1.286113e+02
  8.301432e+00,  1.172566e+02
  8.571879e+00,  1.071695e+02
  8.693426e+00,  9.832625e+01
  8.615179e+00,  9.056723e+01
  8.312556e+00,  8.367169e+01
  7.789796e+00,  7.739550e+01
  7.076491e+00,  7.147656e+01
  6.220750e+00,  6.561517e+01
  5.281171e+00,  5.942923e+01
  4.319457e+00,  5.237151e+01
  3.395621e+00,  4.357214e+01
  2.568383e+00,  3.154062e+01
  1.902737e+00,  1.380532e+01
  1.482180e+00,  3.477554e+02
  1.375797e+00,  3.161087e+02
  1.531731e+00,  2.878476e+02
  1.823104e+00,  2.659957e+02
  2.178254e+00,  2.483215e+02
  2.583665e+00,  2.328942e+02
  3.047523e+00,  2.189031e+02
  3.575082e+00,  2.061372e+02
  4.156416e+00,  1.945463e+02
  4.763714e+00,  1.840377e+02
  5.354795e+00,  1.744428e+02
  5.879498e+00,  1.655506e+02
  6.286649e+00,  1.571435e+02
  6.530443e+00,  1.490160e+02
  6.575641e+00,  1.409762e+02
  6.401294e+00,  1.328354e+02
  6.002906e+00,  1.243837e+02
  5.393178e+00,  1.153451e+02
  4.601837e+00,  1.052798e+02
  3.675978e+00,  9.333639e+01
  2.685965e+00,  7.749300e+01
  1.760367e+00,  5.190472e+01
  1.242248e+00,  3.348190e+00
  1.567527e+00,  3.106191e+02
  2.318175e+00,  2.810442e+02
  3.101480e+00,  2.619724e+02
  3.809304e+00,  2.464504e+02
  4.419132e+00,  2.321710e+02
  4.939476e+00,  2.183130e+02
  5.390862e+00,  2.046450e+02
  5.792350e+00,  1.912260e+02
  6.150965e+00,  1.782458e+02
  6.456602e+00,  1.659088e+02
  6.683828e+00,  1.543578e+02
  6.799048e+00,  1.436475e+02
  6.769805e+00,  1.337561e+02
  6.573309e+00,  1.246131e+02
  6.202446e+00,  1.161277e+02
  5.668530e+00,  1.082144e+02
  5.000719e+00,  1.008199e+02
  4.242559e+00,  9.396305e+01
  3.446599e+00,  8.781756e+01
  2.668584e+00,  8.290264e+01
  1.964138e+00,  8.053803e+01
  1.394903e+00,  8.378073e+01
  1.054293e+00,  9.727441e+01
  1.050077e+00,  1.169284e+02
  1.335470e+00,  1.281034e+02
  1.771250e+00,  1.299900e+02
  2.277487e+00,  1.276923e+02
  2.807198e+00,  1.242045e+02
  3.317543e+00,  1.208723e+02
  3.766811e+00,  1.182878e+02
  4.120331e+00,  1.167321e+02
  4.357445e+00,  1.163676e+02
  4.476553e+00,  1.173085e+02
  4.496674e+00,  1.196173e+02
  4.454136e+00,  1.232432e+02
  4.393254e+00,  1.279211e+02
  4.351951e+00,  1.331012e+02
  4.347927e+00,  1.380121e+02
  4.374257e+00,  1.418720e+02
  4.408311e+00,  1.441052e+02
  4.427874e+00,  1.444198e+02
  4.424473e+00,  1.427765e+02
  4.407956e+00,  1.393569e+02
  4.401243e+00,  1.345795e+02
  4.427757e+00,  1.291105e+02
  4.498054e+00,  1.237735e+02
  4.604180e+00,  1.193500e+02
  4.725488e+00,  1.163922e+02
  4.840760e+00,  1.151528e+02
  4.938269e+00,  1.156094e+02
  5.018699e+00,  1.175085e+02
  5.086784e+00,  1.203875e+02
  5.139500e+00,  1.236294e+02
  5.157668e+00,  1.265630e+02
  5.106844e+00,  1.285586e+02
  4.948283e+00,  1.290444e+02
  4.656020e+00,  1.274098e+02
  4.236365e+00,  1.228133e+02
  3.749984e+00,  1.139739e+02
  3.335510e+00,  9.942099e+01
  3.197861e+00,  7.956935e+01
  3.469971e+00,  5.925927e+01
  4.065122e+00,  4.346574e+01
  4.779403e+00,  3.271940e+01
  5.437990e+00,  2.551016e+01
  5.927481e+00,  2.047580e+01
  6.187704e+00,  1.672291e+01
  6.203052e+00,  1.366350e+01
  5.995759e+00,  1.085171e+01
  5.618792e+00,  7.873676e+00
  5.147740e+00,  4.285990e+00
  4.672150e+00,  3.596308e+02
  4.285641e+00,  3.536068e+02
  4.071075e+00,  3.464287e+02
  4.078648e+00,  3.390591e+02
  4.309212e+00,  3.327538e+02
  4.716925e+00,  3.282509e+02
  5.228933e+00,  3.255194e+02
  5.761519e+00,  3.241118e+02
  6.227788e+00,  3.235326e+02
  6.543302e+00,  3.233915e+02
  6.633312e+00,  3.234159e+02
  6.441038e+00,  3.234106e+02
  5.935127e+00,  3.232039e+02
  5.114814e+00,  3.225685e+02
  4.012251e+00,  3.210444e+02
  2.693788e+00,  3.172475e+02
  1.281064e+00,  3.036205e+02
  6.574909e-01,  2.051507e+02
  1.901097e+00,  1.649666e+02
  3.159193e+00,  1.573399e+02
  4.186377e+00,  1.534885e+02
  4.908390e+00,  1.502493e+02
  5.296536e+00,  1.465717e+02
  5.366708e+00,  1.417110e+02
  5.185417e+00,  1.348552e+02
  4.876764e+00,  1.250979e+02
  4.619967e+00,  1.119113e+02
  4.603603e+00,  9.630258e+01
  4.917481e+00,  8.115475e+01
  5.488386e+00,  6.901503e+01
  6.148615e+00,  6.040003e+01
  6.731728e+00,  5.458161e+01
  7.110183e+00,  5.063092e+01
  7.198477e+00,  4.776077e+01
  6.949937e+00,  4.530413e+01
  6.355562e+00,  4.257153e+01
  5.447031e+00,  3.858432e+01
  4.309631e+00,  3.143874e+01
  3.132406e+00,  1.656717e+01
  2.377569e+00,  3.453647e+02
  2.697966e+00,  3.072370e+02
  3.798491e+00,  2.860401e+02
  5.042791e+00,  2.766853e+02
  6.135437e+00,  2.724579e+02
  6.941888e+00,  2.706398e+02
  7.398368e+00,  2.700996e+02
  7.489682e+00,  2.702833e+02
  7.241685e+00,  2.708452e+02
  6.714607e+00,  2.714706e+02
  5.994356e+00,  2.717420e+02
  5.183223e+00,  2.709883e+02
  4.394532e+00,  2.681324e+02
  3.756210e+00,  2.617718e+02
  3.414115e+00,  2.512573e+02
  3.487350e+00,  2.388245e+02
  3.970220e+00,  2.285823e+02
  4.736436e+00,  2.222174e+02
  5.630598e+00,  2.188667e+02
  6.508221e+00,  2.172057e+02
  7.236645e+00,  2.162534e+02
  7.697103e+00,  2.153576e+02
  7.794570e+00,  2.140190e+02
  7.471791e+00,  2.117023e+02
  6.725974e+00,  2.075767e+02
  5.634299e+00,  1.999924e+02
  4.416361e+00,  1.853339e+02
  3.591251e+00,  1.579375e+02
  3.889727e+00,  1.236897e+02
  5.205452e+00,  1.006016e+02
  6.850491e+00,  8.829018e+01
  8.392142e+00,  8.126582e+01
  9.604851e+00,  7.666014e+01
  1.036731e+01,  7.309339e+01
  1.063064e+01,  6.975964e+01
  1.041019e+01,  6.602388e+01
  9.783922e+00,  6.121396e+01
  8.894515e+00,  5.449394e+01
  7.954078e+00,  4.488639e+01
  7.236725e+00,  3.179240e+01
  7.005904e+00,  1.628611e+01
  7.349196e+00,  1.464403e+00
  8.107127e+00,  3.499289e+02
  9.012264e+00,  3.420539e+02
  9.830428e+00,  3.369794e+02
  1.039707e+01,  3.337109e+02
  1.060828e+01,  3.314425e+02
  1.040984e+01,  3.295302e+02
  9.793331e+00,  3.273839e+02
  8.798084e+00,  3.243238e+02
  7.518627e+00,  3.193609e+02
  6.121631e+00,  3.108366e+02
  4.880180e+00,  2.961697e+02
  4.182652e+00,  2.739665e+02
  4.274040e+00,  2.503058e+02
  4.884272e+00,  2.336257e+02
  5.546595e+00,  2.244353e+02
  5.958645e+00,  2.202557e+02
  5.982969e+00,  2.194765e+02
  5.593087e+00,  2.215755e+02
  4.849300e+00,  2.269964e+02
  3.898332e+00,  2.374917e+02
  3.004050e+00,  2.567849e+02
  2.573048e+00,  2.871926e+02
  2.825951e+00,  3.177182e+02
  3.415232e+00,  3.379940e+02
  3.934546e+00,  3.508122e+02
  4.185931e+00,  1.800269e-01
  4.110728e+00,  8.438909e+00
  3.738602e+00,  1.717313e+01
  3.166032e+00,  2.793685e+01
  2.541508e+00,  4.256950e+01
  2.034193e+00,  6.228149e+01
  1.736832e+00,  8.429490e+01
  1.545578e+00,  1.017034e+02
  1.247489e+00,  1.092327e+02
  7.531552e-01,  9.494496e+01
  7.717224e-01,  2.002163e+01
  1.920381e+00,  3.526351e+02
  3.451379e+00,  3.474688e+02
  5.122853e+00,  3.462526e+02
  6.760062e+00,  3.460172e+02
  8.195303e+00,  3.459613e+02
  9.279292e+00,  3.457632e+02
  9.897916e+00,  3.452154e+02
  9.986806e+00,  3.440931e+02
  9.541889e+00,  3.420593e+02
  8.626681e+00,  3.385313e+02
  7.380922e+00,  3.324405e+02
  6.040898e+00,  3.218753e+02
  4.975467e+00,  3.043579e+02
  4.624847e+00,  2.808732e+02
  5.091975e+00,  2.597976e+02
  5.978096e+00,  2.464608e+02
  6.858341e+00,  2.393690e+02
  7.490483e+00,  2.361004e+02
  7.763689e+00,  2.351166e+02
  7.643018e+00,  2.355139e+02
  7.138705e+00,  2.366878e+02
  6.288574e+00,  2.381127e+02
  5.148332e+00,  2.391270e+02
  3.789915e+00,  2.384396e+02
  2.320103e+00,  2.318938e+02
  1.081398e+00,  1.954547e+02
  1.532152e+00,  1.231460e+02
  2.891277e+00,  1.061958e+02
  4.181232e+00,  1.025131e+02
  5.210057e+00,  1.018545e+02
  5.877172e+00,  1.019862e+02
  6.118591e+00,  1.020435e+02
  5.908685e+00,  1.014175e+02
  5.269143e+00,  9.930603e+01
  4.283724e+00,  9.408477e+01
  3.141073e+00,  8.161728e+01
  2.293940e+00,  5.260161e+01
  2.491724e+00,  1.262852e+01
  3.536981e+00,  3.501987e+02
  4.709241e+00,  3.412701e+02
  5.669367e+00,  3.381720e+02
  6.272680e+00,  3.380077e+02
  6.463596e+00,  3.397649e+02
  6.249929e+00,  3.431802e+02
  5.693007e+00,  3.484125e+02
  4.898923e+00,  3.559971e+02
  4.008122e+00,  6.904334e+00
  3.180817e+00,  2.244917e+01
  2.563826e+00,  4.329105e+01
  2.212174e+00,  6.725426e+01
  2.024100e+00,  9.016344e+01
  1.831121e+00,  1.107642e+02
  1.542049e+00,  1.320383e+02
  1.210370e+00,  1.608192e+02
  1.087446e+00,  2.034115e+02
  1.389788e+00,  2.425398e+02
  1.901277e+00,  2.658567e+02
  2.366781e+00,  2.805659e+02
  2.647856e+00,  2.919694e+02
  2.678576e+00,  3.029116e+02
  2.457821e+00,  3.159196e+02
  2.075485e+00,  3.349084e+02
  1.788723e+00,  5.382671e+00
  1.995622e+00,  4.209852e+01
  2.719143e+00,  6.801113e+01
  3.637701e+00,  8.281817e+01
  4.506186e+00,  9.167247e+01
  5.173998e+00,  9.728462e+01
  5.547046e+00,  1.007739e+02
  5.578019e+00,  1.024687e+02
  5.267716e+00,  1.021448e+02
  4.672347e+00,  9.891174e+01
  3.924254e+00,  9.079112e+01
  3.281735e+00,  7.463762e+01
  3.139952e+00,  5.066676e+01
  3.696712e+00,  2.907295e+01
  4.692642e+00,  1.642529e+01
  5.802144e+00,  1.045622e+01
  6.824888e+00,  8.229016e+00
  7.645937e+00,  8.050389e+00
  8.197587e+00,  8.990393e+00
  8.442211e+00,  1.047783e+01
  8.364687e+00,  1.209429e+01
  7.969522e+00,  1.346109e+01
  7.281196e+00,  1.414782e+01
  6.347323e+00,  1.354437e+01
  5.246316e+00,  1.060514e+01
  4.106166e+00,  3.307581e+00
  3.144229e+00,  3.480595e+02
  2.697244e+00,  3.229527e+02
  2.941869e+00,  2.978902e+02
  3.568920e+00,  2.824736e+02
  4.206180e+00,  2.746017e+02
  4.653252e+00,  2.706655e+02
  4.819008e+00,  2.685790e+02
  4.672764e+00,  2.671161e+02
  4.226818e+00,  2.652683e+02
  3.533138e+00,  2.616649e+02
  2.695608e+00,  2.534817e+02
  1.932567e+00,  2.340200e+02
  1.707085e+00,  1.980780e+02
  2.251413e+00,  1.691705e+02
  3.108937e+00,  1.571156e+02
  3.944771e+00,  1.534913e+02
  4.620881e+00,  1.538780e+02
  5.077181e+00,  1.566270e+02
  5.296801e+00,  1.611470e+02
  5.297619e+00,  1.673011e+02
  5.128622e+00,  1.751639e+02
  4.863908e+00,  1.848423e+02
  4.589005e+00,  1.962290e+02
  4.376378e+00,  2.087105e+02
  4.255880e+00,  2.210838e+02
  4.198026e+00,  2.320007e+02
  4.134366e+00,  2.405351e+02
  3.996608e+00,  2.462750e+02
  3.746491e+00,  2.490242e+02
  3.389208e+00,  2.484847e+02
  2.975635e+00,  2.441232e+02
  2.594361e+00,  2.354788e+02
  2.339698e+00,  2.233466e+02
  2.243784e+00,  2.109193e+02
  2.234534e+00,  2.020687e+02
  2.194716e+00,  1.989271e+02
  2.053315e+00,  2.028119e+02
  1.853332e+00,  2.162480e+02
  1.819699e+00,  2.410330e+02
  2.246292e+00,  2.680073e+02
  3.121136e+00,  2.861140e+02
  4.230564e+00,  2.964704e+02
  5.391633e+00,  3.025909e+02
  6.468781e+00,  3.064571e+02
  7.359337e+00,  3.090257e+02
  7.990371e+00,  3.107654e+02
  8.320064e+00,  3.119101e+02
  8.338952e+00,  3.125728e+02
  8.069665e+00,  3.128003e+02
  7.564833e+00,  3.126024e+02
  6.899349e+00,  3.119709e+02
  6.160733e+00,  3.109072e+02
  5.437977e+00,  3.094736e+02
  4.809724e+00,  3.078744e+02
  4.333899e+00,  3.065275e+02
  4.041886e+00,  3.060180e+02
  3.939601e+00,  3.068490e+02
  4.013262e+00,  3.091433e+02
  4.234177e+00,  3.125998e+02
  4.561200e+00,  3.167427e+02
  4.944677e+00,  3.211860e+02
  5.333725e+00,  3.257256e+02
  5.684581e+00,  3.302933e+02
  5.966939e+00,  3.348736e+02
  6.166357e+00,  3.394303e+02
  6.282103e+00,  3.438543e+02
  6.321204e+00,  3.479337e+02
  6.291214e+00,  3.513514e+02
  6.195433e+00,  3.537124e+02
  6.033717e+00,  3.545878e+02
  5.809109e+00,  3.535587e+02
  5.536937e+00,  3.502593e+02
  5.250566e+00,  3.444523e+02
  4.997334e+00,  3.361768e+02
  4.820274e+00,  3.259254e+02
  4.730343e+00,  3.146145e+02
  4.690384e+00,  3.031989e+02
  4.627107e+00,  2.922007e+02
  4.462288e+00,  2.815310e+02
  4.143202e+00,  2.705429e+02
  3.664741e+00,  2.580083e+02
  3.089792e+00,  2.418485e+02
  2.577599e+00,  2.191148e+02
  2.378868e+00,  1.893692e+02
  2.623995e+00,  1.605662e+02
  3.124218e+00,  1.395659e+02
  3.607831e+00,  1.251586e+02
  3.892526e+00,  1.145443e+02
  3.878812e+00,  1.058770e+02
  3.527414e+00,  9.798918e+01
  2.847866e+00,  8.982905e+01
  1.893077e+00,  7.932769e+01
  7.864557e-01,  5.384090e+01
  7.574362e-01,  2.932044e+02
  1.995029e+00,  2.651604e+02
  3.233977e+00,  2.533536e+02
  4.358070e+00,  2.436536e+02
  5.329336e+00,  2.341519e+02
  6.146139e+00,  2.243467e+02
  6.831254e+00,  2.141709e+02
  7.414883e+00,  2.037945e+02
  7.915404e+00,  1.935211e+02
  8.325848e+00,  1.836779e+02
  8.612389e+00,  1.745200e+02
  8.724584e+00,  1.661839e+02
  8.611496e+00,  1.586960e+02
  8.237041e+00,  1.520075e+02
  7.590479e+00,  1.460333e+02
  6.690725e+00,  1.406807e+02
  5.584876e+00,  1.358699e+02
  4.342169e+00,  1.315541e+02
  3.044912e+00,  1.277644e+02
  1.778074e+00,  1.248110e+02
  6.202184e-01,  1.254773e+02
  3.847867e-01,  2.844895e+02
  1.171073e+00,  2.884816e+02
  1.748164e+00,  2.865873e+02
  2.128159e+00,  2.842470e+02
  2.346649e+00,  2.820987e+02
  2.445454e+00,  2.804780e+02
  2.377236e+00,  2.795497e+02
  1.186733e+00,  2.744725e+02
##END=
