##TITLE= E:\桌面\nmr\ogm\sjd\matlabcod\1_unitary\2_11_xjhsjd
##JCAMP-DX= 5.00 Bruker JCAMP library
##DATA TYPE= Shape Data
##ORIGIN= Colm's GRAPE Pulses 
##OWNER= Dawei.Lu
##DATE= 02-Aug-2025
##TIME= 13:22
##MINX= 1.386969e+00
##MAXX= 2.179230e+01
##MINY= 3.875294e-01
##MAXY= 3.592651e+02
##$SHAPE_EXMODE= None
##$SHAPE_TOTROT= 9.000000e+01
##$SHAPE_BWFAC= 1.000000e+00
##$SHAPE_INTEGFAC= 1.000000e+00
##$SHAPE_MODE= 1
##PULSE_WIDTH= 2000
##Calibration_Power= 12500
##NPOINTS= 200
##XYPOINTS= (XY..XY)
  5.190846e+00,  3.338929e+02
  5.423689e+00,  2.977317e+02
  7.601489e+00,  2.493372e+02
  9.068719e+00,  2.160691e+02
  8.324138e+00,  1.946871e+02
  5.072254e+00,  1.727166e+02
  1.586598e+00,  1.090583e+02
  2.462252e+00,  6.058517e+00
  2.568830e+00,  3.117476e+02
  4.200705e+00,  2.285734e+02
  9.044254e+00,  1.923478e+02
  1.326659e+01,  1.717799e+02
  1.471081e+01,  1.520179e+02
  1.333177e+01,  1.266460e+02
  1.126307e+01,  9.108146e+01
  1.042075e+01,  5.163011e+01
  9.210912e+00,  1.871882e+01
  5.674927e+00,  3.430897e+02
  3.585409e+00,  2.422636e+02
  8.879429e+00,  1.845691e+02
  1.316443e+01,  1.595160e+02
  1.438103e+01,  1.350295e+02
  1.360169e+01,  1.038570e+02
  1.326695e+01,  6.700839e+01
  1.357861e+01,  3.429997e+01
  1.232185e+01,  7.804184e+00
  8.595353e+00,  3.391632e+02
  4.816330e+00,  2.817288e+02
  6.392042e+00,  2.093069e+02
  8.911672e+00,  1.778093e+02
  9.026916e+00,  1.557758e+02
  7.362365e+00,  1.315351e+02
  5.771784e+00,  1.033466e+02
  5.129869e+00,  8.662399e+01
  5.583456e+00,  9.525071e+01
  8.180032e+00,  1.075759e+02
  1.176854e+01,  1.061966e+02
  1.427564e+01,  9.453964e+01
  1.493879e+01,  7.424261e+01
  1.468119e+01,  4.564130e+01
  1.467866e+01,  1.300502e+01
  1.426407e+01,  3.414779e+02
  1.205448e+01,  3.080158e+02
  9.145158e+00,  2.584863e+02
  1.053586e+01,  1.943022e+02
  1.552590e+01,  1.523332e+02
  1.944941e+01,  1.226809e+02
  2.100567e+01,  9.441151e+01
  2.115653e+01,  6.437207e+01
  2.098423e+01,  3.444131e+01
  2.000410e+01,  7.673052e+00
  1.710392e+01,  3.438577e+02
  1.232872e+01,  3.191850e+02
  7.331832e+00,  2.843695e+02
  4.888814e+00,  2.265137e+02
  5.103964e+00,  1.761291e+02
  4.938467e+00,  1.434192e+02
  4.228599e+00,  1.122450e+02
  4.063283e+00,  8.392269e+01
  4.654901e+00,  7.243537e+01
  5.916506e+00,  7.399539e+01
  7.667876e+00,  7.480608e+01
  9.051514e+00,  6.871244e+01
  9.362222e+00,  5.442976e+01
  8.861380e+00,  3.090126e+01
  8.470598e+00,  3.875294e-01
  8.219334e+00,  3.302009e+02
  6.996914e+00,  3.016959e+02
  4.509762e+00,  2.611726e+02
  4.107503e+00,  1.793243e+02
  7.578372e+00,  1.301240e+02
  1.058891e+01,  1.028279e+02
  1.189743e+01,  7.671908e+01
  1.222594e+01,  4.638181e+01
  1.284949e+01,  1.400817e+01
  1.363521e+01,  3.452862e+02
  1.331019e+01,  3.203449e+02
  1.140005e+01,  2.939111e+02
  9.192852e+00,  2.579436e+02
  9.073946e+00,  2.139334e+02
  1.085751e+01,  1.801401e+02
  1.232738e+01,  1.567223e+02
  1.268353e+01,  1.357206e+02
  1.257274e+01,  1.125914e+02
  1.303733e+01,  8.833761e+01
  1.411245e+01,  6.778049e+01
  1.472628e+01,  5.267734e+01
  1.392478e+01,  4.140960e+01
  1.160533e+01,  3.190286e+01
  8.499004e+00,  2.250795e+01
  5.715535e+00,  1.260464e+01
  4.106320e+00,  5.655465e+00
  3.889151e+00,  7.837223e+00
  4.681524e+00,  1.347365e+01
  5.475013e+00,  1.633263e+01
  5.220407e+00,  1.831864e+01
  3.578493e+00,  2.645168e+01
  1.927911e+00,  7.660712e+01
  3.557930e+00,  1.261115e+02
  5.463069e+00,  1.238007e+02
  6.482932e+00,  1.044797e+02
  7.426599e+00,  7.651579e+01
  8.713453e+00,  5.112211e+01
  9.217112e+00,  3.372554e+01
  7.780785e+00,  2.412782e+01
  4.625736e+00,  2.905525e+01
  3.152636e+00,  8.565060e+01
  6.008912e+00,  1.088849e+02
  8.685809e+00,  9.497470e+01
  1.108356e+01,  6.889760e+01
  1.421444e+01,  4.134352e+01
  1.745395e+01,  1.842974e+01
  1.907956e+01,  3.592651e+02
  1.809665e+01,  3.407458e+02
  1.504043e+01,  3.197202e+02
  1.157265e+01,  2.943353e+02
  8.893574e+00,  2.689204e+02
  6.554186e+00,  2.558382e+02
  4.706677e+00,  2.724532e+02
  5.823140e+00,  3.037883e+02
  7.997621e+00,  3.083319e+02
  8.329300e+00,  2.971449e+02
  6.557196e+00,  2.713057e+02
  4.847945e+00,  2.188504e+02
  5.565992e+00,  1.574709e+02
  6.942094e+00,  1.079803e+02
  9.137098e+00,  5.831523e+01
  1.363878e+01,  1.812381e+01
  1.877595e+01,  3.501231e+02
  2.179230e+01,  3.275198e+02
  2.123048e+01,  3.049622e+02
  1.771416e+01,  2.779342e+02
  1.351832e+01,  2.421071e+02
  1.058047e+01,  1.974328e+02
  8.674936e+00,  1.466282e+02
  8.436758e+00,  8.512275e+01
  1.190925e+01,  3.272717e+01
  1.652328e+01,  7.940000e-01
  1.904584e+01,  3.382616e+02
  1.826710e+01,  3.183551e+02
  1.492471e+01,  2.971885e+02
  1.089855e+01,  2.723625e+02
  7.638758e+00,  2.463537e+02
  5.015367e+00,  2.303506e+02
  2.953027e+00,  2.453817e+02
  3.163052e+00,  2.847777e+02
  3.693295e+00,  2.924795e+02
  2.207788e+00,  2.827831e+02
  1.386969e+00,  1.206887e+02
  5.522380e+00,  9.470005e+01
  8.850883e+00,  7.521147e+01
  1.075005e+01,  5.005348e+01
  1.210742e+01,  1.855922e+01
  1.386078e+01,  3.465050e+02
  1.508478e+01,  3.184382e+02
  1.419364e+01,  2.916475e+02
  1.115416e+01,  2.580452e+02
  8.786634e+00,  2.052437e+02
  1.034187e+01,  1.487517e+02
  1.308415e+01,  1.085870e+02
  1.478637e+01,  7.285593e+01
  1.638628e+01,  3.608060e+01
  1.885011e+01,  2.475861e+00
  2.095317e+01,  3.353077e+02
  2.101400e+01,  3.124401e+02
  1.884444e+01,  2.903019e+02
  1.580869e+01,  2.662118e+02
  1.352138e+01,  2.411840e+02
  1.223668e+01,  2.209875e+02
  1.111975e+01,  2.090683e+02
  9.663511e+00,  2.028843e+02
  7.786949e+00,  1.961256e+02
  5.669283e+00,  1.791628e+02
  4.423038e+00,  1.404505e+02
  5.081751e+00,  9.838825e+01
  5.806687e+00,  7.012770e+01
  5.346003e+00,  3.998739e+01
  5.068979e+00,  3.529421e+02
  6.992496e+00,  3.110493e+02
  9.299612e+00,  2.898359e+02
  9.956826e+00,  2.785325e+02
  8.552397e+00,  2.719110e+02
  5.994327e+00,  2.689373e+02
  3.861347e+00,  2.706466e+02
  3.470779e+00,  2.725211e+02
  5.108422e+00,  2.663702e+02
  8.057130e+00,  2.591319e+02
  1.087769e+01,  2.534443e+02
  1.214929e+01,  2.482949e+02
  1.125498e+01,  2.421555e+02
  8.771329e+00,  2.322450e+02
  6.338218e+00,  2.134548e+02
  5.723686e+00,  1.889413e+02
  6.802255e+00,  1.771963e+02
  8.326495e+00,  1.759875e+02
  9.133317e+00,  1.746835e+02
  8.167494e+00,  1.661931e+02
  5.817624e+00,  1.374125e+02
  5.896703e+00,  8.019703e+01
  6.025359e+00,  5.169838e+01
##END=
