##TITLE= E:\桌面\nmr\ogm\sjd\matlabcod\1_unitary\2_12_xjhsjd
##JCAMP-DX= 5.00 Bruker JCAMP library
##DATA TYPE= Shape Data
##ORIGIN= Colm's GRAPE Pulses 
##OWNER= Dawei.Lu
##DATE= 02-Aug-2025
##TIME= 13:22
##MINX= 9.881757e-01
##MAXX= 1.893466e+01
##MINY= 7.837381e-01
##MAXY= 3.585618e+02
##$SHAPE_EXMODE= None
##$SHAPE_TOTROT= 9.000000e+01
##$SHAPE_BWFAC= 1.000000e+00
##$SHAPE_INTEGFAC= 1.000000e+00
##$SHAPE_MODE= 1
##PULSE_WIDTH= 2000
##Calibration_Power= 12500
##NPOINTS= 200
##XYPOINTS= (XY..XY)
  4.718291e+00,  3.561130e+02
  2.920765e+00,  3.585618e+02
  1.187780e+00,  3.293386e+02
  2.911862e+00,  3.018425e+02
  5.648276e+00,  3.101137e+02
  8.683678e+00,  3.138772e+02
  1.083800e+01,  3.089080e+02
  1.139513e+01,  2.931415e+02
  1.151077e+01,  2.642685e+02
  1.335266e+01,  2.306571e+02
  1.609563e+01,  2.048213e+02
  1.695396e+01,  1.853706e+02
  1.461799e+01,  1.665119e+02
  1.011463e+01,  1.405532e+02
  6.596497e+00,  9.434730e+01
  6.370258e+00,  4.247984e+01
  6.107206e+00,  9.818284e+00
  3.976034e+00,  3.370101e+02
  2.479844e+00,  2.587428e+02
  4.208589e+00,  2.021728e+02
  4.719094e+00,  1.791781e+02
  2.909008e+00,  1.536361e+02
  1.733109e+00,  4.467949e+01
  4.816882e+00,  3.576535e+02
  6.859699e+00,  3.408734e+02
  6.984923e+00,  3.252290e+02
  5.882467e+00,  3.046543e+02
  5.013598e+00,  2.781756e+02
  5.143218e+00,  2.585321e+02
  5.957153e+00,  2.537477e+02
  7.278400e+00,  2.541696e+02
  8.600604e+00,  2.490585e+02
  9.243493e+00,  2.336952e+02
  9.527468e+00,  2.060787e+02
  1.076191e+01,  1.709736e+02
  1.302035e+01,  1.384960e+02
  1.484100e+01,  1.094393e+02
  1.546467e+01,  7.895343e+01
  1.571180e+01,  4.412777e+01
  1.669691e+01,  7.962081e+00
  1.783237e+01,  3.349857e+02
  1.765665e+01,  3.041002e+02
  1.595479e+01,  2.706083e+02
  1.423664e+01,  2.308759e+02
  1.393686e+01,  1.887553e+02
  1.424218e+01,  1.507533e+02
  1.385119e+01,  1.151372e+02
  1.308309e+01,  7.765260e+01
  1.297146e+01,  3.966731e+01
  1.320455e+01,  6.522200e+00
  1.255677e+01,  3.384400e+02
  1.070406e+01,  3.113337e+02
  8.551112e+00,  2.811355e+02
  7.183633e+00,  2.495524e+02
  6.491741e+00,  2.259738e+02
  5.807060e+00,  2.151622e+02
  5.196357e+00,  2.134852e+02
  4.898471e+00,  2.100352e+02
  4.789054e+00,  1.939302e+02
  5.072731e+00,  1.650939e+02
  5.787354e+00,  1.345757e+02
  5.976779e+00,  1.063938e+02
  4.963420e+00,  7.069403e+01
  4.448259e+00,  7.736522e+00
  7.225753e+00,  3.125106e+02
  1.085709e+01,  2.811805e+02
  1.320368e+01,  2.551261e+02
  1.398135e+01,  2.268881e+02
  1.412548e+01,  1.948186e+02
  1.426826e+01,  1.620529e+02
  1.365038e+01,  1.308063e+02
  1.153740e+01,  9.651428e+01
  9.495649e+00,  4.815315e+01
  1.111442e+01,  3.535817e+02
  1.513477e+01,  3.169247e+02
  1.810727e+01,  2.909642e+02
  1.893466e+01,  2.674114e+02
  1.831341e+01,  2.430791e+02
  1.736904e+01,  2.188676e+02
  1.627129e+01,  1.982775e+02
  1.437689e+01,  1.836085e+02
  1.145313e+01,  1.750335e+02
  8.107420e+00,  1.719949e+02
  5.252960e+00,  1.724628e+02
  3.386687e+00,  1.679344e+02
  2.652094e+00,  1.447171e+02
  3.063011e+00,  1.162059e+02
  3.593603e+00,  9.826208e+01
  3.346444e+00,  8.128338e+01
  2.546014e+00,  4.783282e+01
  3.013617e+00,  3.550536e+02
  4.920148e+00,  3.305245e+02
  6.754082e+00,  3.233525e+02
  7.934997e+00,  3.213717e+02
  8.370823e+00,  3.191678e+02
  8.205942e+00,  3.125727e+02
  7.900354e+00,  2.984619e+02
  8.168367e+00,  2.784549e+02
  9.125438e+00,  2.598677e+02
  9.903412e+00,  2.463171e+02
  9.586088e+00,  2.359799e+02
  7.917683e+00,  2.253953e+02
  5.446682e+00,  2.085429e+02
  3.557826e+00,  1.725744e+02
  3.666651e+00,  1.281599e+02
  4.408007e+00,  1.058145e+02
  4.423280e+00,  9.268267e+01
  3.701535e+00,  7.425058e+01
  3.268478e+00,  3.759017e+01
  4.367372e+00,  1.646786e+00
  6.054849e+00,  3.446877e+02
  7.063379e+00,  3.367387e+02
  6.922988e+00,  3.320633e+02
  5.912975e+00,  3.284349e+02
  4.872682e+00,  3.239337e+02
  4.779374e+00,  3.160164e+02
  6.239973e+00,  3.056382e+02
  9.081967e+00,  2.954830e+02
  1.237450e+01,  2.847545e+02
  1.493885e+01,  2.715166e+02
  1.609053e+01,  2.537518e+02
  1.621586e+01,  2.298960e+02
  1.643129e+01,  2.012010e+02
  1.701104e+01,  1.722580e+02
  1.681575e+01,  1.451181e+02
  1.495825e+01,  1.165507e+02
  1.233484e+01,  8.005424e+01
  1.141976e+01,  3.421689e+01
  1.265069e+01,  3.531542e+02
  1.353192e+01,  3.210146e+02
  1.281886e+01,  2.905870e+02
  1.134784e+01,  2.561935e+02
  1.043455e+01,  2.191028e+02
  9.783142e+00,  1.859691e+02
  8.178914e+00,  1.567406e+02
  5.605245e+00,  1.222033e+02
  3.961794e+00,  6.573831e+01
  4.680748e+00,  1.363775e+01
  5.311654e+00,  3.467919e+02
  4.735927e+00,  3.298822e+02
  3.522739e+00,  3.156858e+02
  2.717785e+00,  3.007988e+02
  3.029732e+00,  2.862499e+02
  4.377666e+00,  2.732944e+02
  6.004058e+00,  2.582408e+02
  7.073118e+00,  2.372280e+02
  7.571365e+00,  2.062657e+02
  8.726017e+00,  1.669999e+02
  1.121196e+01,  1.308794e+02
  1.381393e+01,  1.011111e+02
  1.527673e+01,  7.290361e+01
  1.556482e+01,  4.212060e+01
  1.555619e+01,  8.067431e+00
  1.559610e+01,  3.335044e+02
  1.493422e+01,  2.993231e+02
  1.331078e+01,  2.611968e+02
  1.242291e+01,  2.145476e+02
  1.407979e+01,  1.683308e+02
  1.672204e+01,  1.321255e+02
  1.813587e+01,  1.017367e+02
  1.797151e+01,  7.193776e+01
  1.714868e+01,  4.128818e+01
  1.617308e+01,  1.219935e+01
  1.441266e+01,  3.469708e+02
  1.127677e+01,  3.244210e+02
  7.286666e+00,  2.993376e+02
  4.114684e+00,  2.586582e+02
  3.501874e+00,  2.056401e+02
  3.823150e+00,  1.810652e+02
  3.762170e+00,  1.762134e+02
  3.778798e+00,  1.735763e+02
  4.312654e+00,  1.575051e+02
  5.933928e+00,  1.317615e+02
  8.598597e+00,  1.102196e+02
  1.101001e+01,  9.399038e+01
  1.175126e+01,  7.935683e+01
  1.026909e+01,  6.271821e+01
  7.303614e+00,  3.900755e+01
  4.597968e+00,  7.837381e-01
  3.026224e+00,  3.137093e+02
  9.881757e-01,  2.499239e+02
  3.397545e+00,  1.082910e+02
  8.012932e+00,  8.482463e+01
  1.137876e+01,  6.696924e+01
  1.211717e+01,  4.651662e+01
  1.075245e+01,  1.662790e+01
  1.012837e+01,  3.337426e+02
  1.178125e+01,  2.945888e+02
  1.305069e+01,  2.669946e+02
  1.203378e+01,  2.421356e+02
  9.661367e+00,  2.096675e+02
  8.872231e+00,  1.671961e+02
  1.005017e+01,  1.356164e+02
  1.041627e+01,  1.201657e+02
  8.890581e+00,  1.144087e+02
  6.215962e+00,  1.143778e+02
  3.593386e+00,  1.128031e+02
  2.128107e+00,  8.140652e+01
  3.258508e+00,  4.443735e+01
  5.326779e+00,  5.805541e+01
##END=
