##TITLE= E:\桌面\nmr\ogm\sjd\matlabcod\1\2_13_xjhsjd
##JCAMP-DX= 5.00 Bruker JCAMP library
##DATA TYPE= Shape Data
##ORIGIN= Colm's GRAPE Pulses 
##OWNER= Dawei.Lu
##DATE= 02-Aug-2025
##TIME= 11:32
##MINX= 2.191155e-01
##MAXX= 1.209891e+01
##MINY= 2.373380e+00
##MAXY= 3.597550e+02
##$SHAPE_EXMODE= None
##$SHAPE_TOTROT= 9.000000e+01
##$SHAPE_BWFAC= 1.000000e+00
##$SHAPE_INTEGFAC= 1.000000e+00
##$SHAPE_MODE= 1
##PULSE_WIDTH= 5000
##Calibration_Power= 12500
##NPOINTS= 1000
##XYPOINTS= (XY..XY)
  1.725265e+00,  5.634622e+01
  2.105546e+00,  3.903705e+01
  2.685645e+00,  1.652550e+01
  2.807029e+00,  3.531774e+02
  2.999354e+00,  3.320738e+02
  3.208066e+00,  3.134509e+02
  3.381759e+00,  2.961436e+02
  3.525328e+00,  2.790783e+02
  3.685885e+00,  2.618668e+02
  3.918002e+00,  2.449737e+02
  4.243898e+00,  2.293783e+02
  4.635005e+00,  2.158827e+02
  5.026061e+00,  2.047228e+02
  5.343058e+00,  1.956865e+02
  5.525232e+00,  1.883809e+02
  5.536666e+00,  1.823976e+02
  5.370233e+00,  1.773684e+02
  5.046513e+00,  1.729635e+02
  4.609211e+00,  1.688745e+02
  4.118067e+00,  1.648064e+02
  3.640165e+00,  1.605093e+02
  3.240181e+00,  1.558942e+02
  2.969903e+00,  1.512269e+02
  2.858725e+00,  1.472113e+02
  2.910016e+00,  1.446741e+02
  3.106496e+00,  1.440265e+02
  3.419108e+00,  1.450978e+02
  3.812839e+00,  1.474166e+02
  4.250216e+00,  1.505212e+02
  4.695253e+00,  1.540780e+02
  5.117682e+00,  1.578591e+02
  5.495701e+00,  1.616795e+02
  5.816164e+00,  1.653426e+02
  6.072527e+00,  1.686098e+02
  6.262176e+00,  1.711928e+02
  6.385347e+00,  1.727669e+02
  6.447276e+00,  1.729981e+02
  6.463416e+00,  1.715864e+02
  6.464936e+00,  1.683401e+02
  6.499033e+00,  1.632912e+02
  6.617795e+00,  1.568173e+02
  6.854833e+00,  1.496458e+02
  7.201267e+00,  1.426390e+02
  7.598611e+00,  1.364843e+02
  7.953298e+00,  1.315425e+02
  8.161519e+00,  1.279117e+02
  8.132398e+00,  1.255800e+02
  7.805287e+00,  1.245645e+02
  7.161728e+00,  1.250310e+02
  6.233949e+00,  1.274549e+02
  5.113702e+00,  1.329334e+02
  3.971725e+00,  1.437764e+02
  3.098434e+00,  1.635056e+02
  2.847039e+00,  1.906468e+02
  3.208798e+00,  2.129043e+02
  3.765050e+00,  2.250405e+02
  4.191153e+00,  2.300610e+02
  4.351986e+00,  2.304643e+02
  4.233049e+00,  2.271562e+02
  3.904125e+00,  2.200339e+02
  3.500337e+00,  2.085691e+02
  3.186011e+00,  1.929651e+02
  3.064124e+00,  1.757184e+02
  3.080198e+00,  1.606323e+02
  3.060986e+00,  1.496631e+02
  2.836091e+00,  1.427410e+02
  2.302034e+00,  1.396381e+02
  1.436361e+00,  1.426825e+02
  4.496400e-01,  1.920253e+02
  1.353538e+00,  2.840596e+02
  2.898995e+00,  2.930068e+02
  4.468519e+00,  2.957142e+02
  5.910641e+00,  2.972985e+02
  7.104671e+00,  2.987285e+02
  7.961553e+00,  3.003347e+02
  8.432295e+00,  3.022873e+02
  8.513197e+00,  3.047047e+02
  8.246488e+00,  3.076731e+02
  7.710563e+00,  3.112293e+02
  7.005415e+00,  3.153050e+02
  6.234269e+00,  3.196243e+02
  5.485176e+00,  3.235730e+02
  4.821039e+00,  3.261143e+02
  4.287941e+00,  3.258995e+02
  3.940705e+00,  3.217936e+02
  3.856050e+00,  3.139749e+02
  4.088733e+00,  3.046957e+02
  4.601129e+00,  2.967923e+02
  5.266666e+00,  2.915597e+02
  5.931971e+00,  2.888606e+02
  6.461490e+00,  2.881576e+02
  6.755563e+00,  2.890278e+02
  6.757819e+00,  2.912643e+02
  6.458091e+00,  2.948638e+02
  5.891085e+00,  3.000136e+02
  5.130212e+00,  3.071012e+02
  4.276144e+00,  3.167274e+02
  3.439100e+00,  3.296473e+02
  2.712362e+00,  3.464840e+02
  2.138073e+00,  7.243532e+00
  1.690026e+00,  3.162838e+01
  1.325580e+00,  6.152632e+01
  1.124952e+00,  1.023829e+02
  1.322761e+00,  1.469627e+02
  1.896224e+00,  1.768778e+02
  2.603772e+00,  1.946024e+02
  3.260998e+00,  2.062989e+02
  3.738237e+00,  2.150765e+02
  3.945067e+00,  2.225433e+02
  3.834478e+00,  2.298334e+02
  3.412490e+00,  2.382275e+02
  2.752665e+00,  2.499963e+02
  2.034465e+00,  2.701884e+02
  1.632541e+00,  3.055692e+02
  1.876370e+00,  3.421520e+02
  2.425568e+00,  2.482901e+00
  2.850853e+00,  1.210785e+01
  2.945208e+00,  1.592472e+01
  2.631646e+00,  1.478277e+01
  1.953824e+00,  4.828094e+00
  1.295527e+00,  3.276877e+02
  1.837411e+00,  2.722314e+02
  3.327368e+00,  2.521070e+02
  5.010513e+00,  2.454823e+02
  6.597164e+00,  2.429725e+02
  7.904907e+00,  2.421323e+02
  8.802319e+00,  2.421202e+02
  9.210801e+00,  2.425693e+02
  9.107428e+00,  2.432606e+02
  8.524456e+00,  2.439840e+02
  7.543520e+00,  2.444212e+02
  6.285947e+00,  2.439485e+02
  4.905992e+00,  2.411882e+02
  3.606695e+00,  2.329720e+02
  2.719849e+00,  2.136881e+02
  2.697569e+00,  1.861765e+02
  3.500435e+00,  1.684864e+02
  4.683467e+00,  1.624057e+02
  5.995419e+00,  1.619602e+02
  7.316106e+00,  1.636889e+02
  8.545609e+00,  1.659466e+02
  9.576169e+00,  1.679120e+02
  1.030039e+01,  1.691224e+02
  1.063235e+01,  1.692361e+02
  1.053154e+01,  1.678822e+02
  1.002604e+01,  1.645410e+02
  9.234395e+00,  1.584595e+02
  8.383322e+00,  1.487533e+02
  7.793297e+00,  1.351548e+02
  7.755363e+00,  1.194713e+02
  8.311136e+00,  1.053033e+02
  9.215555e+00,  9.500072e+01
  1.014202e+01,  8.864134e+01
  1.083727e+01,  8.541914e+01
  1.115500e+01,  8.459762e+01
  1.104454e+01,  8.571354e+01
  1.053179e+01,  8.853118e+01
  9.698267e+00,  9.296016e+01
  8.657255e+00,  9.897048e+01
  7.526918e+00,  1.064922e+02
  6.402741e+00,  1.152965e+02
  5.335818e+00,  1.248960e+02
  4.327278e+00,  1.345369e+02
  3.345602e+00,  1.432571e+02
  2.360301e+00,  1.496821e+02
  1.379833e+00,  1.500326e+02
  5.692723e-01,  1.191045e+02
  8.252990e-01,  4.541311e+01
  1.532542e+00,  3.622035e+01
  2.092621e+00,  4.112303e+01
  2.442064e+00,  5.162135e+01
  2.637842e+00,  6.728261e+01
  2.855995e+00,  8.801726e+01
  3.330951e+00,  1.106960e+02
  4.170468e+00,  1.303193e+02
  5.280645e+00,  1.449358e+02
  6.476553e+00,  1.554286e+02
  7.572166e+00,  1.631225e+02
  8.410890e+00,  1.689651e+02
  8.877092e+00,  1.735250e+02
  8.903343e+00,  1.771011e+02
  8.474437e+00,  1.797841e+02
  7.627507e+00,  1.814435e+02
  6.449171e+00,  1.816004e+02
  5.074545e+00,  1.790468e+02
  3.703987e+00,  1.708397e+02
  2.676896e+00,  1.510474e+02
  2.480306e+00,  1.204413e+02
  3.072901e+00,  9.917361e+01
  3.887241e+00,  9.126901e+01
  4.598932e+00,  9.048135e+01
  5.088699e+00,  9.329329e+01
  5.309642e+00,  9.813719e+01
  5.237901e+00,  1.042986e+02
  4.857540e+00,  1.115694e+02
  4.162674e+00,  1.203462e+02
  3.177123e+00,  1.324808e+02
  2.034037e+00,  1.555977e+02
  1.463718e+00,  2.142614e+02
  2.557830e+00,  2.642718e+02
  4.315138e+00,  2.823892e+02
  6.142852e+00,  2.910836e+02
  7.813134e+00,  2.961857e+02
  9.164597e+00,  2.992955e+02
  1.007466e+01,  3.009185e+02
  1.046880e+01,  3.011301e+02
  1.033520e+01,  2.997270e+02
  9.739825e+00,  2.962202e+02
  8.842389e+00,  2.897882e+02
  7.910461e+00,  2.794231e+02
  7.297544e+00,  2.648908e+02
  7.292818e+00,  2.485053e+02
  7.884469e+00,  2.343642e+02
  8.776713e+00,  2.246224e+02
  9.635907e+00,  2.189629e+02
  1.022806e+01,  2.163768e+02
  1.042974e+01,  2.160529e+02
  1.020592e+01,  2.174826e+02
  9.586532e+00,  2.203743e+02
  8.643988e+00,  2.245626e+02
  7.470910e+00,  2.299391e+02
  6.159180e+00,  2.363982e+02
  4.783015e+00,  2.438027e+02
  3.389666e+00,  2.519960e+02
  2.000619e+00,  2.610084e+02
  6.245711e-01,  2.738903e+02
  7.444033e-01,  8.882986e+01
  2.058348e+00,  9.974651e+01
  3.281634e+00,  1.070419e+02
  4.344018e+00,  1.131515e+02
  5.166698e+00,  1.183641e+02
  5.674711e+00,  1.227487e+02
  5.810883e+00,  1.262719e+02
  5.547928e+00,  1.287558e+02
  4.898041e+00,  1.297157e+02
  3.923116e+00,  1.278619e+02
  2.764599e+00,  1.192947e+02
  1.801285e+00,  9.159741e+01
  1.926824e+00,  4.413943e+01
  3.013488e+00,  2.112343e+01
  4.228546e+00,  1.442297e+01
  5.253398e+00,  1.354882e+01
  5.954476e+00,  1.533412e+01
  6.265045e+00,  1.877356e+01
  6.164330e+00,  2.363687e+01
  5.674299e+00,  3.017966e+01
  4.863417e+00,  3.929598e+01
  3.865544e+00,  5.319680e+01
  2.946750e+00,  7.668646e+01
  2.609027e+00,  1.129751e+02
  3.167454e+00,  1.466954e+02
  4.203519e+00,  1.669036e+02
  5.272138e+00,  1.784603e+02
  6.145683e+00,  1.854075e+02
  6.706955e+00,  1.893996e+02
  6.904115e+00,  1.909040e+02
  6.746897e+00,  1.896999e+02
  6.321769e+00,  1.849946e+02
  5.820483e+00,  1.755926e+02
  5.553918e+00,  1.610235e+02
  5.839436e+00,  1.439662e+02
  6.741220e+00,  1.293634e+02
  8.033045e+00,  1.194651e+02
  9.418452e+00,  1.135485e+02
  1.065716e+01,  1.102968e+02
  1.157937e+01,  1.087210e+02
  1.207727e+01,  1.081797e+02
  1.209891e+01,  1.082452e+02
  1.164376e+01,  1.085901e+02
  1.075732e+01,  1.088982e+02
  9.524276e+00,  1.087714e+02
  8.061738e+00,  1.075929e+02
  6.517005e+00,  1.042880e+02
  5.078027e+00,  9.695956e+01
  3.999936e+00,  8.306235e+01
  3.568032e+00,  6.319140e+01
  3.816855e+00,  4.550484e+01
  4.424789e+00,  3.572095e+01
  5.076487e+00,  3.247910e+01
  5.605411e+00,  3.329535e+01
  5.937658e+00,  3.660412e+01
  6.044282e+00,  4.156523e+01
  5.920857e+00,  4.776599e+01
  5.580694e+00,  5.507303e+01
  5.053704e+00,  6.358759e+01
  4.387103e+00,  7.367580e+01
  3.646585e+00,  8.607600e+01
  2.918300e+00,  1.020622e+02
  2.310361e+00,  1.233306e+02
  1.934387e+00,  1.502597e+02
  1.822549e+00,  1.786608e+02
  1.858238e+00,  2.028750e+02
  1.874330e+00,  2.218511e+02
  1.756596e+00,  2.374254e+02
  1.450160e+00,  2.519867e+02
  9.468804e-01,  2.701916e+02
  3.882028e-01,  3.263608e+02
  8.781033e-01,  5.965953e+01
  1.920667e+00,  8.031051e+01
  3.102179e+00,  9.083755e+01
  4.339671e+00,  9.840237e+01
  5.558968e+00,  1.043863e+02
  6.681569e+00,  1.092001e+02
  7.628217e+00,  1.129621e+02
  8.326437e+00,  1.156552e+02
  8.720653e+00,  1.171616e+02
  8.784092e+00,  1.172503e+02
  8.531937e+00,  1.155415e+02
  8.035461e+00,  1.114691e+02
  7.435261e+00,  1.043396e+02
  6.941074e+00,  9.373924e+01
  6.780048e+00,  8.049266e+01
  7.068078e+00,  6.711737e+01
  7.716968e+00,  5.616992e+01
  8.507004e+00,  4.853555e+01
  9.215643e+00,  4.383145e+01
  9.679399e+00,  4.137574e+01
  9.803484e+00,  4.061273e+01
  9.555305e+00,  4.117467e+01
  8.954216e+00,  4.284021e+01
  8.059013e+00,  4.548140e+01
  6.953126e+00,  4.901445e+01
  5.728395e+00,  5.334598e+01
  4.469419e+00,  5.829662e+01
  3.241395e+00,  6.345555e+01
  2.085181e+00,  6.774769e+01
  1.027328e+00,  6.679414e+01
  2.875299e-01,  3.597550e+02
  9.386519e-01,  2.947700e+02
  1.690725e+00,  2.924654e+02
  2.301736e+00,  2.943506e+02
  2.714721e+00,  2.961751e+02
  2.883445e+00,  2.966425e+02
  2.784560e+00,  2.945458e+02
  2.445737e+00,  2.876303e+02
  2.010749e+00,  2.709903e+02
  1.867625e+00,  2.400888e+02
  2.413602e+00,  2.099963e+02
  3.445430e+00,  1.938214e+02
  4.611094e+00,  1.863669e+02
  5.690374e+00,  1.830673e+02
  6.539122e+00,  1.819500e+02
  7.061474e+00,  1.821976e+02
  7.206742e+00,  1.835013e+02
  6.971216e+00,  1.858317e+02
  6.398353e+00,  1.893791e+02
  5.575620e+00,  1.945813e+02
  4.627998e+00,  2.021998e+02
  3.707390e+00,  2.133168e+02
  2.968747e+00,  2.287292e+02
  2.506249e+00,  2.470323e+02
  2.265963e+00,  2.637464e+02
  2.078091e+00,  2.748852e+02
  1.801249e+00,  2.787343e+02
  1.412981e+00,  2.725363e+02
  1.078406e+00,  2.481963e+02
  1.188577e+00,  2.097057e+02
  1.745632e+00,  1.869765e+02
  2.399031e+00,  1.776203e+02
  2.947170e+00,  1.736288e+02
  3.285406e+00,  1.718604e+02
  3.359979e+00,  1.710363e+02
  3.158012e+00,  1.704261e+02
  2.703827e+00,  1.692533e+02
  2.056663e+00,  1.659220e+02
  1.322561e+00,  1.552368e+02
  7.869010e-01,  1.171360e+02
  1.060875e+00,  6.520690e+01
  1.762804e+00,  5.002215e+01
  2.477754e+00,  4.843275e+01
  3.121993e+00,  5.151701e+01
  3.680222e+00,  5.671610e+01
  4.151441e+00,  6.288615e+01
  4.529573e+00,  6.931306e+01
  4.795033e+00,  7.550470e+01
  4.915919e+00,  8.114868e+01
  4.857595e+00,  8.608107e+01
  4.597179e+00,  9.022500e+01
  4.130168e+00,  9.352935e+01
  3.475813e+00,  9.589640e+01
  2.679097e+00,  9.703243e+01
  1.808897e+00,  9.595327e+01
  9.589003e-01,  8.825714e+01
  3.536099e-01,  3.773580e+01
  6.321039e-01,  3.255078e+02
  1.012910e+00,  3.150945e+02
  1.186497e+00,  3.154956e+02
  1.150527e+00,  3.215632e+02
  9.807669e-01,  3.356661e+02
  8.507937e-01,  2.373380e+00
  9.582176e-01,  3.253456e+01
  1.237857e+00,  4.920345e+01
  1.496160e+00,  5.340692e+01
  1.633608e+00,  4.832633e+01
  1.683852e+00,  3.348926e+01
  1.862161e+00,  9.104626e+00
  2.455691e+00,  3.439433e+02
  3.509822e+00,  3.262555e+02
  4.870270e+00,  3.151044e+02
  6.357323e+00,  3.076413e+02
  7.803328e+00,  3.020856e+02
  9.057311e+00,  2.974648e+02
  9.996049e+00,  2.931981e+02
  1.053290e+01,  2.888880e+02
  1.062675e+01,  2.842022e+02
  1.028810e+01,  2.788003e+02
  9.580501e+00,  2.722809e+02
  8.616769e+00,  2.641445e+02
  7.549376e+00,  2.538151e+02
  6.550171e+00,  2.408370e+02
  5.768395e+00,  2.253890e+02
  5.264399e+00,  2.088040e+02
  4.967098e+00,  1.930800e+02
  4.720632e+00,  1.795160e+02
  4.380024e+00,  1.681868e+02
  3.867830e+00,  1.584014e+02
  3.180651e+00,  1.490764e+02
  2.375744e+00,  1.385078e+02
  1.561575e+00,  1.229274e+02
  9.273051e-01,  9.184314e+01
  7.847920e-01,  4.021198e+01
  9.907542e-01,  7.326613e+00
  1.101844e+00,  3.518939e+02
  9.707198e-01,  3.418038e+02
  5.879202e-01,  3.284370e+02
  2.245590e-01,  2.355035e+02
  9.018428e-01,  1.781426e+02
  1.776236e+00,  1.706242e+02
  2.667193e+00,  1.681970e+02
  3.494337e+00,  1.675699e+02
  4.196949e+00,  1.679643e+02
  4.735190e+00,  1.690719e+02
  5.090670e+00,  1.707050e+02
  5.263746e+00,  1.726935e+02
  5.268153e+00,  1.748421e+02
  5.124665e+00,  1.769145e+02
  4.855893e+00,  1.786364e+02
  4.483847e+00,  1.797160e+02
  4.030390e+00,  1.798776e+02
  3.518967e+00,  1.789159e+02
  2.974863e+00,  1.767960e+02
  2.421670e+00,  1.738652e+02
  1.874776e+00,  1.713415e+02
  1.341953e+00,  1.727166e+02
  8.785681e-01,  1.890631e+02
  8.460030e-01,  2.344387e+02
  1.517190e+00,  2.610896e+02
  2.560773e+00,  2.671699e+02
  3.821056e+00,  2.671159e+02
  5.211342e+00,  2.650414e+02
  6.635487e+00,  2.621454e+02
  7.983679e+00,  2.587942e+02
  9.144578e+00,  2.550604e+02
  1.001755e+01,  2.508948e+02
  1.052631e+01,  2.461775e+02
  1.063091e+01,  2.407291e+02
  1.033576e+01,  2.343040e+02
  9.692262e+00,  2.265757e+02
  8.795378e+00,  2.171254e+02
  7.773516e+00,  2.054613e+02
  6.769721e+00,  1.911335e+02
  5.910710e+00,  1.740094e+02
  5.265931e+00,  1.545830e+02
  4.822028e+00,  1.338274e+02
  4.511325e+00,  1.124123e+02
  4.286121e+00,  9.016572e+01
  4.177554e+00,  6.659177e+01
  4.284313e+00,  4.220917e+01
  4.677561e+00,  1.914509e+01
  5.309581e+00,  3.594727e+02
  6.034099e+00,  3.436318e+02
  6.683820e+00,  3.309078e+02
  7.119675e+00,  3.203486e+02
  7.249088e+00,  3.111271e+02
  7.031377e+00,  3.025572e+02
  6.477872e+00,  2.939991e+02
  5.648105e+00,  2.847245e+02
  4.642336e+00,  2.737222e+02
  3.596427e+00,  2.593396e+02
  2.680363e+00,  2.389349e+02
  2.082837e+00,  2.103024e+02
  1.889158e+00,  1.776854e+02
  1.927851e+00,  1.493396e+02
  1.965690e+00,  1.256225e+02
  1.927441e+00,  1.020809e+02
  1.909558e+00,  7.496115e+01
  2.109249e+00,  4.565767e+01
  2.627770e+00,  2.083320e+01
  3.376017e+00,  3.287394e+00
  4.207709e+00,  3.512576e+02
  5.004867e+00,  3.426065e+02
  5.686979e+00,  3.359119e+02
  6.206618e+00,  3.302745e+02
  6.545785e+00,  3.250754e+02
  6.712638e+00,  3.198370e+02
  6.737624e+00,  3.141632e+02
  6.668252e+00,  3.077412e+02
  6.561240e+00,  3.003924e+02
  6.470428e+00,  2.921493e+02
  6.430664e+00,  2.832889e+02
  6.442830e+00,  2.742467e+02
  6.469388e+00,  2.654161e+02
  6.445767e+00,  2.569648e+02
  6.297452e+00,  2.487777e+02
  5.959650e+00,  2.404484e+02
  5.396140e+00,  2.312092e+02
  4.620190e+00,  2.196401e+02
  3.732477e+00,  2.029176e+02
  3.010897e+00,  1.761941e+02
  2.959467e+00,  1.398441e+02
  3.759557e+00,  1.092502e+02
  4.992236e+00,  8.988961e+01
  6.274129e+00,  7.701929e+01
  7.390595e+00,  6.719066e+01
  8.219698e+00,  5.869321e+01
  8.699614e+00,  5.062114e+01
  8.818663e+00,  4.242186e+01
  8.608408e+00,  3.371613e+01
  8.132622e+00,  2.424154e+01
  7.469954e+00,  1.386005e+01
  6.691650e+00,  2.591464e+00
  5.840120e+00,  3.506164e+02
  4.918169e+00,  3.381714e+02
  3.897224e+00,  3.252517e+02
  2.744682e+00,  3.108153e+02
  1.479082e+00,  2.883799e+02
  7.153508e-01,  2.018974e+02
  1.930347e+00,  1.409304e+02
  3.498034e+00,  1.242906e+02
  5.011440e+00,  1.141339e+02
  6.327276e+00,  1.059769e+02
  7.332898e+00,  9.857713e+01
  7.946474e+00,  9.131006e+01
  8.128517e+00,  8.367702e+01
  7.892311e+00,  7.512478e+01
  7.311928e+00,  6.492101e+01
  6.528638e+00,  5.206669e+01
  5.752945e+00,  3.545063e+01
  5.236593e+00,  1.483399e+01
  5.157534e+00,  3.524919e+02
  5.473342e+00,  3.322168e+02
  5.967411e+00,  3.157923e+02
  6.425652e+00,  3.026650e+02
  6.721221e+00,  2.916300e+02
  6.813712e+00,  2.816563e+02
  6.727472e+00,  2.720183e+02
  6.528050e+00,  2.622954e+02
  6.296464e+00,  2.524132e+02
  6.101032e+00,  2.426880e+02
  5.973547e+00,  2.337467e+02
  5.901695e+00,  2.262688e+02
  5.842483e+00,  2.207141e+02
  5.746195e+00,  2.172313e+02
  5.570623e+00,  2.157393e+02
  5.286668e+00,  2.160628e+02
  4.878299e+00,  2.180668e+02
  4.342050e+00,  2.218060e+02
  3.690837e+00,  2.277656e+02
  2.967233e+00,  2.373758e+02
  2.278873e+00,  2.540209e+02
  1.869171e+00,  2.821650e+02
  2.023113e+00,  3.143430e+02
  2.620659e+00,  3.351372e+02
  3.337320e+00,  3.452633e+02
  3.977966e+00,  3.492821e+02
  4.448885e+00,  3.494932e+02
  4.716740e+00,  3.467974e+02
  4.796643e+00,  3.414755e+02
  4.744998e+00,  3.336197e+02
  4.642822e+00,  3.234983e+02
  4.562099e+00,  3.118764e+02
  4.523981e+00,  2.999981e+02
  4.479274e+00,  2.890796e+02
  4.330739e+00,  2.798079e+02
  3.976812e+00,  2.723290e+02
  3.346869e+00,  2.665690e+02
  2.418965e+00,  2.627153e+02
  1.226617e+00,  2.633191e+02
  2.937413e-01,  1.993121e+01
  1.692306e+00,  5.771517e+01
  3.122811e+00,  5.770094e+01
  4.371504e+00,  5.544183e+01
  5.308949e+00,  5.242346e+01
  5.837032e+00,  4.880338e+01
  5.900986e+00,  4.439579e+01
  5.499914e+00,  3.871311e+01
  4.695998e+00,  3.069354e+01
  3.632217e+00,  1.782348e+01
  2.600084e+00,  3.539112e+02
  2.191234e+00,  3.126380e+02
  2.757334e+00,  2.749810e+02
  3.703856e+00,  2.534910e+02
  4.550530e+00,  2.397239e+02
  5.122667e+00,  2.284370e+02
  5.394238e+00,  2.171806e+02
  5.440907e+00,  2.045357e+02
  5.419687e+00,  1.898038e+02
  5.520556e+00,  1.734844e+02
  5.868183e+00,  1.574800e+02
  6.441594e+00,  1.438690e+02
  7.104274e+00,  1.335328e+02
  7.695888e+00,  1.262719e+02
  8.094013e+00,  1.215375e+02
  8.232929e+00,  1.188161e+02
  8.102585e+00,  1.177071e+02
  7.738190e+00,  1.178773e+02
  7.204215e+00,  1.189708e+02
  6.575715e+00,  1.205022e+02
  5.921754e+00,  1.217521e+02
  5.298264e+00,  1.217119e+02
  4.756993e+00,  1.191560e+02
  4.367703e+00,  1.130123e+02
  4.228112e+00,  1.032762e+02
  4.419185e+00,  9.189842e+01
  4.925787e+00,  8.171591e+01
  5.628762e+00,  7.423362e+01
  6.370958e+00,  6.939321e+01
  7.009938e+00,  6.658951e+01
  7.438352e+00,  6.527116e+01
  7.590534e+00,  6.507102e+01
  7.444301e+00,  6.577735e+01
  7.018881e+00,  6.728027e+01
  6.368356e+00,  6.951857e+01
  5.570674e+00,  7.241498e+01
  4.713212e+00,  7.577239e+01
  3.877263e+00,  7.909573e+01
  3.126709e+00,  8.131371e+01
  2.510055e+00,  8.046610e+01
  2.082302e+00,  7.398013e+01
  1.927378e+00,  6.127444e+01
  2.094381e+00,  4.742151e+01
  2.498492e+00,  3.801781e+01
  2.981994e+00,  3.349688e+01
  3.402276e+00,  3.230227e+01
  3.650284e+00,  3.335620e+01
  3.653458e+00,  3.636030e+01
  3.384832e+00,  4.180914e+01
  2.881923e+00,  5.142608e+01
  2.293250e+00,  6.934699e+01
  1.974425e+00,  1.005445e+02
  2.309909e+00,  1.340714e+02
  3.106404e+00,  1.545769e+02
  3.964622e+00,  1.653637e+02
  4.643547e+00,  1.712717e+02
  5.009152e+00,  1.745120e+02
  4.994277e+00,  1.759361e+02
  4.588956e+00,  1.756674e+02
  3.839365e+00,  1.731051e+02
  2.854466e+00,  1.660961e+02
  1.855662e+00,  1.474766e+02
  1.398857e+00,  1.032313e+02
  1.926674e+00,  6.433825e+01
  2.738820e+00,  4.935032e+01
  3.384950e+00,  4.381368e+01
  3.723385e+00,  4.212212e+01
  3.716561e+00,  4.255227e+01
  3.386025e+00,  4.459335e+01
  2.796080e+00,  4.829850e+01
  2.039759e+00,  5.430218e+01
  1.224452e+00,  6.482473e+01
  4.778540e-01,  9.367305e+01
  4.133432e-01,  2.083212e+02
  9.580144e-01,  2.447599e+02
  1.497347e+00,  2.648855e+02
  2.081294e+00,  2.824404e+02
  2.773322e+00,  2.975140e+02
  3.570231e+00,  3.095333e+02
  4.401045e+00,  3.186685e+02
  5.157783e+00,  3.254765e+02
  5.726236e+00,  3.305007e+02
  6.008620e+00,  3.341258e+02
  5.939265e+00,  3.365478e+02
  5.494659e+00,  3.377432e+02
  4.698956e+00,  3.373389e+02
  3.628215e+00,  3.341401e+02
  2.429190e+00,  3.242439e+02
  1.452144e+00,  2.935703e+02
  1.521869e+00,  2.396009e+02
  2.367844e+00,  2.146443e+02
  3.165742e+00,  2.062647e+02
  3.654654e+00,  2.031719e+02
  3.745169e+00,  2.021911e+02
  3.415983e+00,  2.021641e+02
  2.693832e+00,  2.023946e+02
  1.644481e+00,  2.016127e+02
  3.847455e-01,  1.833503e+02
  1.086683e+00,  4.064809e+01
  2.512833e+00,  3.806440e+01
  3.850559e+00,  3.945344e+01
  5.000677e+00,  4.177042e+01
  5.887950e+00,  4.447241e+01
  6.461308e+00,  4.732530e+01
  6.694446e+00,  5.014094e+01
  6.584933e+00,  5.269339e+01
  6.152843e+00,  5.464668e+01
  5.440677e+00,  5.542680e+01
  4.518095e+00,  5.392352e+01
  3.501141e+00,  4.774039e+01
  2.615042e+00,  3.184688e+01
  2.287452e+00,  2.887387e+00
  2.763569e+00,  3.365888e+02
  3.646564e+00,  3.236891e+02
  4.545954e+00,  3.189879e+02
  5.271123e+00,  3.182747e+02
  5.727022e+00,  3.196829e+02
  5.869001e+00,  3.223937e+02
  5.689077e+00,  3.260342e+02
  5.209289e+00,  3.304372e+02
  4.474962e+00,  3.355387e+02
  3.546296e+00,  3.413305e+02
  2.488662e+00,  3.478482e+02
  1.362993e+00,  3.552784e+02
  2.191155e-01,  8.346827e+00
  9.140499e-01,  1.879347e+02
  2.011547e+00,  1.968146e+02
  3.060966e+00,  2.049639e+02
  4.042058e+00,  2.125938e+02
  4.920327e+00,  2.195439e+02
  5.644579e+00,  2.256564e+02
  6.152351e+00,  2.308078e+02
  6.381466e+00,  2.348805e+02
  6.284488e+00,  2.376966e+02
  5.843382e+00,  2.389006e+02
  5.084241e+00,  2.377106e+02
  4.098485e+00,  2.323130e+02
  3.096240e+00,  2.185105e+02
  2.524552e+00,  1.907445e+02
  2.844807e+00,  1.595969e+02
  3.748963e+00,  1.417801e+02
  4.700249e+00,  1.339475e+02
  5.409115e+00,  1.309866e+02
  5.730483e+00,  1.306033e+02
  5.596542e+00,  1.319145e+02
  4.997503e+00,  1.347764e+02
  3.976649e+00,  1.398546e+02
  2.640068e+00,  1.502250e+02
  1.301998e+00,  1.840733e+02
  1.525675e+00,  2.656824e+02
  3.091538e+00,  2.924373e+02
  4.712085e+00,  3.018387e+02
  6.127442e+00,  3.070505e+02
  7.217336e+00,  3.105063e+02
  7.908131e+00,  3.128185e+02
  8.165882e+00,  3.140432e+02
  7.999000e+00,  3.139210e+02
  7.464787e+00,  3.118652e+02
  6.682863e+00,  3.068412e+02
  5.860130e+00,  2.973387e+02
  5.309005e+00,  2.823163e+02
  5.347226e+00,  2.641015e+02
  6.021798e+00,  2.483254e+02
  7.065456e+00,  2.378265e+02
  8.158960e+00,  2.317679e+02
  9.065872e+00,  2.285961e+02
  9.633061e+00,  2.271728e+02
  9.772662e+00,  2.267676e+02
  9.451738e+00,  2.268784e+02
  8.686559e+00,  2.270757e+02
  7.538006e+00,  2.268391e+02
  6.108403e+00,  2.252717e+02
  4.547767e+00,  2.203606e+02
  3.105111e+00,  2.068396e+02
  2.316047e+00,  1.754065e+02
  2.739436e+00,  1.414413e+02
  3.826829e+00,  1.268622e+02
  4.991670e+00,  1.234572e+02
  6.044040e+00,  1.248473e+02
  6.929181e+00,  1.284460e+02
  7.626188e+00,  1.329940e+02
  8.113814e+00,  1.377144e+02
  8.360096e+00,  1.420453e+02
  8.326864e+00,  1.455301e+02
  7.984245e+00,  1.477247e+02
  7.330390e+00,  1.480623e+02
  6.414190e+00,  1.456257e+02
  5.364659e+00,  1.387904e+02
  4.433675e+00,  1.251349e+02
  3.996361e+00,  1.041336e+02
  4.268756e+00,  8.270137e+01
  4.989490e+00,  6.816692e+01
  5.734358e+00,  6.037010e+01
  6.211087e+00,  5.698237e+01
  6.263280e+00,  5.656064e+01
  5.834506e+00,  5.867006e+01
  4.955490e+00,  6.391064e+01
  3.759589e+00,  7.488502e+01
  2.593159e+00,  9.971024e+01
  2.324023e+00,  1.461194e+02
  3.349724e+00,  1.810647e+02
  4.777906e+00,  1.971983e+02
  6.077881e+00,  2.058172e+02
  7.035113e+00,  2.113779e+02
  7.549960e+00,  2.154350e+02
  7.591876e+00,  2.185654e+02
  7.185816e+00,  2.209072e+02
  6.402984e+00,  2.222636e+02
  5.352636e+00,  2.219685e+02
  4.181011e+00,  2.184103e+02
  3.097048e+00,  2.079997e+02
  2.445124e+00,  1.859254e+02
  2.569504e+00,  1.594366e+02
  3.268020e+00,  1.441116e+02
  4.121876e+00,  1.388939e+02
  4.905931e+00,  1.387822e+02
  5.506633e+00,  1.410712e+02
  5.846029e+00,  1.444570e+02
  5.860012e+00,  1.482828e+02
  5.498749e+00,  1.522203e+02
  4.734903e+00,  1.561444e+02
  3.572801e+00,  1.601361e+02
  2.055029e+00,  1.649229e+02
  2.871662e-01,  1.918035e+02
  1.710122e+00,  3.423850e+02
  3.692347e+00,  3.472630e+02
  5.555660e+00,  3.502207e+02
  7.158470e+00,  3.525802e+02
  8.382784e+00,  3.545565e+02
  9.146522e+00,  3.561712e+02
  9.412793e+00,  3.573498e+02
  9.194511e+00,  3.579157e+02
  8.554762e+00,  3.575368e+02
  7.605119e+00,  3.556208e+02
  6.506447e+00,  3.511591e+02
  5.476940e+00,  3.426939e+02
  4.791854e+00,  3.292707e+02
  4.688617e+00,  3.132435e+02
  5.162139e+00,  3.000447e+02
  5.980369e+00,  2.922929e+02
  6.904881e+00,  2.889994e+02
  7.773503e+00,  2.884494e+02
  8.474780e+00,  2.893323e+02
  8.920201e+00,  2.907617e+02
  9.035626e+00,  2.921118e+02
  8.766862e+00,  2.928626e+02
  8.093025e+00,  2.924321e+02
  7.044936e+00,  2.899115e+02
  5.734298e+00,  2.835074e+02
  4.421410e+00,  2.694531e+02
  3.649200e+00,  2.430857e+02
  4.000314e+00,  2.128019e+02
  5.180105e+00,  1.939018e+02
  6.526006e+00,  1.848547e+02
  7.655478e+00,  1.809865e+02
  8.384812e+00,  1.799707e+02
  8.640039e+00,  1.808376e+02
  8.426513e+00,  1.832492e+02
  7.814866e+00,  1.872097e+02
  6.927421e+00,  1.929497e+02
  5.919678e+00,  2.008282e+02
  4.952594e+00,  2.110863e+02
  4.149961e+00,  2.232836e+02
  3.547491e+00,  2.356763e+02
  3.078500e+00,  2.454560e+02
  2.641249e+00,  2.497348e+02
  2.211985e+00,  2.454317e+02
  1.938584e+00,  2.295499e+02
  2.084444e+00,  2.072916e+02
  2.653631e+00,  1.918505e+02
  3.384830e+00,  1.855429e+02
  4.061897e+00,  1.851933e+02
  4.572623e+00,  1.888790e+02
  4.895943e+00,  1.959662e+02
  5.099259e+00,  2.063176e+02
  5.323411e+00,  2.194832e+02
  5.721825e+00,  2.340074e+02
  6.361992e+00,  2.477312e+02
  7.176308e+00,  2.590830e+02
  8.007557e+00,  2.676564e+02
  8.682375e+00,  2.737244e+02
  9.058594e+00,  2.776775e+02
  9.047720e+00,  2.797668e+02
  8.625184e+00,  2.800163e+02
  7.834800e+00,  2.781601e+02
  6.790481e+00,  2.735411e+02
  5.677169e+00,  2.650262e+02
  4.742652e+00,  2.514211e+02
  4.227002e+00,  2.335288e+02
  4.172623e+00,  2.160526e+02
  4.344645e+00,  2.034527e+02
  4.448175e+00,  1.963373e+02
  4.298704e+00,  1.937061e+02
  3.833309e+00,  1.950277e+02
  3.085621e+00,  2.011334e+02
  2.190323e+00,  2.161130e+02
  1.513135e+00,  2.520067e+02
  1.737539e+00,  3.020520e+02
  2.645662e+00,  3.299527e+02
  3.663293e+00,  3.448787e+02
  4.593863e+00,  3.555167e+02
  5.382931e+00,  4.646891e+00
  6.025765e+00,  1.313515e+01
  6.533748e+00,  2.113438e+01
  6.913655e+00,  2.848436e+01
  7.157118e+00,  3.490297e+01
  7.242417e+00,  4.008895e+01
  7.146770e+00,  4.375146e+01
  6.863583e+00,  4.558082e+01
  6.419086e+00,  4.519439e+01
  5.884304e+00,  4.212635e+01
  5.376911e+00,  3.601486e+01
  5.039051e+00,  2.719518e+01
  4.974950e+00,  1.738719e+01
  5.181962e+00,  9.161190e+00
  5.561457e+00,  4.250772e+00
  6.001039e+00,  2.975290e+00
  6.434166e+00,  4.872075e+00
  6.848208e+00,  9.220582e+00
  7.261349e+00,  1.518859e+01
  7.688265e+00,  2.188372e+01
  8.112223e+00,  2.847642e+01
  8.477834e+00,  3.434432e+01
  8.705523e+00,  3.912316e+01
  8.716425e+00,  4.264623e+01
  8.455677e+00,  4.483699e+01
  7.908132e+00,  4.560874e+01
  7.105512e+00,  4.478300e+01
  6.125985e+00,  4.202222e+01
  5.086829e+00,  3.680393e+01
  4.127729e+00,  2.859619e+01
  3.374194e+00,  1.762580e+01
  2.872562e+00,  6.206080e+00
  2.549908e+00,  3.586690e+02
  2.299232e+00,  3.593053e+02
  2.146923e+00,  1.121205e+01
  2.326750e+00,  3.221174e+01
  3.018264e+00,  5.137764e+01
  4.091918e+00,  6.316566e+01
  5.310070e+00,  6.958133e+01
  6.465683e+00,  7.297604e+01
  7.391721e+00,  7.463041e+01
  7.961104e+00,  7.515535e+01
  8.092264e+00,  7.480875e+01
  7.754734e+00,  7.363231e+01
  6.971346e+00,  7.147088e+01
  5.816466e+00,  6.786562e+01
  4.412970e+00,  6.165023e+01
  2.941388e+00,  4.944301e+01
  1.736113e+00,  1.986590e+01
  1.546324e+00,  3.241193e+02
  2.266988e+00,  2.900075e+02
  2.998637e+00,  2.740091e+02
  3.468564e+00,  2.628510e+02
  3.657924e+00,  2.519851e+02
  3.657197e+00,  2.392557e+02
  3.633933e+00,  2.237404e+02
  3.775588e+00,  2.065660e+02
  4.176823e+00,  1.908385e+02
  4.781226e+00,  1.789806e+02
  5.454713e+00,  1.712902e+02
  6.074281e+00,  1.670043e+02
  6.560966e+00,  1.652926e+02
  6.880319e+00,  1.655210e+02
  7.033105e+00,  1.672186e+02
  7.041556e+00,  1.699824e+02
  6.935553e+00,  1.734099e+02
  6.741540e+00,  1.770734e+02
  6.477186e+00,  1.805277e+02
  6.153196e+00,  1.833381e+02
  5.780703e+00,  1.851045e+02
  5.380229e+00,  1.854799e+02
  4.987793e+00,  1.842085e+02
  4.654389e+00,  1.812338e+02
  4.436121e+00,  1.768876e+02
  4.376107e+00,  1.720035e+02
  4.488242e+00,  1.676772e+02
  4.756634e+00,  1.647279e+02
  5.149243e+00,  1.633596e+02
  5.629702e+00,  1.632518e+02
  6.159023e+00,  1.638415e+02
  6.692222e+00,  1.645506e+02
  7.177456e+00,  1.648959e+02
  7.560759e+00,  1.645088e+02
  7.795164e+00,  1.631056e+02
  7.851217e+00,  1.604465e+02
  7.725916e+00,  1.563042e+02
  7.447489e+00,  1.504618e+02
  7.073365e+00,  1.427610e+02
  6.678149e+00,  1.332217e+02
  6.329580e+00,  1.221975e+02
  6.057946e+00,  1.104230e+02
  5.836892e+00,  9.879332e+01
  5.592750e+00,  8.799319e+01
  5.236670e+00,  7.829092e+01
  4.697235e+00,  6.958483e+01
  3.939490e+00,  6.151846e+01
  2.970386e+00,  5.344016e+01
  1.836894e+00,  4.363920e+01
  6.448020e-01,  1.922875e+01
  7.485209e-01,  2.450852e+02
  1.885913e+00,  2.244194e+02
  2.896738e+00,  2.147335e+02
  3.697092e+00,  2.063862e+02
  4.254844e+00,  1.979008e+02
  4.572781e+00,  1.887015e+02
  4.683531e+00,  1.784660e+02
  4.638750e+00,  1.670446e+02
  4.491843e+00,  1.544815e+02
  4.274117e+00,  1.410081e+02
  3.930005e+00,  1.270098e+02
  2.874980e+00,  1.153425e+02
##END=
