##TITLE= E:\桌面\nmr\ogm\sjd\matlabcod\1_unitary\2_14_xjhsjd
##JCAMP-DX= 5.00 Bruker JCAMP library
##DATA TYPE= Shape Data
##ORIGIN= Colm's GRAPE Pulses 
##OWNER= Dawei.Lu
##DATE= 02-Aug-2025
##TIME= 13:22
##MINX= 5.157244e-01
##MAXX= 2.734870e+01
##MINY= 3.335073e-01
##MAXY= 3.582483e+02
##$SHAPE_EXMODE= None
##$SHAPE_TOTROT= 9.000000e+01
##$SHAPE_BWFAC= 1.000000e+00
##$SHAPE_INTEGFAC= 1.000000e+00
##$SHAPE_MODE= 1
##PULSE_WIDTH= 2000
##Calibration_Power= 12500
##NPOINTS= 200
##XYPOINTS= (XY..XY)
  3.893867e+00,  8.849977e+00
  7.861699e+00,  4.245541e+00
  1.055942e+01,  3.582483e+02
  7.563447e+00,  3.393504e+02
  6.179284e+00,  3.021421e+02
  7.795218e+00,  2.752400e+02
  9.643245e+00,  2.678748e+02
  1.014018e+01,  2.684470e+02
  9.001411e+00,  2.725065e+02
  6.834676e+00,  2.801912e+02
  4.974358e+00,  2.933491e+02
  4.690061e+00,  3.032539e+02
  6.283190e+00,  2.963414e+02
  9.671603e+00,  2.835210e+02
  1.384607e+01,  2.729285e+02
  1.709106e+01,  2.639075e+02
  1.807662e+01,  2.546046e+02
  1.660563e+01,  2.432814e+02
  1.372017e+01,  2.283119e+02
  1.101376e+01,  2.099295e+02
  9.340540e+00,  1.938933e+02
  8.441022e+00,  1.878410e+02
  8.136666e+00,  1.914700e+02
  8.240836e+00,  1.955497e+02
  7.887015e+00,  1.913863e+02
  6.663972e+00,  1.731018e+02
  5.886327e+00,  1.354849e+02
  6.966863e+00,  9.678205e+01
  8.186200e+00,  7.242867e+01
  7.808712e+00,  5.496463e+01
  5.784762e+00,  3.786839e+01
  3.240946e+00,  1.639466e+01
  1.408742e+00,  3.568700e+02
  1.329751e+00,  4.464772e+01
  3.883252e+00,  5.036842e+01
  6.976982e+00,  3.901140e+01
  8.871515e+00,  2.524964e+01
  8.336211e+00,  7.776270e+00
  5.459457e+00,  3.376868e+02
  3.594586e+00,  2.555969e+02
  7.259468e+00,  1.897916e+02
  1.168446e+01,  1.553120e+02
  1.580937e+01,  1.246059e+02
  1.998209e+01,  9.586653e+01
  2.361700e+01,  7.062979e+01
  2.511693e+01,  4.871412e+01
  2.317239e+01,  2.863986e+01
  1.776609e+01,  8.450591e+00
  1.024959e+01,  3.446727e+02
  2.940456e+00,  2.932267e+02
  4.954473e+00,  1.549174e+02
  1.017674e+01,  1.175595e+02
  1.474960e+01,  8.952549e+01
  1.847495e+01,  6.663723e+01
  2.036314e+01,  4.876387e+01
  1.956341e+01,  3.545680e+01
  1.636948e+01,  2.700831e+01
  1.246790e+01,  2.535593e+01
  1.026484e+01,  3.055456e+01
  1.087936e+01,  3.090571e+01
  1.336928e+01,  1.908725e+01
  1.642751e+01,  1.385043e+00
  1.839079e+01,  3.423026e+02
  1.775067e+01,  3.213114e+02
  1.445009e+01,  2.940405e+02
  1.080002e+01,  2.517582e+02
  1.028026e+01,  1.972019e+02
  1.163339e+01,  1.522179e+02
  1.199975e+01,  1.111836e+02
  1.257156e+01,  6.442308e+01
  1.545939e+01,  2.093387e+01
  1.876007e+01,  3.485640e+02
  1.957096e+01,  3.216935e+02
  1.725461e+01,  2.932266e+02
  1.377305e+01,  2.566866e+02
  1.179616e+01,  2.127636e+02
  1.066892e+01,  1.724392e+02
  8.089072e+00,  1.318104e+02
  6.037982e+00,  6.452434e+01
  9.287829e+00,  2.691727e+00
  1.305364e+01,  3.324106e+02
  1.377337e+01,  3.099791e+02
  1.142891e+01,  2.852490e+02
  8.223654e+00,  2.503256e+02
  6.452057e+00,  2.074738e+02
  4.924353e+00,  1.751009e+02
  1.577931e+00,  1.558515e+02
  3.115486e+00,  3.174915e+02
  7.128349e+00,  3.048455e+02
  8.574569e+00,  2.904942e+02
  7.014810e+00,  2.692120e+02
  4.464106e+00,  2.223629e+02
  5.162903e+00,  1.562697e+02
  6.753674e+00,  1.219741e+02
  6.246308e+00,  9.433032e+01
  4.670339e+00,  5.007621e+01
  5.253030e+00,  3.541390e+02
  6.636783e+00,  3.254699e+02
  6.031814e+00,  3.134156e+02
  3.358067e+00,  3.173561e+02
  1.957859e+00,  3.243805e+01
  3.976245e+00,  5.671455e+01
  4.519501e+00,  3.802351e+01
  4.673260e+00,  3.497215e+02
  7.353204e+00,  3.039015e+02
  1.072368e+01,  2.782569e+02
  1.246372e+01,  2.576487e+02
  1.231915e+01,  2.332648e+02
  1.204926e+01,  2.014682e+02
  1.336840e+01,  1.700642e+02
  1.516461e+01,  1.477840e+02
  1.543418e+01,  1.325272e+02
  1.347727e+01,  1.194535e+02
  9.942821e+00,  1.032492e+02
  6.368723e+00,  7.545739e+01
  4.473142e+00,  2.901840e+01
  4.004086e+00,  3.378235e+02
  4.282464e+00,  2.772895e+02
  7.542596e+00,  2.265153e+02
  1.301068e+01,  2.009787e+02
  1.832604e+01,  1.846532e+02
  2.172319e+01,  1.699086e+02
  2.254963e+01,  1.532602e+02
  2.150702e+01,  1.330172e+02
  1.985092e+01,  1.101030e+02
  1.779662e+01,  8.815844e+01
  1.431717e+01,  7.002925e+01
  8.774209e+00,  5.630407e+01
  1.972701e+00,  5.624790e+01
  4.618678e+00,  1.991796e+02
  9.118267e+00,  1.881684e+02
  1.134343e+01,  1.709721e+02
  1.238554e+01,  1.500303e+02
  1.354372e+01,  1.305899e+02
  1.492380e+01,  1.182434e+02
  1.614017e+01,  1.130358e+02
  1.716443e+01,  1.104644e+02
  1.787519e+01,  1.046327e+02
  1.813924e+01,  9.136994e+01
  1.857235e+01,  7.044233e+01
  1.969624e+01,  4.679456e+01
  2.019649e+01,  2.547892e+01
  1.789970e+01,  6.392551e+00
  1.204467e+01,  3.449168e+02
  4.742960e+00,  2.962181e+02
  6.474897e+00,  1.845381e+02
  1.177656e+01,  1.454372e+02
  1.518832e+01,  1.114241e+02
  1.893210e+01,  7.579869e+01
  2.389575e+01,  4.613292e+01
  2.734870e+01,  2.409884e+01
  2.649169e+01,  6.158196e+00
  2.103194e+01,  3.483603e+02
  1.334270e+01,  3.256069e+02
  7.028168e+00,  2.897595e+02
  3.453981e+00,  2.455419e+02
  7.406903e-01,  1.908183e+01
  6.907280e+00,  1.218841e+01
  1.279349e+01,  3.335073e-01
  1.537191e+01,  3.504556e+02
  1.316489e+01,  3.412927e+02
  7.204154e+00,  3.318424e+02
  5.157244e-01,  3.350742e+02
  3.849905e+00,  1.140899e+02
  5.626025e+00,  7.165776e+01
  9.758332e+00,  2.157370e+01
  1.674655e+01,  3.545167e+02
  2.211754e+01,  3.381127e+02
  2.274919e+01,  3.235234e+02
  1.845712e+01,  3.047542e+02
  1.254001e+01,  2.721135e+02
  1.023284e+01,  2.231661e+02
  9.960196e+00,  1.876910e+02
  6.326661e+00,  1.641774e+02
  1.772128e+00,  2.909633e+01
  9.441716e+00,  3.408667e+02
  1.449506e+01,  3.282976e+02
  1.444105e+01,  3.163566e+02
  1.009773e+01,  2.987208e+02
  5.340768e+00,  2.585726e+02
  4.433162e+00,  2.029336e+02
  3.171237e+00,  1.988878e+02
  4.319938e+00,  2.817769e+02
  1.106503e+01,  2.945083e+02
  1.632344e+01,  2.886542e+02
  1.722015e+01,  2.753885e+02
  1.430623e+01,  2.499711e+02
  1.234171e+01,  2.057169e+02
  1.411914e+01,  1.646311e+02
  1.437103e+01,  1.376945e+02
  1.004005e+01,  1.081310e+02
  6.427059e+00,  3.017057e+01
  1.298936e+01,  3.301206e+02
  1.878534e+01,  3.060435e+02
  1.966026e+01,  2.835044e+02
  1.774506e+01,  2.510683e+02
  1.865111e+01,  2.106525e+02
  2.222698e+01,  1.809683e+02
  2.059613e+01,  1.596396e+02
  6.151428e+00,  1.249627e+02
##END=
