##TITLE= E:\桌面\nmr\ogm\sjd\matlabcod\1_unitary\2_15_xjhsjd
##JCAMP-DX= 5.00 Bruker JCAMP library
##DATA TYPE= Shape Data
##ORIGIN= Colm's GRAPE Pulses 
##OWNER= Dawei.Lu
##DATE= 02-Aug-2025
##TIME= 13:21
##MINX= 1.111398e+00
##MAXX= 2.274686e+01
##MINY= 3.142804e-01
##MAXY= 3.596089e+02
##$SHAPE_EXMODE= None
##$SHAPE_TOTROT= 9.000000e+01
##$SHAPE_BWFAC= 1.000000e+00
##$SHAPE_INTEGFAC= 1.000000e+00
##$SHAPE_MODE= 1
##PULSE_WIDTH= 2000
##Calibration_Power= 12500
##NPOINTS= 200
##XYPOINTS= (XY..XY)
  9.066577e+00,  2.900480e+02
  1.013810e+01,  2.698742e+02
  9.764271e+00,  2.398318e+02
  7.557948e+00,  1.908739e+02
  9.324301e+00,  1.495373e+02
  1.049869e+01,  1.325392e+02
  9.007927e+00,  1.256358e+02
  5.764625e+00,  1.219023e+02
  2.622711e+00,  1.050384e+02
  2.600043e+00,  4.081881e+01
  5.515054e+00,  2.604131e+01
  8.597851e+00,  2.324570e+01
  1.032815e+01,  1.636213e+01
  9.939216e+00,  3.142804e-01
  8.703564e+00,  3.284940e+02
  9.345881e+00,  2.875875e+02
  1.094894e+01,  2.581158e+02
  1.035857e+01,  2.369591e+02
  6.602726e+00,  2.116418e+02
  3.107577e+00,  1.263757e+02
  7.469050e+00,  5.535002e+01
  1.131467e+01,  2.829469e+01
  1.260620e+01,  9.606904e-01
  1.287661e+01,  3.271015e+02
  1.385340e+01,  2.927380e+02
  1.434065e+01,  2.654344e+02
  1.215232e+01,  2.432089e+02
  6.966037e+00,  2.176361e+02
  2.473211e+00,  1.214944e+02
  7.129991e+00,  4.530462e+01
  1.072622e+01,  1.783875e+01
  1.193126e+01,  3.499747e+02
  1.210564e+01,  3.186381e+02
  1.194302e+01,  2.895387e+02
  1.019173e+01,  2.678210e+02
  5.732026e+00,  2.570593e+02
  2.191672e+00,  3.534812e+02
  8.848540e+00,  1.705036e+01
  1.444357e+01,  4.031480e+00
  1.750051e+01,  3.449257e+02
  1.850864e+01,  3.216309e+02
  1.838265e+01,  2.970484e+02
  1.690885e+01,  2.752841e+02
  1.310105e+01,  2.592327e+02
  6.987976e+00,  2.555212e+02
  3.523488e+00,  3.290252e+02
  9.091368e+00,  3.568298e+02
  1.345475e+01,  3.460776e+02
  1.527288e+01,  3.274267e+02
  1.533563e+01,  3.050162e+02
  1.428421e+01,  2.833217e+02
  1.171537e+01,  2.676426e+02
  7.445596e+00,  2.669263e+02
  5.021070e+00,  3.136891e+02
  9.268888e+00,  3.444659e+02
  1.367835e+01,  3.402166e+02
  1.565798e+01,  3.257530e+02
  1.538646e+01,  3.052833e+02
  1.386039e+01,  2.814084e+02
  1.130484e+01,  2.586885e+02
  6.991149e+00,  2.425626e+02
  1.533052e+00,  2.892572e+02
  7.334093e+00,  5.042439e+00
  1.394135e+01,  3.551119e+02
  1.809174e+01,  3.397779e+02
  1.930815e+01,  3.206520e+02
  1.850150e+01,  2.976355e+02
  1.687610e+01,  2.725498e+02
  1.452009e+01,  2.489952e+02
  1.065158e+01,  2.288303e+02
  5.102233e+00,  2.098610e+02
  1.283607e+00,  4.673926e+01
  6.481167e+00,  1.428995e+01
  9.526861e+00,  3.596089e+02
  1.010353e+01,  3.441047e+02
  9.098275e+00,  3.254018e+02
  7.839602e+00,  3.043364e+02
  6.943887e+00,  2.874140e+02
  6.163033e+00,  2.814109e+02
  5.413016e+00,  2.868805e+02
  4.738556e+00,  2.976248e+02
  3.643089e+00,  3.070067e+02
  1.662111e+00,  3.214159e+02
  1.424788e+00,  8.723115e+01
  4.032158e+00,  9.694104e+01
  5.902802e+00,  8.559008e+01
  6.961572e+00,  6.471213e+01
  7.970724e+00,  3.818399e+01
  9.227668e+00,  1.369934e+01
  9.832590e+00,  3.545333e+02
  8.760331e+00,  3.382312e+02
  5.838537e+00,  3.187441e+02
  2.470047e+00,  2.645637e+02
  4.191713e+00,  1.726572e+02
  7.398262e+00,  1.447324e+02
  9.353546e+00,  1.242128e+02
  1.028284e+01,  1.017579e+02
  1.101797e+01,  7.741581e+01
  1.180612e+01,  5.495390e+01
  1.192743e+01,  3.605812e+01
  1.056464e+01,  1.844057e+01
  7.655991e+00,  3.559203e+02
  4.674356e+00,  3.100733e+02
  5.379558e+00,  2.411655e+02
  8.196191e+00,  2.040457e+02
  1.008220e+01,  1.780355e+02
  1.080295e+01,  1.511567e+02
  1.112285e+01,  1.216606e+02
  1.134226e+01,  9.271016e+01
  1.075864e+01,  6.572975e+01
  8.832858e+00,  3.615979e+01
  6.661123e+00,  3.521235e+02
  7.159100e+00,  2.962082e+02
  9.658615e+00,  2.599774e+02
  1.122231e+01,  2.378163e+02
  1.087162e+01,  2.207493e+02
  9.033822e+00,  2.061751e+02
  6.735504e+00,  1.963727e+02
  5.115453e+00,  1.999468e+02
  5.440559e+00,  2.164583e+02
  7.490305e+00,  2.238936e+02
  9.477456e+00,  2.223437e+02
  1.003298e+01,  2.189317e+02
  8.787747e+00,  2.189894e+02
  6.834003e+00,  2.311180e+02
  6.938354e+00,  2.566032e+02
  9.906311e+00,  2.660300e+02
  1.382041e+01,  2.583677e+02
  1.754762e+01,  2.441521e+02
  2.010794e+01,  2.283534e+02
  2.032791e+01,  2.125714e+02
  1.742003e+01,  1.967271e+02
  1.158421e+01,  1.797499e+02
  4.039202e+00,  1.566580e+02
  3.821702e+00,  3.365028e+02
  1.062191e+01,  3.090545e+02
  1.621740e+01,  2.852795e+02
  2.047223e+01,  2.625655e+02
  2.274686e+01,  2.418438e+02
  2.208367e+01,  2.233195e+02
  1.810560e+01,  2.065693e+02
  1.158783e+01,  1.915010e+02
  4.263648e+00,  1.842859e+02
  2.942401e+00,  2.996541e+02
  7.894512e+00,  2.927567e+02
  1.157716e+01,  2.706404e+02
  1.398430e+01,  2.477798e+02
  1.450615e+01,  2.270763e+02
  1.238528e+01,  2.085984e+02
  7.720891e+00,  1.908930e+02
  1.789078e+00,  1.664021e+02
  3.644401e+00,  3.424729e+02
  7.099366e+00,  3.171444e+02
  8.639704e+00,  2.868781e+02
  9.516264e+00,  2.511711e+02
  1.032157e+01,  2.163751e+02
  1.007705e+01,  1.841187e+02
  8.341931e+00,  1.462941e+02
  7.343497e+00,  9.152279e+01
  9.357732e+00,  4.151139e+01
  1.139810e+01,  1.039611e+01
  1.084739e+01,  3.457725e+02
  7.686278e+00,  3.164553e+02
  4.436929e+00,  2.598033e+02
  5.077756e+00,  1.843451e+02
  6.698330e+00,  1.377866e+02
  7.729542e+00,  9.424841e+01
  9.552445e+00,  5.342665e+01
  1.143692e+01,  2.433626e+01
  1.108892e+01,  4.409710e+00
  7.390899e+00,  3.493867e+02
  1.111398e+00,  3.445270e+02
  5.753240e+00,  1.375855e+02
  1.101483e+01,  1.221779e+02
  1.379841e+01,  1.018546e+02
  1.496806e+01,  7.660499e+01
  1.586465e+01,  5.061714e+01
  1.609352e+01,  3.014156e+01
  1.409852e+01,  1.796190e+01
  9.549996e+00,  1.828570e+01
  5.606480e+00,  5.574388e+01
  8.484952e+00,  9.988679e+01
  1.259311e+01,  1.021083e+02
  1.466222e+01,  8.970465e+01
  1.549532e+01,  6.948685e+01
  1.656769e+01,  4.767808e+01
  1.763274e+01,  3.114427e+01
  1.728542e+01,  2.162858e+01
  1.487049e+01,  1.771578e+01
  1.085454e+01,  1.728191e+01
  6.154675e+00,  1.611817e+01
  1.814783e+00,  3.458443e+02
  3.238136e+00,  2.392789e+02
  5.860349e+00,  2.238714e+02
  6.563638e+00,  2.065855e+02
  6.473507e+00,  1.704619e+02
  8.956046e+00,  1.283721e+02
  1.315832e+01,  1.051263e+02
  1.532598e+01,  9.158891e+01
  1.077898e+01,  7.309887e+01
##END=
