##TITLE= E:\桌面\nmr\ogm\sjd\matlabcod\1\2_16_xjhsjd
##JCAMP-DX= 5.00 Bruker JCAMP library
##DATA TYPE= Shape Data
##ORIGIN= Colm's GRAPE Pulses 
##OWNER= Dawei.Lu
##DATE= 02-Aug-2025
##TIME= 11:31
##MINX= 7.407079e-02
##MAXX= 1.179865e+01
##MINY= 5.007492e-01
##MAXY= 3.597428e+02
##$SHAPE_EXMODE= None
##$SHAPE_TOTROT= 9.000000e+01
##$SHAPE_BWFAC= 1.000000e+00
##$SHAPE_INTEGFAC= 1.000000e+00
##$SHAPE_MODE= 1
##PULSE_WIDTH= 5000
##Calibration_Power= 12500
##NPOINTS= 1000
##XYPOINTS= (XY..XY)
  4.560078e+00,  2.343801e+02
  6.660212e+00,  2.323207e+02
  8.919199e+00,  2.290508e+02
  8.568315e+00,  2.260909e+02
  7.391322e+00,  2.244985e+02
  5.679939e+00,  2.245391e+02
  3.651487e+00,  2.274590e+02
  1.587111e+00,  2.415544e+02
  8.808525e-01,  3.478778e+02
  2.343481e+00,  2.183436e+01
  3.483061e+00,  2.970334e+01
  4.065537e+00,  3.536926e+01
  4.089337e+00,  4.231311e+01
  3.679845e+00,  5.314808e+01
  3.124835e+00,  7.159189e+01
  2.898741e+00,  9.920662e+01
  3.316047e+00,  1.258956e+02
  4.096769e+00,  1.425459e+02
  4.807281e+00,  1.511006e+02
  5.179808e+00,  1.546188e+02
  5.097412e+00,  1.542983e+02
  4.572065e+00,  1.496248e+02
  3.772448e+00,  1.378658e+02
  3.134680e+00,  1.139755e+02
  3.332185e+00,  8.198802e+01
  4.422413e+00,  5.964467e+01
  5.840902e+00,  4.864814e+01
  7.179770e+00,  4.378577e+01
  8.227086e+00,  4.216607e+01
  8.879689e+00,  4.248896e+01
  9.106161e+00,  4.411673e+01
  8.926102e+00,  4.666349e+01
  8.391145e+00,  4.980422e+01
  7.566424e+00,  5.315916e+01
  6.516166e+00,  5.618264e+01
  5.298723e+00,  5.796423e+01
  3.978082e+00,  5.665333e+01
  2.674303e+00,  4.734410e+01
  1.770967e+00,  1.655550e+01
  2.048643e+00,  3.319281e+02
  3.114661e+00,  3.115740e+02
  4.214425e+00,  3.042449e+02
  5.050093e+00,  3.010673e+02
  5.467698e+00,  2.991094e+02
  5.377407e+00,  2.970432e+02
  4.751490e+00,  2.936793e+02
  3.643626e+00,  2.866028e+02
  2.280860e+00,  2.669984e+02
  1.699255e+00,  2.084747e+02
  3.070773e+00,  1.651582e+02
  5.009063e+00,  1.516756e+02
  6.847146e+00,  1.460221e+02
  8.330297e+00,  1.429402e+02
  9.304471e+00,  1.408846e+02
  9.685788e+00,  1.392102e+02
  9.460045e+00,  1.375263e+02
  8.681624e+00,  1.354603e+02
  7.467827e+00,  1.324767e+02
  5.991268e+00,  1.275878e+02
  4.479309e+00,  1.187524e+02
  3.237301e+00,  1.021343e+02
  2.644364e+00,  7.598485e+01
  2.787086e+00,  5.233015e+01
  3.233777e+00,  4.112374e+01
  3.644933e+00,  3.967180e+01
  3.948368e+00,  4.444212e+01
  4.202636e+00,  5.315537e+01
  4.483455e+00,  6.375553e+01
  4.805224e+00,  7.430283e+01
  5.100629e+00,  8.352894e+01
  5.256952e+00,  9.101910e+01
  5.165518e+00,  9.687987e+01
  4.754537e+00,  1.013641e+02
  4.003430e+00,  1.046382e+02
  2.944905e+00,  1.065329e+02
  1.661006e+00,  1.053598e+02
  3.485845e-01,  6.757730e+01
  1.208186e+00,  3.122778e+02
  2.459969e+00,  3.082174e+02
  3.472463e+00,  3.089247e+02
  4.155215e+00,  3.109097e+02
  4.463932e+00,  3.136674e+02
  4.397760e+00,  3.171770e+02
  3.996013e+00,  3.216294e+02
  3.330777e+00,  3.274740e+02
  2.497493e+00,  3.357649e+02
  1.610955e+00,  3.496243e+02
  8.514501e-01,  2.202135e+01
  7.328131e-01,  9.310965e+01
  1.230747e+00,  1.324421e+02
  1.734097e+00,  1.507944e+02
  2.108678e+00,  1.640705e+02
  2.330429e+00,  1.758184e+02
  2.389464e+00,  1.870988e+02
  2.273507e+00,  1.985551e+02
  1.971903e+00,  2.113659e+02
  1.500743e+00,  2.290684e+02
  1.008283e+00,  2.643751e+02
  1.104516e+00,  3.254311e+02
  1.971751e+00,  3.591276e+02
  3.099174e+00,  1.359484e+01
  4.257398e+00,  2.158117e+01
  5.312199e+00,  2.667158e+01
  6.154674e+00,  3.007593e+01
  6.699523e+00,  3.227358e+01
  6.893434e+00,  3.343622e+01
  6.723026e+00,  3.354481e+01
  6.219514e+00,  3.239344e+01
  5.459711e+00,  2.951868e+01
  4.564645e+00,  2.406505e+01
  3.696947e+00,  1.472745e+01
  3.046056e+00,  5.559319e-01
  2.752095e+00,  3.437904e+02
  2.774145e+00,  3.304711e+02
  2.933608e+00,  3.244323e+02
  3.107150e+00,  3.255752e+02
  3.295492e+00,  3.324596e+02
  3.575970e+00,  3.429675e+02
  4.011659e+00,  3.543473e+02
  4.581520e+00,  4.334528e+00
  5.186586e+00,  1.202991e+01
  5.700063e+00,  1.751639e+01
  6.007801e+00,  2.117014e+01
  6.029144e+00,  2.330112e+01
  5.726432e+00,  2.403026e+01
  5.108748e+00,  2.320906e+01
  4.232698e+00,  2.022903e+01
  3.204932e+00,  1.345199e+01
  2.203417e+00,  3.584993e+02
  1.559286e+00,  3.268250e+02
  1.626792e+00,  2.878185e+02
  2.068982e+00,  2.656458e+02
  2.414080e+00,  2.552404e+02
  2.478788e+00,  2.498574e+02
  2.214055e+00,  2.467524e+02
  1.634504e+00,  2.446773e+02
  7.953277e-01,  2.422685e+02
  2.270443e-01,  7.444067e+01
  1.324427e+00,  6.604394e+01
  2.406893e+00,  6.523959e+01
  3.379484e+00,  6.497441e+01
  4.164812e+00,  6.477124e+01
  4.706893e+00,  6.438202e+01
  4.974713e+00,  6.353550e+01
  4.964191e+00,  6.184316e+01
  4.700184e+00,  5.868851e+01
  4.241868e+00,  5.304977e+01
  3.697105e+00,  4.328923e+01
  3.247356e+00,  2.748651e+01
  3.134357e+00,  6.191161e+00
  3.489235e+00,  3.453129e+02
  4.186560e+00,  3.298256e+02
  5.002847e+00,  3.193813e+02
  5.761305e+00,  3.119763e+02
  6.344963e+00,  3.060381e+02
  6.684148e+00,  3.005134e+02
  6.752119e+00,  2.946217e+02
  6.566856e+00,  2.876706e+02
  6.194352e+00,  2.789651e+02
  5.748111e+00,  2.678776e+02
  5.373354e+00,  2.542294e+02
  5.197290e+00,  2.389331e+02
  5.253535e+00,  2.240124e+02
  5.453318e+00,  2.113483e+02
  5.644141e+00,  2.016695e+02
  5.686554e+00,  1.948581e+02
  5.493071e+00,  1.906429e+02
  5.038094e+00,  1.890370e+02
  4.360027e+00,  1.906500e+02
  3.570026e+00,  1.971299e+02
  2.879614e+00,  2.113727e+02
  2.600150e+00,  2.338182e+02
  2.882456e+00,  2.550353e+02
  3.486837e+00,  2.671520e+02
  4.117725e+00,  2.716350e+02
  4.616078e+00,  2.712318e+02
  4.927099e+00,  2.674121e+02
  5.064037e+00,  2.607914e+02
  5.085388e+00,  2.516755e+02
  5.071474e+00,  2.404596e+02
  5.092377e+00,  2.278805e+02
  5.174849e+00,  2.149486e+02
  5.289554e+00,  2.025463e+02
  5.368869e+00,  1.910686e+02
  5.339426e+00,  1.803834e+02
  5.149311e+00,  1.699678e+02
  4.784662e+00,  1.589822e+02
  4.281179e+00,  1.462001e+02
  3.738236e+00,  1.299182e+02
  3.332990e+00,  1.085788e+02
  3.278061e+00,  8.351226e+01
  3.650421e+00,  6.024357e+01
  4.310355e+00,  4.248616e+01
  5.059034e+00,  2.966851e+01
  5.748938e+00,  2.004587e+01
  6.289009e+00,  1.224948e+01
  6.629511e+00,  5.358600e+00
  6.752165e+00,  3.587164e+02
  6.665006e+00,  3.517864e+02
  6.399586e+00,  3.440653e+02
  6.009151e+00,  3.350436e+02
  5.566290e+00,  3.242407e+02
  5.155577e+00,  3.113804e+02
  4.855260e+00,  2.966598e+02
  4.708508e+00,  2.809270e+02
  4.700188e+00,  2.653669e+02
  4.763691e+00,  2.508208e+02
  4.814186e+00,  2.374348e+02
  4.780753e+00,  2.248052e+02
  4.623717e+00,  2.122282e+02
  4.341658e+00,  1.988154e+02
  3.975209e+00,  1.835136e+02
  3.609393e+00,  1.652471e+02
  3.364054e+00,  1.436087e+02
  3.345616e+00,  1.200611e+02
  3.568378e+00,  9.758994e+01
  3.941902e+00,  7.811240e+01
  4.343946e+00,  6.152064e+01
  4.680010e+00,  4.679569e+01
  4.900216e+00,  3.286605e+01
  4.999001e+00,  1.884231e+01
  5.010873e+00,  4.064995e+00
  5.001157e+00,  3.482103e+02
  5.045711e+00,  3.314729e+02
  5.198617e+00,  3.146110e+02
  5.463370e+00,  2.986052e+02
  5.790778e+00,  2.841312e+02
  6.103950e+00,  2.713440e+02
  6.324907e+00,  2.600175e+02
  6.392819e+00,  2.497496e+02
  6.273107e+00,  2.400811e+02
  5.960685e+00,  2.305257e+02
  5.480045e+00,  2.205489e+02
  4.883295e+00,  2.095332e+02
  4.245909e+00,  1.967835e+02
  3.657277e+00,  1.817070e+02
  3.198572e+00,  1.643459e+02
  2.903188e+00,  1.460047e+02
  2.725639e+00,  1.288226e+02
  2.563536e+00,  1.142573e+02
  2.314282e+00,  1.024471e+02
  1.910989e+00,  9.271179e+01
  1.328798e+00,  8.381904e+01
  5.817552e-01,  7.105088e+01
  3.408002e-01,  2.783368e+02
  1.292925e+00,  2.583782e+02
  2.274921e+00,  2.516525e+02
  3.208553e+00,  2.463620e+02
  4.032669e+00,  2.412884e+02
  4.700048e+00,  2.359239e+02
  5.183726e+00,  2.298755e+02
  5.483721e+00,  2.227445e+02
  5.634275e+00,  2.141073e+02
  5.705873e+00,  2.036263e+02
  5.798800e+00,  1.912768e+02
  6.018575e+00,  1.776138e+02
  6.433469e+00,  1.637369e+02
  7.041163e+00,  1.507531e+02
  7.773576e+00,  1.392274e+02
  8.530014e+00,  1.291301e+02
  9.209677e+00,  1.201009e+02
  9.731836e+00,  1.116795e+02
  1.004668e+01,  1.034125e+02
  1.014101e+01,  9.488708e+01
  1.003998e+01,  8.574931e+01
  9.803111e+00,  7.574394e+01
  9.511514e+00,  6.479396e+01
  9.243845e+00,  5.309541e+01
  9.044942e+00,  4.114004e+01
  8.901997e+00,  2.957668e+01
  8.745190e+00,  1.896602e+01
  8.473573e+00,  9.611973e+00
  7.989517e+00,  1.561846e+00
  7.225527e+00,  3.547050e+02
  6.158173e+00,  3.488740e+02
  4.811043e+00,  3.439168e+02
  3.250623e+00,  3.397870e+02
  1.578308e+00,  3.370914e+02
  1.178873e-01,  1.097097e+02
  1.625084e+00,  1.441237e+02
  2.912785e+00,  1.417656e+02
  3.865345e+00,  1.385210e+02
  4.425689e+00,  1.348179e+02
  4.576993e+00,  1.305262e+02
  4.344888e+00,  1.252687e+02
  3.797013e+00,  1.182934e+02
  3.043406e+00,  1.080249e+02
  2.249103e+00,  9.097067e+01
  1.679240e+00,  6.118029e+01
  1.636531e+00,  2.263562e+01
  2.004034e+00,  3.539374e+02
  2.424744e+00,  3.355909e+02
  2.732593e+00,  3.213200e+02
  2.914765e+00,  3.074103e+02
  3.052062e+00,  2.920501e+02
  3.280937e+00,  2.752753e+02
  3.723232e+00,  2.590810e+02
  4.410468e+00,  2.457511e+02
  5.283965e+00,  2.360409e+02
  6.248450e+00,  2.294253e+02
  7.208817e+00,  2.250342e+02
  8.081408e+00,  2.220950e+02
  8.796828e+00,  2.200098e+02
  9.296673e+00,  2.183137e+02
  9.534488e+00,  2.166254e+02
  9.480507e+00,  2.146050e+02
  9.128438e+00,  2.119127e+02
  8.502689e+00,  2.081636e+02
  7.664135e+00,  2.028781e+02
  6.712306e+00,  1.954570e+02
  5.779839e+00,  1.852812e+02
  5.008223e+00,  1.721636e+02
  4.489203e+00,  1.571682e+02
  4.193218e+00,  1.427188e+02
  3.972246e+00,  1.310996e+02
  3.654584e+00,  1.233728e+02
  3.131104e+00,  1.201665e+02
  2.396142e+00,  1.236450e+02
  1.623930e+00,  1.422489e+02
  1.447494e+00,  1.871356e+02
  2.242150e+00,  2.182820e+02
  3.330269e+00,  2.283198e+02
  4.321600e+00,  2.305436e+02
  5.047862e+00,  2.292625e+02
  5.425623e+00,  2.256122e+02
  5.440065e+00,  2.196025e+02
  5.152222e+00,  2.105826e+02
  4.711652e+00,  1.974187e+02
  4.358593e+00,  1.793299e+02
  4.343128e+00,  1.581010e+02
  4.727739e+00,  1.383779e+02
  5.326245e+00,  1.231242e+02
  5.881091e+00,  1.120433e+02
  6.195677e+00,  1.037800e+02
  6.157729e+00,  9.713628e+01
  5.730966e+00,  9.115395e+01
  4.945593e+00,  8.484814e+01
  3.892989e+00,  7.665782e+01
  2.737113e+00,  6.292817e+01
  1.804458e+00,  3.401765e+01
  1.703961e+00,  3.478082e+02
  2.357474e+00,  3.188525e+02
  3.083866e+00,  3.066759e+02
  3.598949e+00,  3.014091e+02
  3.822753e+00,  2.993807e+02
  3.751275e+00,  2.991995e+02
  3.419452e+00,  3.001757e+02
  2.882035e+00,  3.017493e+02
  2.199284e+00,  3.030456e+02
  1.429630e+00,  3.016601e+02
  6.613654e-01,  2.845480e+02
  5.632462e-01,  1.966534e+02
  1.346839e+00,  1.715966e+02
  2.202212e+00,  1.685104e+02
  3.005255e+00,  1.686509e+02
  3.684151e+00,  1.690711e+02
  4.168488e+00,  1.687945e+02
  4.397928e+00,  1.672210e+02
  4.339365e+00,  1.636624e+02
  4.009152e+00,  1.569753e+02
  3.506283e+00,  1.450949e+02
  3.064466e+00,  1.252201e+02
  3.040598e+00,  9.841863e+01
  3.591886e+00,  7.410370e+01
  4.469987e+00,  5.760012e+01
  5.350018e+00,  4.683697e+01
  6.004922e+00,  3.912918e+01
  6.295905e+00,  3.278025e+01
  6.156649e+00,  2.664520e+01
  5.591475e+00,  1.961897e+01
  4.683162e+00,  1.003849e+01
  3.622448e+00,  3.545793e+02
  2.796664e+00,  3.274317e+02
  2.763139e+00,  2.910628e+02
  3.492249e+00,  2.643040e+02
  4.401222e+00,  2.496523e+02
  5.114665e+00,  2.413956e+02
  5.467591e+00,  2.363846e+02
  5.406396e+00,  2.332707e+02
  4.952039e+00,  2.315201e+02
  4.182990e+00,  2.310650e+02
  3.221084e+00,  2.323229e+02
  2.217739e+00,  2.366631e+02
  1.346042e+00,  2.479496e+02
  8.033223e-01,  2.737111e+02
  6.632486e-01,  3.024253e+02
  6.388536e-01,  3.023984e+02
  7.288349e-01,  2.692808e+02
  1.282133e+00,  2.382204e+02
  2.230878e+00,  2.245030e+02
  3.374401e+00,  2.180049e+02
  4.546335e+00,  2.141924e+02
  5.596697e+00,  2.114837e+02
  6.396553e+00,  2.092099e+02
  6.849949e+00,  2.069937e+02
  6.904410e+00,  2.045200e+02
  6.557542e+00,  2.013998e+02
  5.860049e+00,  1.970096e+02
  4.918629e+00,  1.902006e+02
  3.907911e+00,  1.787804e+02
  3.102074e+00,  1.594722e+02
  2.842885e+00,  1.329482e+02
  3.196328e+00,  1.099376e+02
  3.834088e+00,  9.636372e+01
  4.461035e+00,  8.959711e+01
  4.940044e+00,  8.663574e+01
  5.224362e+00,  8.565048e+01
  5.308016e+00,  8.543266e+01
  5.201815e+00,  8.496919e+01
  4.926671e+00,  8.319865e+01
  4.523376e+00,  7.882437e+01
  4.079341e+00,  7.021457e+01
  3.762314e+00,  5.598125e+01
  3.797111e+00,  3.736211e+01
  4.294865e+00,  1.939585e+01
  5.129672e+00,  5.791593e+00
  6.066311e+00,  3.563545e+02
  6.889532e+00,  3.495842e+02
  7.433785e+00,  3.442110e+02
  7.585326e+00,  3.393181e+02
  7.286558e+00,  3.341229e+02
  6.544413e+00,  3.276798e+02
  5.445532e+00,  3.183656e+02
  4.198362e+00,  3.027521e+02
  3.255356e+00,  2.747381e+02
  3.297073e+00,  2.373290e+02
  4.289375e+00,  2.101053e+02
  5.551363e+00,  1.946732e+02
  6.657051e+00,  1.849742e+02
  7.415782e+00,  1.777077e+02
  7.757379e+00,  1.712623e+02
  7.694783e+00,  1.646572e+02
  7.311128e+00,  1.571101e+02
  6.749545e+00,  1.479267e+02
  6.193622e+00,  1.367055e+02
  5.821616e+00,  1.239188e+02
  5.729826e+00,  1.113171e+02
  5.883106e+00,  1.010854e+02
  6.161812e+00,  9.445164e+01
  6.453296e+00,  9.147295e+01
  6.700130e+00,  9.161496e+01
  6.896561e+00,  9.413674e+01
  7.059594e+00,  9.818853e+01
  7.196003e+00,  1.028602e+02
  7.281960e+00,  1.072937e+02
  7.264774e+00,  1.107959e+02
  7.082828e+00,  1.128510e+02
  6.691643e+00,  1.130126e+02
  6.086847e+00,  1.107185e+02
  5.322549e+00,  1.050614e+02
  4.528182e+00,  9.462971e+01
  3.915830e+00,  7.812034e+01
  3.710005e+00,  5.707961e+01
  3.939878e+00,  3.712260e+01
  4.381017e+00,  2.193076e+01
  4.770645e+00,  1.084903e+01
  4.939260e+00,  1.916002e+00
  4.817560e+00,  3.532591e+02
  4.429200e+00,  3.429169e+02
  3.907173e+00,  3.283561e+02
  3.533593e+00,  3.071307e+02
  3.678899e+00,  2.817057e+02
  4.455844e+00,  2.605623e+02
  5.622553e+00,  2.470097e+02
  6.900812e+00,  2.389522e+02
  8.101623e+00,  2.341094e+02
  9.105665e+00,  2.310611e+02
  9.840035e+00,  2.289435e+02
  1.026671e+01,  2.271660e+02
  1.037733e+01,  2.252524e+02
  1.019181e+01,  2.227541e+02
  9.759814e+00,  2.192008e+02
  9.164102e+00,  2.140914e+02
  8.521922e+00,  2.069662e+02
  7.975215e+00,  1.976408e+02
  7.655276e+00,  1.865856e+02
  7.621784e+00,  1.750600e+02
  7.820005e+00,  1.645277e+02
  8.105864e+00,  1.558383e+02
  8.312522e+00,  1.490658e+02
  8.301501e+00,  1.438532e+02
  7.983940e+00,  1.397183e+02
  7.324608e+00,  1.361600e+02
  6.339303e+00,  1.326096e+02
  5.090487e+00,  1.282090e+02
  3.686747e+00,  1.211088e+02
  2.312136e+00,  1.057037e+02
  1.435642e+00,  6.465926e+01
  1.798353e+00,  1.451387e+01
  2.697047e+00,  3.545862e+02
  3.480127e+00,  3.470054e+02
  3.984031e+00,  3.435950e+02
  4.170392e+00,  3.418360e+02
  4.052178e+00,  3.405901e+02
  3.676038e+00,  3.389657e+02
  3.115871e+00,  3.357514e+02
  2.476561e+00,  3.287069e+02
  1.921425e+00,  3.137608e+02
  1.705542e+00,  2.888325e+02
  1.980269e+00,  2.655074e+02
  2.560759e+00,  2.532410e+02
  3.228995e+00,  2.487790e+02
  3.870869e+00,  2.481827e+02
  4.422074e+00,  2.493069e+02
  4.834177e+00,  2.509776e+02
  5.065224e+00,  2.524386e+02
  5.081622e+00,  2.530628e+02
  4.866433e+00,  2.521324e+02
  4.434227e+00,  2.485610e+02
  3.859044e+00,  2.404550e+02
  3.329725e+00,  2.249135e+02
  3.195295e+00,  2.011936e+02
  3.736710e+00,  1.773712e+02
  4.820984e+00,  1.610660e+02
  6.142258e+00,  1.511941e+02
  7.468467e+00,  1.448551e+02
  8.643644e+00,  1.401806e+02
  9.562886e+00,  1.360913e+02
  1.016554e+01,  1.318918e+02
  1.043773e+01,  1.270506e+02
  1.041699e+01,  1.211023e+02
  1.019425e+01,  1.136432e+02
  9.906418e+00,  1.044396e+02
  9.709020e+00,  9.365026e+01
  9.722637e+00,  8.200248e+01
  9.974102e+00,  7.060194e+01
  1.038058e+01,  6.038246e+01
  1.079314e+01,  5.172848e+01
  1.105413e+01,  4.453269e+01
  1.103842e+01,  3.842387e+01
  1.067272e+01,  3.292065e+01
  9.941340e+00,  2.746144e+01
  8.887201e+00,  2.133249e+01
  7.614255e+00,  1.349939e+01
  6.298423e+00,  2.370030e+00
  5.208515e+00,  3.459378e+02
  4.677466e+00,  3.241175e+02
  4.862437e+00,  3.023703e+02
  5.532394e+00,  2.865101e+02
  6.330783e+00,  2.767978e+02
  7.020840e+00,  2.712779e+02
  7.489068e+00,  2.683486e+02
  7.698845e+00,  2.669777e+02
  7.658988e+00,  2.664573e+02
  7.404932e+00,  2.662104e+02
  6.987562e+00,  2.656731e+02
  6.468182e+00,  2.642289e+02
  5.918879e+00,  2.612032e+02
  5.425305e+00,  2.559847e+02
  5.082752e+00,  2.483839e+02
  4.970849e+00,  2.391316e+02
  5.109709e+00,  2.298407e+02
  5.439903e+00,  2.220401e+02
  5.847896e+00,  2.163373e+02
  6.211268e+00,  2.125489e+02
  6.426632e+00,  2.101910e+02
  6.419636e+00,  2.087633e+02
  6.147574e+00,  2.078097e+02
  5.599699e+00,  2.068619e+02
  4.796821e+00,  2.052826e+02
  3.792567e+00,  2.018632e+02
  2.687276e+00,  1.935098e+02
  1.714612e+00,  1.705851e+02
  1.516388e+00,  1.230010e+02
  2.293615e+00,  9.183893e+01
  3.323115e+00,  8.086958e+01
  4.283082e+00,  7.701681e+01
  5.064404e+00,  7.581471e+01
  5.615541e+00,  7.560792e+01
  5.911636e+00,  7.554987e+01
  5.948022e+00,  7.502356e+01
  5.740810e+00,  7.340894e+01
  5.332161e+00,  6.993186e+01
  4.800789e+00,  6.354612e+01
  4.276241e+00,  5.301907e+01
  3.938337e+00,  3.784453e+01
  3.945759e+00,  2.013975e+01
  4.298263e+00,  4.088757e+00
  4.824705e+00,  3.519036e+02
  5.317142e+00,  3.430910e+02
  5.613914e+00,  3.363444e+02
  5.613394e+00,  3.304484e+02
  5.272707e+00,  3.242607e+02
  4.612071e+00,  3.163225e+02
  3.735789e+00,  3.040316e+02
  2.901296e+00,  2.823351e+02
  2.617800e+00,  2.481700e+02
  3.203700e+00,  2.167870e+02
  4.242978e+00,  1.983754e+02
  5.282378e+00,  1.878910e+02
  6.080681e+00,  1.811005e+02
  6.513083e+00,  1.759732e+02
  6.526736e+00,  1.714200e+02
  6.128298e+00,  1.666361e+02
  5.380117e+00,  1.607095e+02
  4.401354e+00,  1.521706e+02
  3.382091e+00,  1.382559e+02
  2.619358e+00,  1.149430e+02
  2.443356e+00,  8.459866e+01
  2.786467e+00,  6.081629e+01
  3.233625e+00,  4.749823e+01
  3.501027e+00,  4.091539e+01
  3.474829e+00,  3.848676e+01
  3.140562e+00,  3.941110e+01
  2.551966e+00,  4.448662e+01
  1.835605e+00,  5.748954e+01
  1.278091e+00,  8.882716e+01
  1.371991e+00,  1.340070e+02
  1.974914e+00,  1.595874e+02
  2.615245e+00,  1.711415e+02
  3.099380e+00,  1.771958e+02
  3.359902e+00,  1.806695e+02
  3.385030e+00,  1.824584e+02
  3.200650e+00,  1.825971e+02
  2.863946e+00,  1.804885e+02
  2.463204e+00,  1.748441e+02
  2.123611e+00,  1.640034e+02
  1.994941e+00,  1.483357e+02
  2.159564e+00,  1.331825e+02
  2.551931e+00,  1.236652e+02
  3.047967e+00,  1.198608e+02
  3.551084e+00,  1.199259e+02
  3.995333e+00,  1.223968e+02
  4.332365e+00,  1.264475e+02
  4.527182e+00,  1.317248e+02
  4.561788e+00,  1.382226e+02
  4.443986e+00,  1.462173e+02
  4.218417e+00,  1.561806e+02
  3.968287e+00,  1.685582e+02
  3.802664e+00,  1.831856e+02
  3.811205e+00,  1.985731e+02
  4.002517e+00,  2.122980e+02
  4.295396e+00,  2.225990e+02
  4.575494e+00,  2.290132e+02
  4.751676e+00,  2.317282e+02
  4.782528e+00,  2.309425e+02
  4.684401e+00,  2.266720e+02
  4.528175e+00,  2.189157e+02
  4.416746e+00,  2.081410e+02
  4.431647e+00,  1.957667e+02
  4.570613e+00,  1.838012e+02
  4.736590e+00,  1.737052e+02
  4.788275e+00,  1.659015e+02
  4.596428e+00,  1.602111e+02
  4.074596e+00,  1.564184e+02
  3.190990e+00,  1.547881e+02
  1.977315e+00,  1.577656e+02
  6.616650e-01,  1.944484e+02
  1.435605e+00,  2.939371e+02
  3.121538e+00,  3.035999e+02
  4.749410e+00,  3.043722e+02
  6.148243e+00,  3.029452e+02
  7.201736e+00,  3.003474e+02
  7.837089e+00,  2.967117e+02
  8.033790e+00,  2.918478e+02
  7.832482e+00,  2.853350e+02
  7.341476e+00,  2.765340e+02
  6.738453e+00,  2.647073e+02
  6.252190e+00,  2.495621e+02
  6.087619e+00,  2.322774e+02
  6.299118e+00,  2.155591e+02
  6.750702e+00,  2.016132e+02
  7.227046e+00,  1.908538e+02
  7.547471e+00,  1.826318e+02
  7.604279e+00,  1.761067e+02
  7.360120e+00,  1.705374e+02
  6.835759e+00,  1.652680e+02
  6.097509e+00,  1.596292e+02
  5.246122e+00,  1.528287e+02
  4.407162e+00,  1.439211e+02
  3.717932e+00,  1.321420e+02
  3.292941e+00,  1.180390e+02
  3.157495e+00,  1.044170e+02
  3.220512e+00,  9.447463e+01
  3.349565e+00,  8.933612e+01
  3.449171e+00,  8.851572e+01
  3.476165e+00,  9.123232e+01
  3.428043e+00,  9.695885e+01
  3.329568e+00,  1.054087e+02
  3.224899e+00,  1.163415e+02
  3.168789e+00,  1.292206e+02
  3.208192e+00,  1.428726e+02
  3.356475e+00,  1.556154e+02
  3.580956e+00,  1.659542e+02
  3.817630e+00,  1.730706e+02
  3.999747e+00,  1.766586e+02
  4.084145e+00,  1.765152e+02
  4.073294e+00,  1.722905e+02
  4.034018e+00,  1.635932e+02
  4.098883e+00,  1.507034e+02
  4.413239e+00,  1.355612e+02
  5.031677e+00,  1.211423e+02
  5.875785e+00,  1.092416e+02
  6.794310e+00,  9.990505e+01
  7.630683e+00,  9.242427e+01
  8.254432e+00,  8.604817e+01
  8.573039e+00,  8.016373e+01
  8.537944e+00,  7.426841e+01
  8.147808e+00,  6.789869e+01
  7.448642e+00,  6.055576e+01
  6.529838e+00,  5.163655e+01
  5.515025e+00,  4.039398e+01
  4.545318e+00,  2.603287e+01
  3.743593e+00,  8.237359e+00
  3.154255e+00,  3.479791e+02
  2.699946e+00,  3.271429e+02
  2.233261e+00,  3.060878e+02
  1.668031e+00,  2.804386e+02
  1.203604e+00,  2.350240e+02
  1.582601e+00,  1.765796e+02
  2.738392e+00,  1.468998e+02
  4.144686e+00,  1.320180e+02
  5.559154e+00,  1.224536e+02
  6.825007e+00,  1.152127e+02
  7.820547e+00,  1.091010e+02
  8.458492e+00,  1.035013e+02
  8.691524e+00,  9.800354e+01
  8.515880e+00,  9.225507e+01
  7.971324e+00,  8.587244e+01
  7.137753e+00,  7.836113e+01
  6.129580e+00,  6.902408e+01
  5.088917e+00,  5.689229e+01
  4.174702e+00,  4.089424e+01
  3.531047e+00,  2.081655e+01
  3.211428e+00,  3.588175e+02
  3.119323e+00,  3.383925e+02
  3.082973e+00,  3.210080e+02
  2.975229e+00,  3.056648e+02
  2.758564e+00,  2.903211e+02
  2.481581e+00,  2.725972e+02
  2.270044e+00,  2.505851e+02
  2.281106e+00,  2.255752e+02
  2.572707e+00,  2.029037e+02
  3.048737e+00,  1.858368e+02
  3.570610e+00,  1.735401e+02
  4.034114e+00,  1.641312e+02
  4.375651e+00,  1.560753e+02
  4.565489e+00,  1.482084e+02
  4.606423e+00,  1.395377e+02
  4.538560e+00,  1.291267e+02
  4.446508e+00,  1.161982e+02
  4.455981e+00,  1.006340e+02
  4.694781e+00,  8.364061e+01
  5.220268e+00,  6.738710e+01
  5.984097e+00,  5.342932e+01
  6.870691e+00,  4.199148e+01
  7.750413e+00,  3.254037e+01
  8.507335e+00,  2.440377e+01
  9.049151e+00,  1.700401e+01
  9.311383e+00,  9.879369e+00
  9.260066e+00,  2.642945e+00
  8.894032e+00,  3.549272e+02
  8.247553e+00,  3.463221e+02
  7.386433e+00,  3.363207e+02
  6.404122e+00,  3.242481e+02
  5.418008e+00,  3.092171e+02
  4.563072e+00,  2.902853e+02
  3.971186e+00,  2.672007e+02
  3.717114e+00,  2.415908e+02
  3.763614e+00,  2.164763e+02
  3.996553e+00,  1.937641e+02
  4.314466e+00,  1.735537e+02
  4.663897e+00,  1.553208e+02
  5.021643e+00,  1.387073e+02
  5.366980e+00,  1.236187e+02
  5.665008e+00,  1.100716e+02
  5.864885e+00,  9.805857e+01
  5.908306e+00,  8.750705e+01
  5.741450e+00,  7.830817e+01
  5.325628e+00,  7.037494e+01
  4.644769e+00,  6.372768e+01
  3.709847e+00,  5.868776e+01
  2.563083e+00,  5.662588e+01
  1.306444e+00,  6.521181e+01
  7.035065e-01,  1.451848e+02
  1.864362e+00,  1.842992e+02
  3.200810e+00,  1.870524e+02
  4.424664e+00,  1.844364e+02
  5.455861e+00,  1.800098e+02
  6.250564e+00,  1.745634e+02
  6.792704e+00,  1.682844e+02
  7.093766e+00,  1.611574e+02
  7.191735e+00,  1.530890e+02
  7.147251e+00,  1.439848e+02
  7.035409e+00,  1.338378e+02
  6.931890e+00,  1.228269e+02
  6.894677e+00,  1.113672e+02
  6.947955e+00,  1.000293e+02
  7.077759e+00,  8.933387e+01
  7.242479e+00,  7.956694e+01
  7.390791e+00,  7.073066e+01
  7.477356e+00,  6.260749e+01
  7.472393e+00,  5.484966e+01
  7.366336e+00,  4.704565e+01
  7.171872e+00,  3.876604e+01
  6.924084e+00,  2.961637e+01
  6.677102e+00,  1.933112e+01
  6.493448e+00,  7.918519e+00
  6.423382e+00,  3.557792e+02
  6.480023e+00,  3.436332e+02
  6.626373e+00,  3.322091e+02
  6.785601e+00,  3.219392e+02
  6.866382e+00,  3.129024e+02
  6.785014e+00,  3.049263e+02
  6.481139e+00,  2.977139e+02
  5.926209e+00,  2.909087e+02
  5.126598e+00,  2.840800e+02
  4.123128e+00,  2.765975e+02
  2.989100e+00,  2.672012e+02
  1.835238e+00,  2.521575e+02
  8.954117e-01,  2.140622e+02
  9.172433e-01,  1.370482e+02
  1.557663e+00,  1.034105e+02
  2.078703e+00,  8.572676e+01
  2.380927e+00,  6.978534e+01
  2.524598e+00,  5.148827e+01
  2.670826e+00,  2.953140e+01
  3.015579e+00,  6.089340e+00
  3.640783e+00,  3.454446e+02
  4.459088e+00,  3.295106e+02
  5.309037e+00,  3.175477e+02
  6.035070e+00,  3.082321e+02
  6.514224e+00,  3.005026e+02
  6.664468e+00,  2.935817e+02
  6.449469e+00,  2.868207e+02
  5.881908e+00,  2.795131e+02
  5.027239e+00,  2.706203e+02
  4.014247e+00,  2.582471e+02
  3.061133e+00,  2.388509e+02
  2.513025e+00,  2.091130e+02
  2.626813e+00,  1.771297e+02
  3.147160e+00,  1.551188e+02
  3.672958e+00,  1.420259e+02
  3.990366e+00,  1.338602e+02
  4.020987e+00,  1.283707e+02
  3.762196e+00,  1.244547e+02
  3.259935e+00,  1.215465e+02
  2.592199e+00,  1.193393e+02
  1.854821e+00,  1.176783e+02
  1.147853e+00,  1.165905e+02
  5.630880e-01,  1.168172e+02
  1.759454e-01,  1.257122e+02
  7.407079e-02,  1.858627e+02
  1.866923e-01,  1.595963e+02
  5.343033e-01,  1.399911e+02
  1.101178e+00,  1.346630e+02
  1.825966e+00,  1.337102e+02
  2.643160e+00,  1.346949e+02
  3.489322e+00,  1.368590e+02
  4.310012e+00,  1.398833e+02
  5.063985e+00,  1.435683e+02
  5.723771e+00,  1.477196e+02
  6.272842e+00,  1.520876e+02
  6.695124e+00,  1.563822e+02
  6.968129e+00,  1.602981e+02
  7.062205e+00,  1.635383e+02
  6.946312e+00,  1.658182e+02
  6.598691e+00,  1.668350e+02
  6.019334e+00,  1.661902e+02
  5.241879e+00,  1.632426e+02
  4.345100e+00,  1.568518e+02
  3.466877e+00,  1.450710e+02
  2.812753e+00,  1.257871e+02
  2.575690e+00,  1.010678e+02
  2.702537e+00,  7.893195e+01
  2.908444e+00,  6.308036e+01
  2.952041e+00,  5.139197e+01
  2.722134e+00,  4.064571e+01
  2.227386e+00,  2.668462e+01
  1.652655e+00,  8.273136e-01
  1.566113e+00,  3.155676e+02
  2.332383e+00,  2.817778e+02
  3.455164e+00,  2.671203e+02
  4.572374e+00,  2.608143e+02
  5.508954e+00,  2.584316e+02
  6.168534e+00,  2.584606e+02
  6.512908e+00,  2.604040e+02
  6.561324e+00,  2.641917e+02
  6.385682e+00,  2.699111e+02
  6.096878e+00,  2.775694e+02
  5.814851e+00,  2.867718e+02
  5.621638e+00,  2.964647e+02
  5.521217e+00,  3.051266e+02
  5.444892e+00,  3.113689e+02
  5.304152e+00,  3.142722e+02
  5.051621e+00,  3.131829e+02
  4.723424e+00,  3.074220e+02
  4.455609e+00,  2.965700e+02
  4.441550e+00,  2.818413e+02
  4.789900e+00,  2.668748e+02
  5.411739e+00,  2.550241e+02
  6.097761e+00,  2.470601e+02
  6.645018e+00,  2.422929e+02
  6.908897e+00,  2.399273e+02
  6.810907e+00,  2.394751e+02
  6.335916e+00,  2.407926e+02
  5.526955e+00,  2.441177e+02
  4.479518e+00,  2.502845e+02
  3.341786e+00,  2.613955e+02
  2.342229e+00,  2.823180e+02
  1.845015e+00,  3.181236e+02
  2.039366e+00,  3.543942e+02
  2.519619e+00,  1.721738e+01
  2.927113e+00,  3.191915e+01
  3.145360e+00,  4.341381e+01
  3.167402e+00,  5.384924e+01
  3.027241e+00,  6.400230e+01
  2.763364e+00,  7.383779e+01
  2.395801e+00,  8.265585e+01
  1.921270e+00,  8.895355e+01
  1.335770e+00,  8.893763e+01
  7.429539e-01,  6.563654e+01
  8.689989e-01,  5.007492e-01
  1.767369e+00,  3.398859e+02
  2.818307e+00,  3.368303e+02
  3.834910e+00,  3.378740e+02
  4.697305e+00,  3.403809e+02
  5.308014e+00,  3.437156e+02
  5.599936e+00,  3.478340e+02
  5.548566e+00,  3.529951e+02
  5.182005e+00,  3.597428e+02
  4.587573e+00,  8.986484e+00
  3.913610e+00,  2.200235e+01
  3.352847e+00,  3.972081e+01
  3.060588e+00,  6.053957e+01
  3.010534e+00,  7.980516e+01
  2.996536e+00,  9.434889e+01
  2.806899e+00,  1.042788e+02
  2.322291e+00,  1.106245e+02
  1.519739e+00,  1.133975e+02
  4.703380e-01,  1.011427e+02
  8.289615e-01,  3.206128e+02
  2.079176e+00,  3.156086e+02
  3.208859e+00,  3.164637e+02
  4.066129e+00,  3.185349e+02
  4.537508e+00,  3.214945e+02
  4.562351e+00,  3.257516e+02
  4.153153e+00,  3.324299e+02
  3.428186e+00,  3.441694e+02
  2.696212e+00,  6.520460e+00
  2.548907e+00,  4.130796e+01
  3.254243e+00,  6.988502e+01
  4.304439e+00,  8.448817e+01
  5.241620e+00,  9.096080e+01
  5.831924e+00,  9.285497e+01
  5.976653e+00,  9.125674e+01
  5.693088e+00,  8.582176e+01
  5.140958e+00,  7.501164e+01
  4.675744e+00,  5.688140e+01
  4.789003e+00,  3.343874e+01
  5.677468e+00,  1.288554e+01
  7.036053e+00,  3.594586e+02
  8.457755e+00,  3.515926e+02
  9.648729e+00,  3.471312e+02
  1.042341e+01,  3.447263e+02
  1.067960e+01,  3.436102e+02
  1.038417e+01,  3.433102e+02
  9.562125e+00,  3.434683e+02
  8.284805e+00,  3.437012e+02
  6.657264e+00,  3.433961e+02
  4.810184e+00,  3.411413e+02
  2.921541e+00,  3.321776e+02
  1.498038e+00,  2.933245e+02
  2.064048e+00,  2.306426e+02
  3.619290e+00,  2.132711e+02
  5.116001e+00,  2.088133e+02
  6.343836e+00,  2.074857e+02
  7.210294e+00,  2.067773e+02
  7.662159e+00,  2.055631e+02
  7.687809e+00,  2.029765e+02
  7.338274e+00,  1.980131e+02
  6.761635e+00,  1.893379e+02
  6.241949e+00,  1.756443e+02
  6.167103e+00,  1.576147e+02
  6.781738e+00,  1.397122e+02
  7.947398e+00,  1.262165e+02
  9.308599e+00,  1.176457e+02
  1.053837e+01,  1.127792e+02
  1.141032e+01,  1.105175e+02
  1.179865e+01,  1.102240e+02
  1.167152e+01,  1.116297e+02
  1.108408e+01,  1.147199e+02
  1.016637e+01,  1.196380e+02
  9.100232e+00,  1.265392e+02
  8.077856e+00,  1.352914e+02
  7.237047e+00,  1.450486e+02
  6.597016e+00,  1.541022e+02
  6.057622e+00,  1.604087e+02
  5.489316e+00,  1.621604e+02
  4.854725e+00,  1.575841e+02
  4.306123e+00,  1.447316e+02
  4.189506e+00,  1.241649e+02
  4.737620e+00,  1.029558e+02
  5.736377e+00,  8.721975e+01
  6.774727e+00,  7.648071e+01
  7.518290e+00,  6.837279e+01
  7.752726e+00,  6.093212e+01
  7.379468e+00,  5.232223e+01
  6.358628e+00,  3.981142e+01
  3.966992e+00,  1.888521e+01
##END=
