##TITLE= E:\桌面\nmr\ogm\sjd\matlabcod\1\2_17_xjhsjd
##JCAMP-DX= 5.00 Bruker JCAMP library
##DATA TYPE= Shape Data
##ORIGIN= Colm's GRAPE Pulses 
##OWNER= Dawei.Lu
##DATE= 02-Aug-2025
##TIME= 11:31
##MINX= 1.280051e-01
##MAXX= 1.171648e+01
##MINY= 2.616246e-02
##MAXY= 3.599261e+02
##$SHAPE_EXMODE= None
##$SHAPE_TOTROT= 9.000000e+01
##$SHAPE_BWFAC= 1.000000e+00
##$SHAPE_INTEGFAC= 1.000000e+00
##$SHAPE_MODE= 1
##PULSE_WIDTH= 5000
##Calibration_Power= 12500
##NPOINTS= 1000
##XYPOINTS= (XY..XY)
  1.898020e+00,  1.362158e+02
  2.913992e+00,  1.289355e+02
  4.209422e+00,  1.205936e+02
  4.952122e+00,  1.137690e+02
  5.433293e+00,  1.078585e+02
  5.667840e+00,  1.023656e+02
  5.649803e+00,  9.696017e+01
  5.385778e+00,  9.138063e+01
  4.899822e+00,  8.535314e+01
  4.233401e+00,  7.851174e+01
  3.443761e+00,  7.026730e+01
  2.601667e+00,  5.950831e+01
  1.791524e+00,  4.376615e+01
  1.126561e+00,  1.681910e+01
  7.993855e-01,  3.290422e+02
  9.107150e-01,  2.790319e+02
  1.199474e+00,  2.449573e+02
  1.540714e+00,  2.179468e+02
  1.981996e+00,  1.941708e+02
  2.584077e+00,  1.740739e+02
  3.349110e+00,  1.581072e+02
  4.223550e+00,  1.457053e+02
  5.126200e+00,  1.359319e+02
  5.969651e+00,  1.279565e+02
  6.673611e+00,  1.211485e+02
  7.174300e+00,  1.150324e+02
  7.431718e+00,  1.092208e+02
  7.435006e+00,  1.033587e+02
  7.205635e+00,  9.708211e+01
  6.797985e+00,  8.999839e+01
  6.296330e+00,  8.171932e+01
  5.805492e+00,  7.200797e+01
  5.429923e+00,  6.107999e+01
  5.239385e+00,  4.987050e+01
  5.238679e+00,  3.979972e+01
  5.372287e+00,  3.203205e+01
  5.562598e+00,  2.700595e+01
  5.745532e+00,  2.456424e+01
  5.883059e+00,  2.426877e+01
  5.958398e+00,  2.559608e+01
  5.965301e+00,  2.801562e+01
  5.899012e+00,  3.102250e+01
  5.752503e+00,  3.415794e+01
  5.518389e+00,  3.701520e+01
  5.194514e+00,  3.922042e+01
  4.790428e+00,  4.038634e+01
  4.332774e+00,  4.005294e+01
  3.868803e+00,  3.766031e+01
  3.466816e+00,  3.268251e+01
  3.207760e+00,  2.513817e+01
  3.157447e+00,  1.631137e+01
  3.328540e+00,  8.457433e+00
  3.676002e+00,  3.175057e+00
  4.129273e+00,  6.153117e-01
  4.618680e+00,  9.388253e-02
  5.079561e+00,  7.897296e-01
  5.448480e+00,  2.025134e+00
  5.662667e+00,  3.295762e+00
  5.664772e+00,  4.210435e+00
  5.411275e+00,  4.393087e+00
  4.882615e+00,  3.327652e+00
  4.095066e+00,  2.616246e-02
  3.121770e+00,  3.520823e+02
  2.163600e+00,  3.327677e+02
  1.766812e+00,  2.922210e+02
  2.380805e+00,  2.557793e+02
  3.415956e+00,  2.393421e+02
  4.396348e+00,  2.318605e+02
  5.122824e+00,  2.279368e+02
  5.495426e+00,  2.256259e+02
  5.470865e+00,  2.241118e+02
  5.054395e+00,  2.229778e+02
  4.295927e+00,  2.219398e+02
  3.283820e+00,  2.206771e+02
  2.135419e+00,  2.184859e+02
  9.877334e-01,  2.120713e+02
  2.008261e-01,  1.145664e+02
  8.697902e-01,  5.459097e+01
  1.310904e+00,  4.885321e+01
  1.366932e+00,  4.544678e+01
  1.028810e+00,  3.957074e+01
  4.000269e-01,  6.849615e+00
  8.200682e-01,  2.582013e+02
  2.000507e+00,  2.458108e+02
  3.276517e+00,  2.434142e+02
  4.498694e+00,  2.433783e+02
  5.546243e+00,  2.444879e+02
  6.326043e+00,  2.464411e+02
  6.782100e+00,  2.491965e+02
  6.901711e+00,  2.528253e+02
  6.715995e+00,  2.574584e+02
  6.293675e+00,  2.632396e+02
  5.727405e+00,  2.702402e+02
  5.112490e+00,  2.783002e+02
  4.520736e+00,  2.868197e+02
  3.979860e+00,  2.946294e+02
  3.476348e+00,  3.000582e+02
  2.992165e+00,  3.010228e+02
  2.566385e+00,  2.949891e+02
  2.350648e+00,  2.804260e+02
  2.535937e+00,  2.621239e+02
  3.105423e+00,  2.486762e+02
  3.851239e+00,  2.419839e+02
  4.575941e+00,  2.400589e+02
  5.147103e+00,  2.412942e+02
  5.491485e+00,  2.449600e+02
  5.592288e+00,  2.509054e+02
  5.490002e+00,  2.593134e+02
  5.279215e+00,  2.704485e+02
  5.089985e+00,  2.842192e+02
  5.039744e+00,  2.996372e+02
  5.167054e+00,  3.148884e+02
  5.406479e+00,  3.283726e+02
  5.634657e+00,  3.394877e+02
  5.734581e+00,  3.484008e+02
  5.631530e+00,  3.555110e+02
  5.302273e+00,  1.122572e+00
  4.771456e+00,  5.283970e+00
  4.103536e+00,  7.630512e+00
  3.396355e+00,  7.125681e+00
  2.784461e+00,  1.870861e+00
  2.448746e+00,  3.504662e+02
  2.556004e+00,  3.366451e+02
  3.105096e+00,  3.274952e+02
  3.964693e+00,  3.244438e+02
  5.011215e+00,  3.251780e+02
  6.140761e+00,  3.276689e+02
  7.245895e+00,  3.307921e+02
  8.208567e+00,  3.340093e+02
  8.909071e+00,  3.370923e+02
  9.241468e+00,  3.399662e+02
  9.129316e+00,  3.426307e+02
  8.538272e+00,  3.451242e+02
  7.483368e+00,  3.475142e+02
  6.029803e+00,  3.499141e+02
  4.287226e+00,  3.525710e+02
  2.398951e+00,  3.563839e+02
  5.439498e-01,  1.367153e+01
  1.213993e+00,  1.667971e+02
  2.609077e+00,  1.732962e+02
  3.595644e+00,  1.762151e+02
  4.108232e+00,  1.783664e+02
  4.136002e+00,  1.800613e+02
  3.719261e+00,  1.810971e+02
  2.944928e+00,  1.805754e+02
  1.948445e+00,  1.751403e+02
  1.013259e+00,  1.476432e+02
  1.124002e+00,  8.171618e+01
  2.104559e+00,  6.230339e+01
  3.138822e+00,  6.164235e+01
  4.098702e+00,  6.637389e+01
  4.982707e+00,  7.335647e+01
  5.810722e+00,  8.120985e+01
  6.584662e+00,  8.900097e+01
  7.268097e+00,  9.606303e+01
  7.787935e+00,  1.019740e+02
  8.053629e+00,  1.064820e+02
  7.983597e+00,  1.093721e+02
  7.531378e+00,  1.102923e+02
  6.710703e+00,  1.084881e+02
  5.628279e+00,  1.023089e+02
  4.549615e+00,  8.852493e+01
  3.988748e+00,  6.443424e+01
  4.421032e+00,  3.815895e+01
  5.601236e+00,  2.110712e+01
  6.973620e+00,  1.244423e+01
  8.174922e+00,  8.507432e+00
  9.008065e+00,  7.194533e+00
  9.374809e+00,  7.485542e+00
  9.247132e+00,  8.875277e+00
  8.652292e+00,  1.109969e+01
  7.659572e+00,  1.400782e+01
  6.365742e+00,  1.749200e+01
  4.879852e+00,  2.143026e+01
  3.309359e+00,  2.558097e+01
  1.750101e+00,  2.908005e+01
  2.956276e-01,  1.612447e+01
  1.054871e+00,  2.302173e+02
  2.175248e+00,  2.329333e+02
  3.056060e+00,  2.377560e+02
  3.653656e+00,  2.426570e+02
  3.925374e+00,  2.470542e+02
  3.833275e+00,  2.504501e+02
  3.355388e+00,  2.519941e+02
  2.507796e+00,  2.492587e+02
  1.437886e+00,  2.307336e+02
  1.224504e+00,  1.597100e+02
  2.690911e+00,  1.268703e+02
  4.546794e+00,  1.201539e+02
  6.411362e+00,  1.189215e+02
  8.097856e+00,  1.194687e+02
  9.456594e+00,  1.207722e+02
  1.037095e+01,  1.224630e+02
  1.076666e+01,  1.243906e+02
  1.061956e+01,  1.264922e+02
  9.958303e+00,  1.287404e+02
  8.860815e+00,  1.311135e+02
  7.444790e+00,  1.335598e+02
  5.853572e+00,  1.359231e+02
  4.239814e+00,  1.377279e+02
  2.751935e+00,  1.374336e+02
  1.543677e+00,  1.293129e+02
  9.056780e-01,  9.567615e+01
  1.132055e+00,  6.046775e+01
  1.670891e+00,  5.694573e+01
  2.268948e+00,  6.526196e+01
  2.929158e+00,  7.646724e+01
  3.631248e+00,  8.740855e+01
  4.300271e+00,  9.725160e+01
  4.836816e+00,  1.061581e+02
  5.150734e+00,  1.146485e+02
  5.185768e+00,  1.234020e+02
  4.936973e+00,  1.332952e+02
  4.465090e+00,  1.455575e+02
  3.910832e+00,  1.618352e+02
  3.494731e+00,  1.832858e+02
  3.427201e+00,  2.076704e+02
  3.707317e+00,  2.293444e+02
  4.109740e+00,  2.454184e+02
  4.387769e+00,  2.567123e+02
  4.375888e+00,  2.647269e+02
  3.991528e+00,  2.704310e+02
  3.221004e+00,  2.740727e+02
  2.110627e+00,  2.744000e+02
  7.994068e-01,  2.576308e+02
  9.676824e-01,  1.398138e+02
  2.468496e+00,  1.268597e+02
  3.903856e+00,  1.262658e+02
  5.109713e+00,  1.276714e+02
  5.978587e+00,  1.296385e+02
  6.436906e+00,  1.316995e+02
  6.447123e+00,  1.335535e+02
  6.009142e+00,  1.348273e+02
  5.161090e+00,  1.348205e+02
  3.985831e+00,  1.318160e+02
  2.656478e+00,  1.203192e+02
  1.733185e+00,  8.228256e+01
  2.355811e+00,  3.372560e+01
  3.876052e+00,  1.642874e+01
  5.488441e+00,  1.132123e+01
  6.937068e+00,  1.005851e+01
  8.088180e+00,  1.017996e+01
  8.849844e+00,  1.069835e+01
  9.162390e+00,  1.105572e+01
  9.001994e+00,  1.078754e+01
  8.388203e+00,  9.331685e+00
  7.395157e+00,  5.803015e+00
  6.172600e+00,  3.586110e+02
  4.991187e+00,  3.450291e+02
  4.291348e+00,  3.228367e+02
  4.459511e+00,  2.976476e+02
  5.307666e+00,  2.793181e+02
  6.328156e+00,  2.686956e+02
  7.157323e+00,  2.627450e+02
  7.597924e+00,  2.592741e+02
  7.557516e+00,  2.570126e+02
  7.018079e+00,  2.550865e+02
  6.023686e+00,  2.525696e+02
  4.679254e+00,  2.477868e+02
  3.183171e+00,  2.361177e+02
  2.050552e+00,  2.032331e+02
  2.376135e+00,  1.543323e+02
  3.750358e+00,  1.331557e+02
  5.241943e+00,  1.268801e+02
  6.559729e+00,  1.259261e+02
  7.604199e+00,  1.273893e+02
  8.341316e+00,  1.301696e+02
  8.772357e+00,  1.337028e+02
  8.919143e+00,  1.375848e+02
  8.813066e+00,  1.414305e+02
  8.488067e+00,  1.448098e+02
  7.979771e+00,  1.472058e+02
  7.332269e+00,  1.479728e+02
  6.612237e+00,  1.462975e+02
  5.926932e+00,  1.412674e+02
  5.431788e+00,  1.323652e+02
  5.289727e+00,  1.206095e+02
  5.562847e+00,  1.089007e+02
  6.144397e+00,  9.984898e+01
  6.834835e+00,  9.406485e+01
  7.441956e+00,  9.092858e+01
  7.817779e+00,  8.963886e+01
  7.860539e+00,  8.957526e+01
  7.510647e+00,  9.031625e+01
  6.747489e+00,  9.158448e+01
  5.586601e+00,  9.320086e+01
  4.076137e+00,  9.507014e+01
  2.292192e+00,  9.728574e+01
  3.344834e-01,  1.048536e+02
  1.690895e+00,  2.783436e+02
  3.656476e+00,  2.805032e+02
  5.448130e+00,  2.818482e+02
  6.960125e+00,  2.826685e+02
  8.108574e+00,  2.828893e+02
  8.841143e+00,  2.823396e+02
  9.146237e+00,  2.807633e+02
  9.061219e+00,  2.777998e+02
  8.679156e+00,  2.729761e+02
  8.151539e+00,  2.657838e+02
  7.676745e+00,  2.559915e+02
  7.451516e+00,  2.442403e+02
  7.579006e+00,  2.323058e+02
  8.004332e+00,  2.221711e+02
  8.558127e+00,  2.148252e+02
  9.055431e+00,  2.102443e+02
  9.357455e+00,  2.080045e+02
  9.387806e+00,  2.076847e+02
  9.128134e+00,  2.089868e+02
  8.607094e+00,  2.117311e+02
  7.886475e+00,  2.158111e+02
  7.045321e+00,  2.211294e+02
  6.162948e+00,  2.275143e+02
  5.303116e+00,  2.346183e+02
  4.503451e+00,  2.418195e+02
  3.775369e+00,  2.481539e+02
  3.117882e+00,  2.522494e+02
  2.544060e+00,  2.521956e+02
  2.114481e+00,  2.457072e+02
  1.948386e+00,  2.326375e+02
  2.126836e+00,  2.190960e+02
  2.576103e+00,  2.114388e+02
  3.163859e+00,  2.098016e+02
  3.802002e+00,  2.120748e+02
  4.446120e+00,  2.165748e+02
  5.072284e+00,  2.221971e+02
  5.659371e+00,  2.281909e+02
  6.179004e+00,  2.340259e+02
  6.593360e+00,  2.393245e+02
  6.858932e+00,  2.438211e+02
  6.935467e+00,  2.473093e+02
  6.796672e+00,  2.495775e+02
  6.440302e+00,  2.503324e+02
  5.896945e+00,  2.491085e+02
  5.238192e+00,  2.451751e+02
  4.584139e+00,  2.375722e+02
  4.099478e+00,  2.257412e+02
  3.939309e+00,  2.111413e+02
  4.133892e+00,  1.975682e+02
  4.556803e+00,  1.878918e+02
  5.037450e+00,  1.823311e+02
  5.449727e+00,  1.799103e+02
  5.723652e+00,  1.796261e+02
  5.830033e+00,  1.806880e+02
  5.764104e+00,  1.824435e+02
  5.533260e+00,  1.842670e+02
  5.150534e+00,  1.854552e+02
  4.635865e+00,  1.850963e+02
  4.028010e+00,  1.818499e+02
  3.411877e+00,  1.736489e+02
  2.961372e+00,  1.581468e+02
  2.925188e+00,  1.366913e+02
  3.400586e+00,  1.171560e+02
  4.205610e+00,  1.041841e+02
  5.100795e+00,  9.636914e+01
  5.912603e+00,  9.147143e+01
  6.526823e+00,  8.803772e+01
  6.874195e+00,  8.520139e+01
  6.926251e+00,  8.238286e+01
  6.695075e+00,  7.910116e+01
  6.232848e+00,  7.485747e+01
  5.629554e+00,  6.907637e+01
  5.007041e+00,  6.117648e+01
  4.502908e+00,  5.096393e+01
  4.231223e+00,  3.938190e+01
  4.226819e+00,  2.866414e+01
  4.432670e+00,  2.091582e+01
  4.757429e+00,  1.680922e+01
  5.132218e+00,  1.584212e+01
  5.520644e+00,  1.706783e+01
  5.900884e+00,  1.949970e+01
  6.246145e+00,  2.227740e+01
  6.516390e+00,  2.473870e+01
  6.663039e+00,  2.642380e+01
  6.641603e+00,  2.702335e+01
  6.425690e+00,  2.630036e+01
  6.017637e+00,  2.401576e+01
  5.453341e+00,  1.987764e+01
  4.799905e+00,  1.354546e+01
  4.143392e+00,  4.777837e+00
  3.562836e+00,  3.538167e+02
  3.091496e+00,  3.418647e+02
  2.689345e+00,  3.310334e+02
  2.264221e+00,  3.237142e+02
  1.738712e+00,  3.231345e+02
  1.160023e+00,  3.388999e+02
  1.045562e+00,  2.810734e+01
  1.855688e+00,  6.014135e+01
  3.030416e+00,  6.897207e+01
  4.267819e+00,  7.085174e+01
  5.419211e+00,  7.019466e+01
  6.374885e+00,  6.826642e+01
  7.054731e+00,  6.545791e+01
  7.413267e+00,  6.183602e+01
  7.444364e+00,  5.730382e+01
  7.182413e+00,  5.165261e+01
  6.698902e+00,  4.459077e+01
  6.093439e+00,  3.580478e+01
  5.477168e+00,  2.511752e+01
  4.945789e+00,  1.276945e+01
  4.545853e+00,  3.596320e+02
  4.255228e+00,  3.469573e+02
  4.001369e+00,  3.357154e+02
  3.705744e+00,  3.261941e+02
  3.318278e+00,  3.180673e+02
  2.829644e+00,  3.105569e+02
  2.269328e+00,  3.023161e+02
  1.703402e+00,  2.907640e+02
  1.248617e+00,  2.710621e+02
  1.084679e+00,  2.412920e+02
  1.269564e+00,  2.163876e+02
  1.624736e+00,  2.049419e+02
  2.014078e+00,  2.020570e+02
  2.391733e+00,  2.035284e+02
  2.743407e+00,  2.071457e+02
  3.058011e+00,  2.117196e+02
  3.320354e+00,  2.166229e+02
  3.514328e+00,  2.215849e+02
  3.630186e+00,  2.265583e+02
  3.671322e+00,  2.316098e+02
  3.657700e+00,  2.368128e+02
  3.624286e+00,  2.421265e+02
  3.613944e+00,  2.472729e+02
  3.666467e+00,  2.516980e+02
  3.808921e+00,  2.547228e+02
  4.052831e+00,  2.558465e+02
  4.397284e+00,  2.549743e+02
  4.831249e+00,  2.524001e+02
  5.331828e+00,  2.485996e+02
  5.858034e+00,  2.440439e+02
  6.349227e+00,  2.390646e+02
  6.730453e+00,  2.338057e+02
  6.923205e+00,  2.282289e+02
  6.859177e+00,  2.221178e+02
  6.495272e+00,  2.150295e+02
  5.830403e+00,  2.061286e+02
  4.930176e+00,  1.937668e+02
  3.979936e+00,  1.747013e+02
  3.385809e+00,  1.449982e+02
  3.651414e+00,  1.103485e+02
  4.707137e+00,  8.429887e+01
  6.074067e+00,  6.741042e+01
  7.415918e+00,  5.544470e+01
  8.551786e+00,  4.580467e+01
  9.388437e+00,  3.717777e+01
  9.891783e+00,  2.886820e+01
  1.007264e+01,  2.049452e+01
  9.972597e+00,  1.187697e+01
  9.646187e+00,  3.004027e+00
  9.141366e+00,  3.540203e+02
  8.483888e+00,  3.452011e+02
  7.672043e+00,  3.369065e+02
  6.685142e+00,  3.295504e+02
  5.502723e+00,  3.236816e+02
  4.123900e+00,  3.203713e+02
  2.599178e+00,  3.231660e+02
  1.220124e+00,  3.533194e+02
  1.608189e+00,  6.777264e+01
  3.199286e+00,  8.500478e+01
  4.809810e+00,  8.756020e+01
  6.218754e+00,  8.679549e+01
  7.318582e+00,  8.488038e+01
  8.043634e+00,  8.243117e+01
  8.365775e+00,  7.963724e+01
  8.294075e+00,  7.652581e+01
  7.871616e+00,  7.304336e+01
  7.168477e+00,  6.908625e+01
  6.271354e+00,  6.451851e+01
  5.270833e+00,  5.919570e+01
  4.247565e+00,  5.301114e+01
  3.258909e+00,  4.597910e+01
  2.328597e+00,  3.835789e+01
  1.443571e+00,  3.085268e+01
  5.626617e-01,  2.623959e+01
  3.776243e-01,  1.845943e+02
  1.403129e+00,  1.846088e+02
  2.549148e+00,  1.805398e+02
  3.809856e+00,  1.768768e+02
  5.158134e+00,  1.738108e+02
  6.545740e+00,  1.712008e+02
  7.907365e+00,  1.688467e+02
  9.166483e+00,  1.665463e+02
  1.024284e+01,  1.641074e+02
  1.106165e+01,  1.613452e+02
  1.156388e+01,  1.580718e+02
  1.171648e+01,  1.540854e+02
  1.152081e+01,  1.491582e+02
  1.101740e+01,  1.430334e+02
  1.028468e+01,  1.354414e+02
  9.428902e+00,  1.261591e+02
  8.562037e+00,  1.151326e+02
  7.767599e+00,  1.026249e+02
  7.065545e+00,  8.923729e+01
  6.400731e+00,  7.564039e+01
  5.671495e+00,  6.210610e+01
  4.784484e+00,  4.804334e+01
  3.714532e+00,  3.120763e+01
  2.603283e+00,  4.935685e+00
  2.069215e+00,  3.167448e+02
  2.871803e+00,  2.704800e+02
  4.365956e+00,  2.469466e+02
  5.919465e+00,  2.334682e+02
  7.258869e+00,  2.237963e+02
  8.229966e+00,  2.156410e+02
  8.745932e+00,  2.079061e+02
  8.783690e+00,  1.998530e+02
  8.387091e+00,  1.907924e+02
  7.668283e+00,  1.799358e+02
  6.803470e+00,  1.663846e+02
  6.012216e+00,  1.494749e+02
  5.491951e+00,  1.297286e+02
  5.300618e+00,  1.094570e+02
  5.302074e+00,  9.114032e+01
  5.273035e+00,  7.543631e+01
  5.040009e+00,  6.137475e+01
  4.536972e+00,  4.713628e+01
  3.823147e+00,  2.995831e+01
  3.123556e+00,  5.565547e+00
  2.869984e+00,  3.319064e+02
  3.356327e+00,  2.997984e+02
  4.296936e+00,  2.783243e+02
  5.287831e+00,  2.646233e+02
  6.088348e+00,  2.549393e+02
  6.575943e+00,  2.471601e+02
  6.705102e+00,  2.400566e+02
  6.491950e+00,  2.327155e+02
  6.007979e+00,  2.242356e+02
  5.376879e+00,  2.135830e+02
  4.769327e+00,  1.997503e+02
  4.375441e+00,  1.826675e+02
  4.318424e+00,  1.644812e+02
  4.558567e+00,  1.484839e+02
  4.930791e+00,  1.362032e+02
  5.263950e+00,  1.271345e+02
  5.439110e+00,  1.201043e+02
  5.391800e+00,  1.139496e+02
  5.103669e+00,  1.075422e+02
  4.601304e+00,  9.955319e+01
  3.968822e+00,  8.807653e+01
  3.380740e+00,  7.047790e+01
  3.122622e+00,  4.571012e+01
  3.419564e+00,  1.975512e+01
  4.159322e+00,  3.599261e+02
  5.055454e+00,  3.462847e+02
  5.883799e+00,  3.362264e+02
  6.507320e+00,  3.277547e+02
  6.856573e+00,  3.195710e+02
  6.923288e+00,  3.107216e+02
  6.761656e+00,  3.003989e+02
  6.487007e+00,  2.879658e+02
  6.256533e+00,  2.732909e+02
  6.212152e+00,  2.572500e+02
  6.397262e+00,  2.416161e+02
  6.722405e+00,  2.279544e+02
  7.020990e+00,  2.168079e+02
  7.128983e+00,  2.079455e+02
  6.930381e+00,  2.009072e+02
  6.370950e+00,  1.953181e+02
  5.457144e+00,  1.910381e+02
  4.249407e+00,  1.883906e+02
  2.857086e+00,  1.890972e+02
  1.475278e+00,  2.022890e+02
  9.377393e-01,  2.700252e+02
  1.917959e+00,  3.058169e+02
  3.013514e+00,  3.084970e+02
  3.933863e+00,  3.036031e+02
  4.674019e+00,  2.952404e+02
  5.301767e+00,  2.846851e+02
  5.908630e+00,  2.729224e+02
  6.560349e+00,  2.610411e+02
  7.258806e+00,  2.500095e+02
  7.938892e+00,  2.403911e+02
  8.496177e+00,  2.323257e+02
  8.822136e+00,  2.257006e+02
  8.831182e+00,  2.203230e+02
  8.476304e+00,  2.160262e+02
  7.755162e+00,  2.127320e+02
  6.709259e+00,  2.105173e+02
  5.419011e+00,  2.097632e+02
  3.997923e+00,  2.116267e+02
  2.603307e+00,  2.197867e+02
  1.548697e+00,  2.467117e+02
  1.522387e+00,  2.955159e+02
  2.294051e+00,  3.187352e+02
  3.130028e+00,  3.244286e+02
  3.847719e+00,  3.238528e+02
  4.441891e+00,  3.204716e+02
  4.954616e+00,  3.157174e+02
  5.436124e+00,  3.105017e+02
  5.923707e+00,  3.055424e+02
  6.432266e+00,  3.013634e+02
  6.955607e+00,  2.982442e+02
  7.473369e+00,  2.962264e+02
  7.957391e+00,  2.951747e+02
  8.374846e+00,  2.948553e+02
  8.689266e+00,  2.950029e+02
  8.862060e+00,  2.953687e+02
  8.856210e+00,  2.957480e+02
  8.642044e+00,  2.959922e+02
  8.203582e+00,  2.960109e+02
  7.543524e+00,  2.957751e+02
  6.685374e+00,  2.953328e+02
  5.672540e+00,  2.948587e+02
  4.565544e+00,  2.947861e+02
  3.436868e+00,  2.961949e+02
  2.377245e+00,  3.020045e+02
  1.555148e+00,  3.203006e+02
  1.362761e+00,  3.573166e+02
  1.909687e+00,  2.262636e+01
  2.751031e+00,  3.004574e+01
  3.673840e+00,  3.033692e+01
  4.608875e+00,  2.819013e+01
  5.506411e+00,  2.544712e+01
  6.310937e+00,  2.292496e+01
  6.964136e+00,  2.102607e+01
  7.415891e+00,  1.998347e+01
  7.636370e+00,  1.997809e+01
  7.625961e+00,  2.119684e+01
  7.421151e+00,  2.384728e+01
  7.094380e+00,  2.811347e+01
  6.744593e+00,  3.401727e+01
  6.474061e+00,  4.118899e+01
  6.352698e+00,  4.871968e+01
  6.388523e+00,  5.538287e+01
  6.530890e+00,  6.015690e+01
  6.705286e+00,  6.254990e+01
  6.849589e+00,  6.253343e+01
  6.931529e+00,  6.034111e+01
  6.948160e+00,  5.634414e+01
  6.908534e+00,  5.101101e+01
  6.815016e+00,  4.487395e+01
  6.651002e+00,  3.845539e+01
  6.380110e+00,  3.217131e+01
  5.956497e+00,  2.625890e+01
  5.340309e+00,  2.074414e+01
  4.511666e+00,  1.540006e+01
  3.480047e+00,  9.538038e+00
  2.292741e+00,  9.206970e-01
  1.089995e+00,  3.371755e+02
  8.829537e-01,  2.470160e+02
  2.024070e+00,  2.146086e+02
  3.221311e+00,  2.067765e+02
  4.275195e+00,  2.039230e+02
  5.127085e+00,  2.030392e+02
  5.756157e+00,  2.032350e+02
  6.167902e+00,  2.040867e+02
  6.387041e+00,  2.052777e+02
  6.449590e+00,  2.064830e+02
  6.395442e+00,  2.073332e+02
  6.263771e+00,  2.074217e+02
  6.092472e+00,  2.063516e+02
  5.920191e+00,  2.038197e+02
  5.787509e+00,  1.997372e+02
  5.732735e+00,  1.943583e+02
  5.775135e+00,  1.882782e+02
  5.900434e+00,  1.822460e+02
  6.059404e+00,  1.768879e+02
  6.181137e+00,  1.725475e+02
  6.192425e+00,  1.693149e+02
  6.034239e+00,  1.671407e+02
  5.672025e+00,  1.659400e+02
  5.100209e+00,  1.656594e+02
  4.342088e+00,  1.663282e+02
  3.446123e+00,  1.681372e+02
  2.479872e+00,  1.716670e+02
  1.524322e+00,  1.788330e+02
  6.873072e-01,  1.995214e+02
  4.034091e-01,  2.865170e+02
  8.282397e-01,  3.295275e+02
  1.163130e+00,  3.436309e+02
  1.313116e+00,  3.544312e+02
  1.301402e+00,  6.477522e+00
  1.188164e+00,  2.215410e+01
  1.056911e+00,  4.315983e+01
  9.860573e-01,  6.874484e+01
  9.951101e-01,  9.476911e+01
  1.036770e+00,  1.184916e+02
  1.066156e+00,  1.412225e+02
  1.093161e+00,  1.654110e+02
  1.179270e+00,  1.912613e+02
  1.379472e+00,  2.152436e+02
  1.676579e+00,  2.340406e+02
  1.995402e+00,  2.475893e+02
  2.249892e+00,  2.572767e+02
  2.366876e+00,  2.643427e+02
  2.294805e+00,  2.695786e+02
  2.008415e+00,  2.733818e+02
  1.511317e+00,  2.756829e+02
  8.371232e-01,  2.747370e+02
  1.280051e-01,  2.073786e+02
  8.342556e-01,  1.165657e+02
  1.642937e+00,  1.140688e+02
  2.331973e+00,  1.142106e+02
  2.822749e+00,  1.147153e+02
  3.057488e+00,  1.150076e+02
  3.005111e+00,  1.146292e+02
  2.667138e+00,  1.127715e+02
  2.086723e+00,  1.073491e+02
  1.388896e+00,  9.128759e+01
  1.014314e+00,  4.539429e+01
  1.563873e+00,  2.555135e+00
  2.509173e+00,  3.485901e+02
  3.460699e+00,  3.446234e+02
  4.284705e+00,  3.443211e+02
  4.911983e+00,  3.457841e+02
  5.304675e+00,  3.482776e+02
  5.448716e+00,  3.514348e+02
  5.349101e+00,  3.550096e+02
  5.024918e+00,  3.587716e+02
  4.504643e+00,  2.437433e+00
  3.822970e+00,  5.576190e+00
  3.020647e+00,  7.380581e+00
  2.150457e+00,  5.890432e+00
  1.308291e+00,  3.545381e+02
  8.227876e-01,  3.115958e+02
  1.199329e+00,  2.661296e+02
  1.878731e+00,  2.530243e+02
  2.485379e+00,  2.500828e+02
  2.910794e+00,  2.501735e+02
  3.101026e+00,  2.511462e+02
  3.027672e+00,  2.519350e+02
  2.687285e+00,  2.514465e+02
  2.110899e+00,  2.474089e+02
  1.411113e+00,  2.323679e+02
  1.056333e+00,  1.861657e+02
  1.713046e+00,  1.449032e+02
  2.836556e+00,  1.325509e+02
  4.042426e+00,  1.296337e+02
  5.194582e+00,  1.299852e+02
  6.208435e+00,  1.317310e+02
  7.018699e+00,  1.341130e+02
  7.574772e+00,  1.367326e+02
  7.841094e+00,  1.393180e+02
  7.798843e+00,  1.416277e+02
  7.448305e+00,  1.433864e+02
  6.811932e+00,  1.442103e+02
  5.938745e+00,  1.434737e+02
  4.912596e+00,  1.400387e+02
  3.871437e+00,  1.317494e+02
  3.046815e+00,  1.152947e+02
  2.750091e+00,  9.081867e+01
  3.052842e+00,  6.871984e+01
  3.624299e+00,  5.557326e+01
  4.134672e+00,  4.899028e+01
  4.401079e+00,  4.600216e+01
  4.334684e+00,  4.491393e+01
  3.903983e+00,  4.476162e+01
  3.119992e+00,  4.477646e+01
  2.029904e+00,  4.352906e+01
  7.318622e-01,  3.049826e+01
  8.608372e-01,  2.553575e+02
  2.358208e+00,  2.451934e+02
  3.819634e+00,  2.449270e+02
  5.124934e+00,  2.462426e+02
  6.184890e+00,  2.480079e+02
  6.930169e+00,  2.498108e+02
  7.314656e+00,  2.513651e+02
  7.318921e+00,  2.523512e+02
  6.953935e+00,  2.523004e+02
  6.267575e+00,  2.504180e+02
  5.360729e+00,  2.452433e+02
  4.428586e+00,  2.341689e+02
  3.830748e+00,  2.144202e+02
  3.991953e+00,  1.899940e+02
  4.912149e+00,  1.714548e+02
  6.198919e+00,  1.610093e+02
  7.516189e+00,  1.556133e+02
  8.655776e+00,  1.528638e+02
  9.486249e+00,  1.514160e+02
  9.927219e+00,  1.504832e+02
  9.942769e+00,  1.495131e+02
  9.542040e+00,  1.480004e+02
  8.782538e+00,  1.453432e+02
  7.776101e+00,  1.406979e+02
  6.699261e+00,  1.328773e+02
  5.801436e+00,  1.206843e+02
  5.359824e+00,  1.045937e+02
  5.502014e+00,  8.849162e+01
  6.070317e+00,  7.654233e+01
  6.777175e+00,  6.956090e+01
  7.393049e+00,  6.643653e+01
  7.782147e+00,  6.597386e+01
  7.877731e+00,  6.733142e+01
  7.657070e+00,  6.995308e+01
  7.124180e+00,  7.345553e+01
  6.298692e+00,  7.755628e+01
  5.209672e+00,  8.204114e+01
  3.893699e+00,  8.676936e+01
  2.396097e+00,  9.178399e+01
  7.742998e-01,  9.894760e+01
  9.083486e-01,  2.752926e+02
  2.559069e+00,  2.812957e+02
  4.091377e+00,  2.850289e+02
  5.409229e+00,  2.879399e+02
  6.423796e+00,  2.900901e+02
  7.064407e+00,  2.913502e+02
  7.291222e+00,  2.914500e+02
  7.108970e+00,  2.899097e+02
  6.583460e+00,  2.858970e+02
  5.865573e+00,  2.780637e+02
  5.222020e+00,  2.648409e+02
  5.010860e+00,  2.466509e+02
  5.452042e+00,  2.285256e+02
  6.400515e+00,  2.154634e+02
  7.532608e+00,  2.078463e+02
  8.579499e+00,  2.040883e+02
  9.367816e+00,  2.028255e+02
  9.798341e+00,  2.031996e+02
  9.827098e+00,  2.046876e+02
  9.452437e+00,  2.069486e+02
  8.704463e+00,  2.097243e+02
  7.635399e+00,  2.127689e+02
  6.311327e+00,  2.157729e+02
  4.806623e+00,  2.182026e+02
  3.203648e+00,  2.187161e+02
  1.614052e+00,  2.113324e+02
  6.444590e-01,  1.377048e+02
  1.715183e+00,  8.407385e+01
  2.917632e+00,  7.837442e+01
  3.854110e+00,  7.813378e+01
  4.429734e+00,  7.890930e+01
  4.589332e+00,  7.941012e+01
  4.313856e+00,  7.867113e+01
  3.634954e+00,  7.504168e+01
  2.680199e+00,  6.404439e+01
  1.882302e+00,  3.268238e+01
  2.242497e+00,  3.459251e+02
  3.615697e+00,  3.238308e+02
  5.209297e+00,  3.162184e+02
  6.683930e+00,  3.138090e+02
  7.861293e+00,  3.137000e+02
  8.627927e+00,  3.148772e+02
  8.922006e+00,  3.169582e+02
  8.732763e+00,  3.198345e+02
  8.098906e+00,  3.235650e+02
  7.103236e+00,  3.283705e+02
  5.863739e+00,  3.347110e+02
  4.523249e+00,  3.434974e+02
  3.242029e+00,  3.565914e+02
  2.200278e+00,  1.762867e+01
  1.591764e+00,  5.014566e+01
  1.449313e+00,  8.603503e+01
  1.475311e+00,  1.133431e+02
  1.405526e+00,  1.342606e+02
  1.174744e+00,  1.551004e+02
  8.495541e-01,  1.845018e+02
  6.638666e-01,  2.367412e+02
  9.142719e-01,  2.903805e+02
  1.423787e+00,  3.217186e+02
  2.025143e+00,  3.434953e+02
  2.700456e+00,  1.588280e+00
  3.467862e+00,  1.735527e+01
  4.328650e+00,  3.096760e+01
  5.247475e+00,  4.249391e+01
  6.151914e+00,  5.212954e+01
  6.945790e+00,  6.015817e+01
  7.527248e+00,  6.686735e+01
  7.805930e+00,  7.249644e+01
  7.717182e+00,  7.721376e+01
  7.232239e+00,  8.109915e+01
  6.363733e+00,  8.410180e+01
  5.166601e+00,  8.590705e+01
  3.736804e+00,  8.545041e+01
  2.223166e+00,  7.849662e+01
  1.026014e+00,  3.972540e+01
  1.471079e+00,  3.311524e+02
  2.605860e+00,  3.160583e+02
  3.564665e+00,  3.139504e+02
  4.209250e+00,  3.154133e+02
  4.504329e+00,  3.183863e+02
  4.455362e+00,  3.221000e+02
  4.092289e+00,  3.260217e+02
  3.458466e+00,  3.294190e+02
  2.605462e+00,  3.306285e+02
  1.615893e+00,  3.237241e+02
  8.920273e-01,  2.782021e+02
  1.623155e+00,  2.231566e+02
  3.033756e+00,  2.128548e+02
  4.590886e+00,  2.122946e+02
  6.158771e+00,  2.140883e+02
  7.630444e+00,  2.164207e+02
  8.897605e+00,  2.186394e+02
  9.856988e+00,  2.204317e+02
  1.042374e+01,  2.215845e+02
  1.054590e+01,  2.218784e+02
  1.021773e+01,  2.210092e+02
  9.491273e+00,  2.185007e+02
  8.487491e+00,  2.136008e+02
  7.408150e+00,  2.052539e+02
  6.536026e+00,  1.925920e+02
  6.161444e+00,  1.766239e+02
  6.381534e+00,  1.612555e+02
  6.998924e+00,  1.500088e+02
  7.709218e+00,  1.434261e+02
  8.282451e+00,  1.405498e+02
  8.596025e+00,  1.403967e+02
  8.610921e+00,  1.422892e+02
  8.343732e+00,  1.457798e+02
  7.841912e+00,  1.505281e+02
  7.161954e+00,  1.562031e+02
  6.352145e+00,  1.624167e+02
  5.443297e+00,  1.686826e+02
  4.450290e+00,  1.743598e+02
  3.384190e+00,  1.784243e+02
  2.272687e+00,  1.784420e+02
  1.222895e+00,  1.644224e+02
  8.597002e-01,  1.024592e+02
  1.636847e+00,  6.740711e+01
  2.544167e+00,  6.175218e+01
  3.285256e+00,  6.278336e+01
  3.770731e+00,  6.632417e+01
  3.964554e+00,  7.148356e+01
  3.873748e+00,  7.829667e+01
  3.549221e+00,  8.730151e+01
  3.084604e+00,  9.946813e+01
  2.607536e+00,  1.159481e+02
  2.246567e+00,  1.368868e+02
  2.052382e+00,  1.597049e+02
  1.939440e+00,  1.808244e+02
  1.760461e+00,  1.998416e+02
  1.428287e+00,  2.207903e+02
  1.033115e+00,  2.557329e+02
  1.103376e+00,  3.132625e+02
  1.898392e+00,  3.485824e+02
  2.964312e+00,  4.182644e+00
  4.036621e+00,  1.267558e+01
  4.955148e+00,  1.805993e+01
  5.597842e+00,  2.173680e+01
  5.879235e+00,  2.427312e+01
  5.756259e+00,  2.587242e+01
  5.233060e+00,  2.648258e+01
  4.362350e+00,  2.569672e+01
  3.245202e+00,  2.223840e+01
  2.045130e+00,  1.166164e+01
  1.133257e+00,  3.358391e+02
  1.320821e+00,  2.785642e+02
  2.063610e+00,  2.580853e+02
  2.640059e+00,  2.528890e+02
  2.884120e+00,  2.532903e+02
  2.774858e+00,  2.577091e+02
  2.380431e+00,  2.675863e+02
  1.894296e+00,  2.877075e+02
  1.718744e+00,  3.219742e+02
  2.151975e+00,  3.538756e+02
  2.901982e+00,  1.162747e+01
  3.620516e+00,  2.084085e+01
  4.118178e+00,  2.585141e+01
  4.297234e+00,  2.841304e+01
  4.121471e+00,  2.903211e+01
  3.609099e+00,  2.735016e+01
  2.836603e+00,  2.163677e+01
  1.975854e+00,  6.347989e+00
  1.465636e+00,  3.293062e+02
  1.863670e+00,  2.886855e+02
  2.741751e+00,  2.706866e+02
  3.611739e+00,  2.637640e+02
  4.291311e+00,  2.611291e+02
  4.704927e+00,  2.604154e+02
  4.826521e+00,  2.606060e+02
  4.663530e+00,  2.610800e+02
  4.248619e+00,  2.612357e+02
  3.634567e+00,  2.601859e+02
  2.896044e+00,  2.562123e+02
  2.153020e+00,  2.454779e+02
  1.650494e+00,  2.212073e+02
  1.741326e+00,  1.886019e+02
  2.344340e+00,  1.684537e+02
  3.098571e+00,  1.599487e+02
  3.800479e+00,  1.568433e+02
  4.345650e+00,  1.561624e+02
  4.669450e+00,  1.566358e+02
  4.732988e+00,  1.576977e+02
  4.522750e+00,  1.591208e+02
  4.052954e+00,  1.609071e+02
  3.367051e+00,  1.633388e+02
  2.537880e+00,  1.673030e+02
  1.671222e+00,  1.755955e+02
  9.452816e-01,  1.984690e+02
  7.527662e-01,  2.491231e+02
  1.069644e+00,  2.768518e+02
  1.372935e+00,  2.793027e+02
  1.562572e+00,  2.691597e+02
  1.773844e+00,  2.499805e+02
  2.226672e+00,  2.279131e+02
  3.009350e+00,  2.100931e+02
  4.029897e+00,  1.977861e+02
  5.136800e+00,  1.892028e+02
  6.182624e+00,  1.827117e+02
  7.040023e+00,  1.772796e+02
  7.610290e+00,  1.722470e+02
  7.831372e+00,  1.671270e+02
  7.684205e+00,  1.614705e+02
  7.196346e+00,  1.547559e+02
  6.443320e+00,  1.462705e+02
  5.549415e+00,  1.349815e+02
  4.688180e+00,  1.195631e+02
  4.066787e+00,  9.924329e+01
  3.841514e+00,  7.593130e+01
  3.977038e+00,  5.404763e+01
  4.214634e+00,  3.621469e+01
  3.517495e+00,  2.466618e+01
##END=
