##TITLE= E:\桌面\nmr\ogm\sjd\matlabcod\1_unitary\2_18_xjhsjd
##JCAMP-DX= 5.00 Bruker JCAMP library
##DATA TYPE= Shape Data
##ORIGIN= Colm's GRAPE Pulses 
##OWNER= Dawei.Lu
##DATE= 02-Aug-2025
##TIME= 13:21
##MINX= 9.696525e-01
##MAXX= 1.962419e+01
##MINY= 6.876080e+00
##MAXY= 3.591155e+02
##$SHAPE_EXMODE= None
##$SHAPE_TOTROT= 9.000000e+01
##$SHAPE_BWFAC= 1.000000e+00
##$SHAPE_INTEGFAC= 1.000000e+00
##$SHAPE_MODE= 1
##PULSE_WIDTH= 2000
##Calibration_Power= 12500
##NPOINTS= 200
##XYPOINTS= (XY..XY)
  1.023858e+00,  7.596449e+01
  5.427316e+00,  8.070492e+01
  7.925614e+00,  5.114418e+01
  1.021722e+01,  3.455286e+02
  1.543848e+01,  3.128254e+02
  1.710627e+01,  2.921477e+02
  1.468647e+01,  2.687822e+02
  1.154418e+01,  2.338919e+02
  1.102019e+01,  1.967838e+02
  1.080185e+01,  1.780726e+02
  8.675763e+00,  1.812765e+02
  7.345101e+00,  2.105428e+02
  9.144970e+00,  2.328189e+02
  1.025954e+01,  2.297779e+02
  9.343829e+00,  2.062435e+02
  9.118233e+00,  1.646233e+02
  1.057755e+01,  1.275949e+02
  1.024656e+01,  9.911789e+01
  6.906228e+00,  5.805346e+01
  7.223240e+00,  3.349322e+02
  1.356570e+01,  2.917669e+02
  1.793007e+01,  2.677250e+02
  1.789682e+01,  2.431318e+02
  1.517065e+01,  2.089580e+02
  1.384062e+01,  1.642531e+02
  1.411009e+01,  1.240511e+02
  1.235750e+01,  8.798461e+01
  9.277705e+00,  3.512966e+01
  1.164056e+01,  3.299326e+02
  1.702522e+01,  2.935919e+02
  1.924605e+01,  2.688478e+02
  1.713544e+01,  2.427198e+02
  1.336511e+01,  2.062998e+02
  1.170913e+01,  1.611210e+02
  1.097281e+01,  1.240388e+02
  7.746946e+00,  9.133564e+01
  3.654175e+00,  1.815443e+01
  7.176884e+00,  2.945684e+02
  1.061089e+01,  2.646863e+02
  1.012336e+01,  2.358591e+02
  7.929934e+00,  1.863033e+02
  9.905896e+00,  1.253022e+02
  1.377501e+01,  8.901629e+01
  1.508727e+01,  6.077482e+01
  1.399730e+01,  2.752701e+01
  1.360368e+01,  3.468806e+02
  1.483739e+01,  3.120669e+02
  1.464791e+01,  2.882538e+02
  1.111162e+01,  2.703861e+02
  5.048095e+00,  2.527634e+02
  1.229022e+00,  8.243488e+01
  5.142295e+00,  4.692717e+01
  6.400242e+00,  1.532547e+01
  7.215261e+00,  3.312175e+02
  9.379928e+00,  2.935889e+02
  1.070021e+01,  2.697013e+02
  9.069024e+00,  2.517308e+02
  4.566108e+00,  2.303087e+02
  1.818748e+00,  9.411456e+01
  6.100878e+00,  4.846865e+01
  8.129100e+00,  2.492203e+01
  8.142771e+00,  3.543292e+02
  8.251054e+00,  3.161446e+02
  8.943538e+00,  2.844476e+02
  8.206351e+00,  2.639334e+02
  4.864003e+00,  2.522751e+02
  9.696525e-01,  3.544957e+02
  6.218159e+00,  2.814077e+01
  1.040192e+01,  1.498463e+01
  1.266484e+01,  3.556229e+02
  1.383584e+01,  3.315852e+02
  1.494928e+01,  3.071181e+02
  1.574431e+01,  2.869894e+02
  1.519550e+01,  2.720308e+02
  1.286755e+01,  2.606055e+02
  9.225170e+00,  2.506134e+02
  5.207368e+00,  2.396524e+02
  1.678623e+00,  2.231339e+02
  1.060595e+00,  3.721814e+01
  3.416685e+00,  9.655486e+00
  6.178634e+00,  3.477055e+02
  9.459644e+00,  3.305632e+02
  1.256433e+01,  3.164521e+02
  1.454318e+01,  3.029644e+02
  1.478754e+01,  2.881405e+02
  1.338039e+01,  2.703904e+02
  1.099960e+01,  2.486753e+02
  8.325788e+00,  2.232900e+02
  5.467266e+00,  1.948154e+02
  2.399444e+00,  1.495812e+02
  2.648752e+00,  3.359870e+01
  5.858277e+00,  3.573710e+02
  8.187488e+00,  3.395938e+02
  9.011762e+00,  3.260262e+02
  8.536815e+00,  3.146561e+02
  7.477678e+00,  3.060568e+02
  6.669865e+00,  3.018155e+02
  6.667662e+00,  3.007963e+02
  7.327900e+00,  2.979371e+02
  7.820443e+00,  2.904202e+02
  7.230280e+00,  2.780377e+02
  5.135161e+00,  2.586470e+02
  2.131549e+00,  2.092148e+02
  3.405485e+00,  9.232014e+01
  7.474354e+00,  5.334181e+01
  1.154250e+01,  2.399199e+01
  1.534951e+01,  3.563559e+02
  1.835625e+01,  3.300632e+02
  1.962419e+01,  3.043531e+02
  1.850850e+01,  2.770794e+02
  1.548522e+01,  2.442319e+02
  1.258021e+01,  2.004326e+02
  1.219108e+01,  1.491669e+02
  1.376607e+01,  1.041044e+02
  1.534836e+01,  6.586383e+01
  1.642563e+01,  3.083999e+01
  1.689565e+01,  3.591155e+02
  1.596583e+01,  3.315076e+02
  1.277070e+01,  3.067886e+02
  7.458324e+00,  2.802560e+02
  2.110696e+00,  2.099945e+02
  5.017862e+00,  9.857278e+01
  8.206467e+00,  6.673066e+01
  9.300873e+00,  3.776427e+01
  9.100335e+00,  6.876080e+00
  8.080092e+00,  3.377937e+02
  5.620463e+00,  3.159484e+02
  1.517256e+00,  3.297079e+02
  4.740465e+00,  7.186908e+01
  9.813847e+00,  6.018020e+01
  1.276967e+01,  4.065828e+01
  1.321162e+01,  1.403364e+01
  1.260658e+01,  3.379391e+02
  1.289368e+01,  2.965294e+02
  1.372418e+01,  2.577353e+02
  1.377301e+01,  2.196463e+02
  1.375011e+01,  1.770885e+02
  1.529371e+01,  1.348600e+02
  1.722370e+01,  1.009752e+02
  1.684509e+01,  7.302458e+01
  1.321026e+01,  4.356779e+01
  8.362361e+00,  3.575543e+02
  7.711075e+00,  2.853123e+02
  1.061986e+01,  2.352672e+02
  1.248995e+01,  1.980903e+02
  1.355059e+01,  1.609748e+02
  1.492348e+01,  1.266843e+02
  1.552510e+01,  9.997010e+01
  1.352313e+01,  7.962964e+01
  8.613308e+00,  6.256751e+01
  2.284853e+00,  4.516851e+01
  3.197801e+00,  2.103305e+02
  6.260670e+00,  1.861596e+02
  7.326496e+00,  1.519958e+02
  8.545930e+00,  1.110519e+02
  1.028323e+01,  7.717109e+01
  1.056617e+01,  5.020915e+01
  8.521449e+00,  2.015132e+01
  6.243967e+00,  3.293473e+02
  7.573755e+00,  2.718549e+02
  9.863411e+00,  2.404952e+02
  9.913682e+00,  2.194569e+02
  7.597798e+00,  1.971747e+02
  4.759669e+00,  1.609208e+02
  3.853249e+00,  1.094727e+02
  3.758535e+00,  8.163072e+01
  2.671086e+00,  8.391198e+01
  2.161386e+00,  1.271779e+02
  3.050293e+00,  1.442229e+02
  3.201214e+00,  1.195812e+02
  4.288447e+00,  6.390890e+01
  7.960532e+00,  2.943507e+01
  1.182167e+01,  1.171549e+01
  1.391736e+01,  3.584570e+02
  1.359663e+01,  3.454950e+02
  1.153233e+01,  3.310704e+02
  9.133504e+00,  3.161826e+02
  7.517509e+00,  3.080388e+02
  7.439160e+00,  3.146980e+02
  9.610059e+00,  3.257752e+02
  1.303635e+01,  3.288919e+02
  1.577223e+01,  3.253682e+02
  1.654719e+01,  3.174967e+02
  1.529847e+01,  3.057973e+02
  1.299326e+01,  2.905012e+02
  1.075145e+01,  2.740042e+02
  8.902243e+00,  2.618470e+02
  7.189421e+00,  2.588673e+02
  5.499529e+00,  2.661037e+02
  3.736336e+00,  2.843866e+02
  2.418507e+00,  3.358797e+02
  4.403284e+00,  3.001348e+01
  7.931298e+00,  3.745799e+01
  1.098401e+01,  2.837158e+01
  1.308625e+01,  9.719423e+00
  1.473710e+01,  3.447842e+02
  1.626605e+01,  3.181549e+02
  1.677586e+01,  2.926227e+02
  1.412462e+01,  2.662767e+02
  4.198231e+00,  2.349558e+02
##END=
