##TITLE= E:\桌面\nmr\ogm\sjd\matlabcod\1_unitary\2_19_xjhsjd
##JCAMP-DX= 5.00 Bruker JCAMP library
##DATA TYPE= Shape Data
##ORIGIN= Colm's GRAPE Pulses 
##OWNER= Dawei.Lu
##DATE= 02-Aug-2025
##TIME= 13:20
##MINX= 1.659861e+00
##MAXX= 2.005844e+01
##MINY= 1.320459e+00
##MAXY= 3.556548e+02
##$SHAPE_EXMODE= None
##$SHAPE_TOTROT= 9.000000e+01
##$SHAPE_BWFAC= 1.000000e+00
##$SHAPE_INTEGFAC= 1.000000e+00
##$SHAPE_MODE= 1
##PULSE_WIDTH= 2000
##Calibration_Power= 12500
##NPOINTS= 200
##XYPOINTS= (XY..XY)
  3.225400e+00,  1.181076e+02
  7.021334e+00,  1.398661e+02
  1.186069e+01,  1.456330e+02
  1.307193e+01,  1.447058e+02
  1.303341e+01,  1.417433e+02
  1.213661e+01,  1.334574e+02
  1.126134e+01,  1.148550e+02
  1.177373e+01,  8.809522e+01
  1.353966e+01,  6.366779e+01
  1.454844e+01,  4.392611e+01
  1.339336e+01,  2.384879e+01
  1.066799e+01,  3.556548e+02
  9.126203e+00,  3.132407e+02
  1.031461e+01,  2.740845e+02
  1.161417e+01,  2.495154e+02
  1.125493e+01,  2.316043e+02
  9.663127e+00,  2.136549e+02
  8.319388e+00,  1.924494e+02
  8.319597e+00,  1.722864e+02
  9.367657e+00,  1.592801e+02
  1.044858e+01,  1.510456e+02
  1.058989e+01,  1.427158e+02
  9.308495e+00,  1.308666e+02
  7.016567e+00,  1.127296e+02
  4.726445e+00,  8.795102e+01
  2.786569e+00,  6.985057e+01
  1.732320e+00,  1.203106e+02
  4.960871e+00,  1.503488e+02
  9.131477e+00,  1.422476e+02
  1.235234e+01,  1.273293e+02
  1.399460e+01,  1.072865e+02
  1.469760e+01,  8.183970e+01
  1.555017e+01,  5.375431e+01
  1.646901e+01,  2.748611e+01
  1.629155e+01,  3.427979e+00
  1.440518e+01,  3.376987e+02
  1.175057e+01,  3.040241e+02
  1.053988e+01,  2.600558e+02
  1.142261e+01,  2.179595e+02
  1.255106e+01,  1.829770e+02
  1.317239e+01,  1.494609e+02
  1.409796e+01,  1.160446e+02
  1.557830e+01,  8.721788e+01
  1.646490e+01,  6.512178e+01
  1.570272e+01,  4.791268e+01
  1.334392e+01,  3.298926e+01
  1.035507e+01,  1.802254e+01
  7.873186e+00,  1.626372e+00
  6.403314e+00,  3.454690e+02
  5.482361e+00,  3.328744e+02
  4.154502e+00,  3.232337e+02
  1.659861e+00,  3.101147e+02
  2.168634e+00,  1.373253e+02
  6.551783e+00,  1.222757e+02
  1.043552e+01,  1.079018e+02
  1.302449e+01,  8.973188e+01
  1.448082e+01,  6.661303e+01
  1.568203e+01,  4.025389e+01
  1.687744e+01,  1.490719e+01
  1.711193e+01,  3.526232e+02
  1.544279e+01,  3.315330e+02
  1.210655e+01,  3.069535e+02
  8.790628e+00,  2.715897e+02
  7.506963e+00,  2.265893e+02
  7.301231e+00,  1.892615e+02
  5.947593e+00,  1.569547e+02
  3.857719e+00,  1.058401e+02
  4.574861e+00,  3.326971e+01
  6.743430e+00,  3.545055e+02
  7.399621e+00,  3.248503e+02
  6.908623e+00,  2.862707e+02
  7.730432e+00,  2.395935e+02
  1.003670e+01,  2.059477e+02
  1.144820e+01,  1.841479e+02
  1.081821e+01,  1.657237e+02
  8.732475e+00,  1.439024e+02
  6.957328e+00,  1.132143e+02
  6.822303e+00,  8.177041e+01
  7.426754e+00,  6.289590e+01
  7.583255e+00,  5.249518e+01
  7.012977e+00,  4.117460e+01
  6.208050e+00,  1.867879e+01
  6.750750e+00,  3.433398e+02
  9.318918e+00,  3.149634e+02
  1.223957e+01,  2.971148e+02
  1.395980e+01,  2.824605e+02
  1.404207e+01,  2.658516e+02
  1.331345e+01,  2.440200e+02
  1.323964e+01,  2.182572e+02
  1.413576e+01,  1.954093e+02
  1.473225e+01,  1.786009e+02
  1.386944e+01,  1.653118e+02
  1.144479e+01,  1.512980e+02
  8.443810e+00,  1.309428e+02
  6.526510e+00,  1.004941e+02
  6.243618e+00,  7.298203e+01
  6.169579e+00,  6.105030e+01
  5.592529e+00,  6.161760e+01
  4.872922e+00,  6.684601e+01
  4.234628e+00,  6.267216e+01
  4.124785e+00,  3.517129e+01
  5.920054e+00,  1.320459e+00
  8.989765e+00,  3.420381e+02
  1.162477e+01,  3.296027e+02
  1.285489e+01,  3.173635e+02
  1.278698e+01,  3.011608e+02
  1.257762e+01,  2.789459e+02
  1.343889e+01,  2.546690e+02
  1.499588e+01,  2.347066e+02
  1.573937e+01,  2.193619e+02
  1.464006e+01,  2.052331e+02
  1.185484e+01,  1.877983e+02
  8.804059e+00,  1.608696e+02
  7.425143e+00,  1.239562e+02
  7.538189e+00,  9.339182e+01
  7.242372e+00,  7.332984e+01
  6.023399e+00,  5.477457e+01
  4.926067e+00,  2.690380e+01
  5.597544e+00,  3.544949e+02
  7.918357e+00,  3.365233e+02
  1.059761e+01,  3.274834e+02
  1.254399e+01,  3.190872e+02
  1.305175e+01,  3.070102e+02
  1.229801e+01,  2.884555e+02
  1.137982e+01,  2.632631e+02
  1.093754e+01,  2.374715e+02
  1.000712e+01,  2.176735e+02
  7.483749e+00,  2.054764e+02
  3.643962e+00,  2.074215e+02
  2.057561e+00,  2.889113e+02
  4.559825e+00,  3.084575e+02
  5.818078e+00,  2.904992e+02
  6.545621e+00,  2.562344e+02
  8.464477e+00,  2.198421e+02
  1.094457e+01,  1.926937e+02
  1.232597e+01,  1.697844e+02
  1.212329e+01,  1.440702e+02
  1.149649e+01,  1.110754e+02
  1.199652e+01,  7.515729e+01
  1.301815e+01,  4.507445e+01
  1.274756e+01,  2.005410e+01
  1.060811e+01,  3.537225e+02
  7.910979e+00,  3.168872e+02
  7.094563e+00,  2.682777e+02
  7.972869e+00,  2.297684e+02
  8.331887e+00,  2.027890e+02
  7.813847e+00,  1.774999e+02
  7.512395e+00,  1.498170e+02
  8.310638e+00,  1.257377e+02
  9.809993e+00,  1.103948e+02
  1.114450e+01,  1.000861e+02
  1.159178e+01,  8.931302e+01
  1.082511e+01,  7.342365e+01
  9.361472e+00,  4.795683e+01
  8.466870e+00,  1.200940e+01
  8.526590e+00,  3.334705e+02
  8.611503e+00,  2.948015e+02
  9.086270e+00,  2.502640e+02
  1.166988e+01,  2.072181e+02
  1.572739e+01,  1.761138e+02
  1.898728e+01,  1.528109e+02
  2.005844e+01,  1.315058e+02
  1.905153e+01,  1.084061e+02
  1.718044e+01,  8.189770e+01
  1.538929e+01,  5.393548e+01
  1.319959e+01,  2.785457e+01
  9.665944e+00,  2.832565e+00
  5.081499e+00,  3.275921e+02
  3.224375e+00,  2.357844e+02
  5.887364e+00,  1.801495e+02
  7.198378e+00,  1.510040e+02
  6.771643e+00,  1.188616e+02
  6.318517e+00,  7.767455e+01
  6.732609e+00,  3.983279e+01
  6.671206e+00,  1.196307e+01
  5.364224e+00,  3.447059e+02
  4.014816e+00,  3.018589e+02
  4.809871e+00,  2.554527e+02
  6.758369e+00,  2.353540e+02
  8.484565e+00,  2.277171e+02
  9.720711e+00,  2.206790e+02
  1.051178e+01,  2.072951e+02
  1.149221e+01,  1.851526e+02
  1.360103e+01,  1.593979e+02
  1.638369e+01,  1.369142e+02
  1.811430e+01,  1.178036e+02
  1.762599e+01,  9.849764e+01
  1.543792e+01,  7.465836e+01
  1.361941e+01,  4.418418e+01
  1.351187e+01,  1.448332e+01
  1.372971e+01,  3.539626e+02
  1.267322e+01,  3.412806e+02
  1.034870e+01,  3.316913e+02
  7.896490e+00,  3.188842e+02
  6.899423e+00,  2.975864e+02
  8.242661e+00,  2.778681e+02
  1.093209e+01,  2.678785e+02
  1.340415e+01,  2.616636e+02
  1.423271e+01,  2.525637e+02
  8.817167e+00,  2.239710e+02
##END=
