##TITLE= E:\桌面\nmr\ogm\sjd\matlabcod\1\2_1_xjhsjd
##JCAMP-DX= 5.00 Bruker JCAMP library
##DATA TYPE= Shape Data
##ORIGIN= Colm's GRAPE Pulses 
##OWNER= Dawei.Lu
##DATE= 02-Aug-2025
##TIME= 11:37
##MINX= 1.125045e-01
##MAXX= 1.158411e+01
##MINY= 8.439183e-02
##MAXY= 3.593323e+02
##$SHAPE_EXMODE= None
##$SHAPE_TOTROT= 9.000000e+01
##$SHAPE_BWFAC= 1.000000e+00
##$SHAPE_INTEGFAC= 1.000000e+00
##$SHAPE_MODE= 1
##PULSE_WIDTH= 5000
##Calibration_Power= 12500
##NPOINTS= 1000
##XYPOINTS= (XY..XY)
  9.894640e-01,  3.077482e+02
  1.576277e-01,  8.579657e+01
  1.995724e+00,  1.032657e+02
  3.616227e+00,  9.609008e+01
  5.076598e+00,  9.374388e+01
  6.208921e+00,  9.308081e+01
  6.871620e+00,  9.308413e+01
  6.973773e+00,  9.340583e+01
  6.486997e+00,  9.393279e+01
  5.449508e+00,  9.468225e+01
  3.962446e+00,  9.586295e+01
  2.179622e+00,  9.852257e+01
  3.301207e-01,  1.283281e+02
  1.551412e+00,  2.677722e+02
  3.087660e+00,  2.717850e+02
  4.204374e+00,  2.733887e+02
  4.798371e+00,  2.745389e+02
  4.832583e+00,  2.756200e+02
  4.337179e+00,  2.768082e+02
  3.404092e+00,  2.782789e+02
  2.174148e+00,  2.804019e+02
  8.191840e-01,  2.853573e+02
  4.951070e-01,  9.417851e+01
  1.584814e+00,  1.031503e+02
  2.344667e+00,  1.085203e+02
  2.714801e+00,  1.155556e+02
  2.727869e+00,  1.263438e+02
  2.546756e+00,  1.437406e+02
  2.496386e+00,  1.690960e+02
  2.881648e+00,  1.953940e+02
  3.631661e+00,  2.141727e+02
  4.447144e+00,  2.257061e+02
  5.073219e+00,  2.328390e+02
  5.344857e+00,  2.374469e+02
  5.177000e+00,  2.405136e+02
  4.558042e+00,  2.425091e+02
  3.543393e+00,  2.435211e+02
  2.245235e+00,  2.428931e+02
  8.268942e-01,  2.339334e+02
  6.571027e-01,  9.214586e+01
  1.844446e+00,  8.011913e+01
  2.723081e+00,  7.937766e+01
  3.179806e+00,  8.068206e+01
  3.176245e+00,  8.350216e+01
  2.741651e+00,  8.869654e+01
  1.984752e+00,  9.953641e+01
  1.181738e+00,  1.293909e+02
  1.155303e+00,  1.927026e+02
  1.967703e+00,  2.252607e+02
  2.791497e+00,  2.385296e+02
  3.355267e+00,  2.473002e+02
  3.583271e+00,  2.558937e+02
  3.510157e+00,  2.667658e+02
  3.293803e+00,  2.821663e+02
  3.214142e+00,  3.027003e+02
  3.517763e+00,  3.237713e+02
  4.164394e+00,  3.391463e+02
  4.903093e+00,  3.475667e+02
  5.502933e+00,  3.503696e+02
  5.838656e+00,  3.485119e+02
  5.911704e+00,  3.420871e+02
  5.868234e+00,  3.307628e+02
  5.984581e+00,  3.150199e+02
  6.530586e+00,  2.976130e+02
  7.550751e+00,  2.822309e+02
  8.838787e+00,  2.704778e+02
  1.010190e+01,  2.619371e+02
  1.107993e+01,  2.556781e+02
  1.158411e+01,  2.509359e+02
  1.150586e+01,  2.471921e+02
  1.081708e+01,  2.441109e+02
  9.564740e+00,  2.414757e+02
  7.859640e+00,  2.391493e+02
  5.859874e+00,  2.370637e+02
  3.750322e+00,  2.352809e+02
  1.720479e+00,  2.345715e+02
  1.125045e-01,  3.532403e+02
  1.463409e+00,  4.215381e+01
  2.394065e+00,  3.973469e+01
  2.845927e+00,  3.493266e+01
  2.876626e+00,  2.748940e+01
  2.623415e+00,  1.581258e+01
  2.309258e+00,  3.577760e+02
  2.197092e+00,  3.343395e+02
  2.382959e+00,  3.131758e+02
  2.691034e+00,  2.999240e+02
  2.900544e+00,  2.941349e+02
  2.894321e+00,  2.946469e+02
  2.679877e+00,  3.020327e+02
  2.417140e+00,  3.186281e+02
  2.434189e+00,  3.440949e+02
  2.970529e+00,  8.467510e+00
  3.884418e+00,  2.467225e+01
  4.910558e+00,  3.461977e+01
  5.857919e+00,  4.117346e+01
  6.610379e+00,  4.597213e+01
  7.108749e+00,  4.984098e+01
  7.340469e+00,  5.316784e+01
  7.330008e+00,  5.607133e+01
  7.126916e+00,  5.845819e+01
  6.792797e+00,  6.003683e+01
  6.391936e+00,  6.033606e+01
  5.990311e+00,  5.877797e+01
  5.655665e+00,  5.485729e+01
  5.456893e+00,  4.846685e+01
  5.447884e+00,  4.021678e+01
  5.634775e+00,  3.132755e+01
  5.955222e+00,  2.296934e+01
  6.293720e+00,  1.570544e+01
  6.517570e+00,  9.508751e+00
  6.508048e+00,  4.042200e+00
  6.179948e+00,  3.588402e+02
  5.493207e+00,  3.532988e+02
  4.460982e+00,  3.463989e+02
  3.162992e+00,  3.355778e+02
  1.823971e+00,  3.108256e+02
  1.372506e+00,  2.446382e+02
  2.463673e+00,  2.008839e+02
  3.799420e+00,  1.846109e+02
  4.917145e+00,  1.748166e+02
  5.672209e+00,  1.665991e+02
  6.011931e+00,  1.582187e+02
  5.955373e+00,  1.485698e+02
  5.595561e+00,  1.365623e+02
  5.101915e+00,  1.210438e+02
  4.702335e+00,  1.014589e+02
  4.595369e+00,  7.935072e+01
  4.801235e+00,  5.819707e+01
  5.145551e+00,  4.021183e+01
  5.407764e+00,  2.512404e+01
  5.434011e+00,  1.153066e+01
  5.167822e+00,  3.577527e+02
  4.657901e+00,  3.417925e+02
  4.077312e+00,  3.211419e+02
  3.738207e+00,  2.942070e+02
  3.947009e+00,  2.649475e+02
  4.677754e+00,  2.406560e+02
  5.634035e+00,  2.229061e+02
  6.546313e+00,  2.095680e+02
  7.250521e+00,  1.986501e+02
  7.668019e+00,  1.888783e+02
  7.785368e+00,  1.794429e+02
  7.639580e+00,  1.697970e+02
  7.302920e+00,  1.595771e+02
  6.864158e+00,  1.486183e+02
  6.406025e+00,  1.370244e+02
  5.982546e+00,  1.252144e+02
  5.605198e+00,  1.138425e+02
  5.247019e+00,  1.035853e+02
  4.863301e+00,  9.494771e+01
  4.415899e+00,  8.822873e+01
  3.889404e+00,  8.364070e+01
  3.296562e+00,  8.152168e+01
  2.675620e+00,  8.256241e+01
  2.087673e+00,  8.810215e+01
  1.616571e+00,  1.001333e+02
  1.355980e+00,  1.190226e+02
  1.334955e+00,  1.389029e+02
  1.460626e+00,  1.527857e+02
  1.620875e+00,  1.599639e+02
  1.761938e+00,  1.622159e+02
  1.878004e+00,  1.608076e+02
  1.990251e+00,  1.563992e+02
  2.133569e+00,  1.495283e+02
  2.345373e+00,  1.409597e+02
  2.653591e+00,  1.316561e+02
  3.067729e+00,  1.224300e+02
  3.577717e+00,  1.136762e+02
  4.158922e+00,  1.054078e+02
  4.778653e+00,  9.744152e+01
  5.401585e+00,  8.954795e+01
  5.993726e+00,  8.152383e+01
  6.524878e+00,  7.321325e+01
  6.969635e+00,  6.450342e+01
  7.307355e+00,  5.530805e+01
  7.522131e+00,  4.554316e+01
  7.604834e+00,  3.509585e+01
  7.559444e+00,  2.379711e+01
  7.406387e+00,  1.143653e+01
  7.185959e+00,  3.577945e+02
  6.958644e+00,  3.427297e+02
  6.796807e+00,  3.263351e+02
  6.764021e+00,  3.090838e+02
  6.887405e+00,  2.917810e+02
  7.141159e+00,  2.752413e+02
  7.455620e+00,  2.599477e+02
  7.743880e+00,  2.459720e+02
  7.927422e+00,  2.331137e+02
  7.951246e+00,  2.210693e+02
  7.788595e+00,  2.095426e+02
  7.438036e+00,  1.983025e+02
  6.915277e+00,  1.872157e+02
  6.242055e+00,  1.762688e+02
  5.435224e+00,  1.655862e+02
  4.499919e+00,  1.554517e+02
  3.430215e+00,  1.464064e+02
  2.219155e+00,  1.398728e+02
  8.948470e-01,  1.453062e+02
  7.785057e-01,  2.648897e+02
  2.311036e+00,  2.760944e+02
  3.913881e+00,  2.728466e+02
  5.455746e+00,  2.679615e+02
  6.835410e+00,  2.627945e+02
  7.958369e+00,  2.576368e+02
  8.744674e+00,  2.525367e+02
  9.137854e+00,  2.474496e+02
  9.112176e+00,  2.422717e+02
  8.677195e+00,  2.368342e+02
  7.878954e+00,  2.308708e+02
  6.797809e+00,  2.239432e+02
  5.544181e+00,  2.152764e+02
  4.256149e+00,  2.033984e+02
  3.107755e+00,  1.854815e+02
  2.330936e+00,  1.577120e+02
  2.131918e+00,  1.230879e+02
  2.381100e+00,  9.417911e+01
  2.756294e+00,  7.375822e+01
  3.097709e+00,  5.793736e+01
  3.392878e+00,  4.402327e+01
  3.692755e+00,  3.105406e+01
  4.056128e+00,  1.918379e+01
  4.513455e+00,  9.006325e+00
  5.054800e+00,  9.376190e-01
  5.639108e+00,  3.549696e+02
  6.209135e+00,  3.507760e+02
  6.701160e+00,  3.479027e+02
  7.050599e+00,  3.458940e+02
  7.198698e+00,  3.443501e+02
  7.094294e+00,  3.429098e+02
  6.700352e+00,  3.412095e+02
  6.003026e+00,  3.387964e+02
  5.021416e+00,  3.349172e+02
  3.820975e+00,  3.278883e+02
  2.553962e+00,  3.127664e+02
  1.661206e+00,  2.748561e+02
  1.976688e+00,  2.238258e+02
  3.017925e+00,  1.997001e+02
  4.034181e+00,  1.887024e+02
  4.772826e+00,  1.820035e+02
  5.134824e+00,  1.768200e+02
  5.091767e+00,  1.720004e+02
  4.671176e+00,  1.668342e+02
  3.949820e+00,  1.606176e+02
  3.044737e+00,  1.523099e+02
  2.100851e+00,  1.399217e+02
  1.276670e+00,  1.190662e+02
  7.234870e-01,  8.096292e+01
  5.006336e-01,  2.070454e+01
  5.771314e-01,  3.086389e+02
  1.134851e+00,  2.578220e+02
  2.164878e+00,  2.330826e+02
  3.538794e+00,  2.194058e+02
  5.113621e+00,  2.104811e+02
  6.725221e+00,  2.039002e+02
  8.198689e+00,  1.985633e+02
  9.366832e+00,  1.938666e+02
  1.008971e+01,  1.894012e+02
  1.027255e+01,  1.848086e+02
  9.880593e+00,  1.796690e+02
  8.950772e+00,  1.733557e+02
  7.603589e+00,  1.647581e+02
  6.067008e+00,  1.517277e+02
  4.735620e+00,  1.305973e+02
  4.182577e+00,  1.002589e+02
  4.642132e+00,  7.152194e+01
  5.592104e+00,  5.267189e+01
  6.473357e+00,  4.111607e+01
  7.004293e+00,  3.343718e+01
  7.084367e+00,  2.771159e+01
  6.721661e+00,  2.284143e+01
  5.998807e+00,  1.801956e+01
  5.051412e+00,  1.240301e+01
  4.050381e+00,  4.879992e+00
  3.184362e+00,  3.541523e+02
  2.623996e+00,  3.402017e+02
  2.434540e+00,  3.270644e+02
  2.529312e+00,  3.203886e+02
  2.803084e+00,  3.214318e+02
  3.228331e+00,  3.276594e+02
  3.799538e+00,  3.358403e+02
  4.464760e+00,  3.438593e+02
  5.123182e+00,  3.510183e+02
  5.660048e+00,  3.574611e+02
  5.980447e+00,  3.653130e+00
  6.031888e+00,  1.017286e+01
  5.817578e+00,  1.768729e+01
  5.402264e+00,  2.696526e+01
  4.908705e+00,  3.875260e+01
  4.492893e+00,  5.322574e+01
  4.277362e+00,  6.908037e+01
  4.264560e+00,  8.365654e+01
  4.331486e+00,  9.479191e+01
  4.324099e+00,  1.017987e+02
  4.142804e+00,  1.046628e+02
  3.776144e+00,  1.030835e+02
  3.311672e+00,  9.604111e+01
  2.937346e+00,  8.248529e+01
  2.872228e+00,  6.467191e+01
  3.163205e+00,  4.941837e+01
  3.632754e+00,  4.085111e+01
  4.085457e+00,  3.851761e+01
  4.427032e+00,  4.110192e+01
  4.669126e+00,  4.771028e+01
  4.899964e+00,  5.743689e+01
  5.224029e+00,  6.878012e+01
  5.680929e+00,  7.979532e+01
  6.203572e+00,  8.898019e+01
  6.649294e+00,  9.574549e+01
  6.860911e+00,  1.000898e+02
  6.713931e+00,  1.020935e+02
  6.145256e+00,  1.015291e+02
  5.175683e+00,  9.736741e+01
  3.951617e+00,  8.651614e+01
  2.888732e+00,  6.121159e+01
  2.842974e+00,  2.051386e+01
  3.946597e+00,  3.520398e+02
  5.359550e+00,  3.383209e+02
  6.575796e+00,  3.308938e+02
  7.363229e+00,  3.259574e+02
  7.614370e+00,  3.218606e+02
  7.311340e+00,  3.175847e+02
  6.520279e+00,  3.120733e+02
  5.397257e+00,  3.036374e+02
  4.217453e+00,  2.891402e+02
  3.432095e+00,  2.648765e+02
  3.484174e+00,  2.364026e+02
  4.191715e+00,  2.170978e+02
  5.031602e+00,  2.080332e+02
  5.699544e+00,  2.053805e+02
  6.097924e+00,  2.068367e+02
  6.244804e+00,  2.112897e+02
  6.216649e+00,  2.180136e+02
  6.096990e+00,  2.261885e+02
  5.927696e+00,  2.347449e+02
  5.683861e+00,  2.425318e+02
  5.289891e+00,  2.485607e+02
  4.665205e+00,  2.519398e+02
  3.775243e+00,  2.512121e+02
  2.694805e+00,  2.421489e+02
  1.817705e+00,  2.113742e+02
  2.126028e+00,  1.631709e+02
  3.397559e+00,  1.404639e+02
  4.782235e+00,  1.320605e+02
  5.926219e+00,  1.283649e+02
  6.647064e+00,  1.264337e+02
  6.840818e+00,  1.251519e+02
  6.471602e+00,  1.238981e+02
  5.571375e+00,  1.220270e+02
  4.239984e+00,  1.182330e+02
  2.662594e+00,  1.080917e+02
  1.346725e+00,  6.853167e+01
  1.849257e+00,  1.542039e+00
  3.270308e+00,  3.431848e+02
  4.539560e+00,  3.389447e+02
  5.442439e+00,  3.390671e+02
  5.919803e+00,  3.415237e+02
  5.989195e+00,  3.458338e+02
  5.726351e+00,  3.519850e+02
  5.245853e+00,  8.439183e-02
  4.671765e+00,  1.007049e+01
  4.097738e+00,  2.137873e+01
  3.550009e+00,  3.276969e+01
  2.982801e+00,  4.256535e+01
  2.320991e+00,  4.876873e+01
  1.530975e+00,  4.698943e+01
  8.043464e-01,  1.468981e+01
  1.162737e+00,  3.097101e+02
  2.240291e+00,  2.943932e+02
  3.344157e+00,  2.926642e+02
  4.277318e+00,  2.945654e+02
  4.921331e+00,  2.982244e+02
  5.205888e+00,  3.033925e+02
  5.119163e+00,  3.104883e+02
  4.723920e+00,  3.205267e+02
  4.178880e+00,  3.351833e+02
  3.753329e+00,  3.559235e+02
  3.739008e+00,  2.049686e+01
  4.183529e+00,  4.229022e+01
  4.837953e+00,  5.795869e+01
  5.418983e+00,  6.859342e+01
  5.740342e+00,  7.591962e+01
  5.710819e+00,  8.100235e+01
  5.314948e+00,  8.424061e+01
  4.599933e+00,  8.536626e+01
  3.671336e+00,  8.303291e+01
  2.715109e+00,  7.350678e+01
  2.091956e+00,  5.012931e+01
  2.264620e+00,  2.017438e+01
  3.081623e+00,  4.280046e+00
  4.114082e+00,  1.298352e-01
  5.169282e+00,  1.383817e+00
  6.170586e+00,  4.930391e+00
  7.061436e+00,  9.237996e+00
  7.773437e+00,  1.345480e+01
  8.224132e+00,  1.706015e+01
  8.330592e+00,  1.967834e+01
  8.030270e+00,  2.091743e+01
  7.304385e+00,  2.015228e+01
  6.206212e+00,  1.610258e+01
  4.914332e+00,  5.883049e+00
  3.866894e+00,  3.440752e+02
  3.819407e+00,  3.117081e+02
  4.927368e+00,  2.869857e+02
  6.491400e+00,  2.742688e+02
  7.972122e+00,  2.680068e+02
  9.087171e+00,  2.648485e+02
  9.686049e+00,  2.632825e+02
  9.705254e+00,  2.625758e+02
  9.153816e+00,  2.623038e+02
  8.103405e+00,  2.621277e+02
  6.676344e+00,  2.616166e+02
  5.032205e+00,  2.599278e+02
  3.360948e+00,  2.548061e+02
  1.922889e+00,  2.384400e+02
  1.295040e+00,  1.928688e+02
  1.769487e+00,  1.569932e+02
  2.400826e+00,  1.491413e+02
  2.820702e+00,  1.522776e+02
  3.023170e+00,  1.613574e+02
  3.103636e+00,  1.749506e+02
  3.183294e+00,  1.918302e+02
  3.342875e+00,  2.100547e+02
  3.579783e+00,  2.277380e+02
  3.830058e+00,  2.441379e+02
  4.025562e+00,  2.596030e+02
  4.133894e+00,  2.749223e+02
  4.170431e+00,  2.908250e+02
  4.189430e+00,  3.076240e+02
  4.252634e+00,  3.249619e+02
  4.389702e+00,  3.419062e+02
  4.575580e+00,  3.574912e+02
  4.742008e+00,  1.122483e+01
  4.808574e+00,  2.312626e+01
  4.708977e+00,  3.347988e+01
  4.404149e+00,  4.261375e+01
  3.885257e+00,  5.077700e+01
  3.170862e+00,  5.804880e+01
  2.301256e+00,  6.411524e+01
  1.333881e+00,  6.704849e+01
  3.860959e-01,  4.343479e+01
  7.690049e-01,  2.934027e+02
  1.676094e+00,  2.901045e+02
  2.467993e+00,  2.947983e+02
  3.073918e+00,  3.012260e+02
  3.439572e+00,  3.085112e+02
  3.521592e+00,  3.167012e+02
  3.296615e+00,  3.264975e+02
  2.782913e+00,  3.399215e+02
  2.108817e+00,  2.806528e+00
  1.757268e+00,  4.613370e+01
  2.441544e+00,  9.034859e+01
  3.847958e+00,  1.131166e+02
  5.484250e+00,  1.250796e+02
  7.102295e+00,  1.324690e+02
  8.532726e+00,  1.374802e+02
  9.640834e+00,  1.409601e+02
  1.032675e+01,  1.432396e+02
  1.053483e+01,  1.443886e+02
  1.026328e+01,  1.442830e+02
  9.571363e+00,  1.425911e+02
  8.584401e+00,  1.387201e+02
  7.496717e+00,  1.318132e+02
  6.563577e+00,  1.211252e+02
  6.040485e+00,  1.073019e+02
  6.030115e+00,  9.346503e+01
  6.384641e+00,  8.306417e+01
  6.838272e+00,  7.720404e+01
  7.177336e+00,  7.533334e+01
  7.288567e+00,  7.666848e+01
  7.143103e+00,  8.069966e+01
  6.771579e+00,  8.721726e+01
  6.242975e+00,  9.623674e+01
  5.647636e+00,  1.079034e+02
  5.083256e+00,  1.223348e+02
  4.640333e+00,  1.393249e+02
  4.381225e+00,  1.579758e+02
  4.315292e+00,  1.766953e+02
  4.391629e+00,  1.938717e+02
  4.520335e+00,  2.085431e+02
  4.603591e+00,  2.204157e+02
  4.557730e+00,  2.294718e+02
  4.326091e+00,  2.355784e+02
  3.891157e+00,  2.381169e+02
  3.296806e+00,  2.353987e+02
  2.702386e+00,  2.238587e+02
  2.464435e+00,  2.009144e+02
  2.917400e+00,  1.770269e+02
  3.890493e+00,  1.634821e+02
  5.036834e+00,  1.580670e+02
  6.133203e+00,  1.569942e+02
  7.049665e+00,  1.583044e+02
  7.712516e+00,  1.610789e+02
  8.090172e+00,  1.648487e+02
  8.184305e+00,  1.693166e+02
  8.019409e+00,  1.742169e+02
  7.630505e+00,  1.792279e+02
  7.051997e+00,  1.839055e+02
  6.312396e+00,  1.876075e+02
  5.439877e+00,  1.893481e+02
  4.484320e+00,  1.874485e+02
  3.567624e+00,  1.788688e+02
  2.972008e+00,  1.598097e+02
  3.077729e+00,  1.344360e+02
  3.852146e+00,  1.158774e+02
  4.884656e+00,  1.062179e+02
  5.846096e+00,  1.016352e+02
  6.531765e+00,  9.957223e+01
  6.811237e+00,  9.876635e+01
  6.611721e+00,  9.857877e+01
  5.916424e+00,  9.863308e+01
  4.764075e+00,  9.859772e+01
  3.244897e+00,  9.783605e+01
  1.496222e+00,  9.304255e+01
  4.645413e-01,  3.206820e+02
  2.159175e+00,  2.929626e+02
  3.684332e+00,  2.911222e+02
  4.853331e+00,  2.913718e+02
  5.577059e+00,  2.923347e+02
  5.819385e+00,  2.937123e+02
  5.598220e+00,  2.954107e+02
  4.981423e+00,  2.973669e+02
  4.076213e+00,  2.994265e+02
  3.013354e+00,  3.010528e+02
  1.931564e+00,  3.001918e+02
  9.962213e-01,  2.868997e+02
  7.024332e-01,  2.302554e+02
  1.297902e+00,  2.023225e+02
  2.090233e+00,  2.031578e+02
  2.970689e+00,  2.099571e+02
  3.930796e+00,  2.173518e+02
  4.914518e+00,  2.237300e+02
  5.818324e+00,  2.287017e+02
  6.518145e+00,  2.322894e+02
  6.897931e+00,  2.345878e+02
  6.873198e+00,  2.356119e+02
  6.408533e+00,  2.351884e+02
  5.529941e+00,  2.327541e+02
  4.337276e+00,  2.267880e+02
  3.041016e+00,  2.129834e+02
  2.115378e+00,  1.810122e+02
  2.272909e+00,  1.378909e+02
  3.138383e+00,  1.141890e+02
  3.947410e+00,  1.036483e+02
  4.386592e+00,  9.830501e+01
  4.344032e+00,  9.523122e+01
  3.804740e+00,  9.323715e+01
  2.822625e+00,  9.160558e+01
  1.505399e+00,  8.895015e+01
  1.250758e-01,  3.574599e+02
  1.566561e+00,  2.785763e+02
  2.989891e+00,  2.771453e+02
  4.158214e+00,  2.776369e+02
  4.974583e+00,  2.790186e+02
  5.392960e+00,  2.811977e+02
  5.421811e+00,  2.842896e+02
  5.120675e+00,  2.885162e+02
  4.589030e+00,  2.941537e+02
  3.947004e+00,  3.014047e+02
  3.307040e+00,  3.100697e+02
  2.739357e+00,  3.189964e+02
  2.250849e+00,  3.256295e+02
  1.815398e+00,  3.258594e+02
  1.478091e+00,  3.137405e+02
  1.472327e+00,  2.880031e+02
  1.963767e+00,  2.658073e+02
  2.747608e+00,  2.550470e+02
  3.580038e+00,  2.508771e+02
  4.293665e+00,  2.499538e+02
  4.771994e+00,  2.509710e+02
  4.945405e+00,  2.536016e+02
  4.799006e+00,  2.580919e+02
  4.382825e+00,  2.652220e+02
  3.822733e+00,  2.763703e+02
  3.324654e+00,  2.929978e+02
  3.116911e+00,  3.140213e+02
  3.262374e+00,  3.338477e+02
  3.574331e+00,  3.480759e+02
  3.809155e+00,  3.568174e+02
  3.808160e+00,  1.573125e+00
  3.509509e+00,  3.358360e+00
  2.930474e+00,  2.389071e+00
  2.152717e+00,  3.577135e+02
  1.318011e+00,  3.451188e+02
  6.882396e-01,  3.073008e+02
  6.944825e-01,  2.451019e+02
  9.024660e-01,  2.152755e+02
  8.427278e-01,  1.927087e+02
  6.192513e-01,  1.424363e+02
  1.161658e+00,  7.661331e+01
  2.453507e+00,  5.463480e+01
  4.080012e+00,  4.514853e+01
  5.835097e+00,  3.928737e+01
  7.531189e+00,  3.480850e+01
  8.989438e+00,  3.087425e+01
  1.005593e+01,  2.706063e+01
  1.061938e+01,  2.308218e+01
  1.062486e+01,  1.868332e+01
  1.008112e+01,  1.356981e+01
  9.061041e+00,  7.333340e+00
  7.696083e+00,  3.593323e+02
  6.167281e+00,  3.484832e+02
  4.696370e+00,  3.329679e+02
  3.531816e+00,  3.104140e+02
  2.872398e+00,  2.807518e+02
  2.669917e+00,  2.497501e+02
  2.641491e+00,  2.216964e+02
  2.619494e+00,  1.942013e+02
  2.712401e+00,  1.642339e+02
  3.166967e+00,  1.346077e+02
  4.046767e+00,  1.112465e+02
  5.173552e+00,  9.509200e+01
  6.316325e+00,  8.403162e+01
  7.282277e+00,  7.619267e+01
  7.931787e+00,  7.043755e+01
  8.181380e+00,  6.612675e+01
  8.004472e+00,  6.291829e+01
  7.428178e+00,  6.066627e+01
  6.525326e+00,  5.939202e+01
  5.402601e+00,  5.932355e+01
  4.187132e+00,  6.104397e+01
  3.015307e+00,  6.587905e+01
  2.030303e+00,  7.672892e+01
  1.389730e+00,  9.797220e+01
  1.189795e+00,  1.255311e+02
  1.254384e+00,  1.435557e+02
  1.343818e+00,  1.494646e+02
  1.393626e+00,  1.476333e+02
  1.441840e+00,  1.415350e+02
  1.542888e+00,  1.345406e+02
  1.724169e+00,  1.297119e+02
  1.988849e+00,  1.284070e+02
  2.338122e+00,  1.301296e+02
  2.773872e+00,  1.334704e+02
  3.282465e+00,  1.370312e+02
  3.822412e+00,  1.399045e+02
  4.326994e+00,  1.416921e+02
  4.717273e+00,  1.423025e+02
  4.917723e+00,  1.417573e+02
  4.870041e+00,  1.400701e+02
  4.543313e+00,  1.371673e+02
  3.939890e+00,  1.327857e+02
  3.097440e+00,  1.261993e+02
  2.091465e+00,  1.151126e+02
  1.077218e+00,  8.852261e+01
  7.888497e-01,  5.657012e+00
  1.636941e+00,  3.202297e+02
  2.592470e+00,  3.012344e+02
  3.471585e+00,  2.863733e+02
  4.282209e+00,  2.719544e+02
  5.078842e+00,  2.573405e+02
  5.917683e+00,  2.428128e+02
  6.820172e+00,  2.288866e+02
  7.756786e+00,  2.159212e+02
  8.654957e+00,  2.039785e+02
  9.423059e+00,  1.928847e+02
  9.975654e+00,  1.823469e+02
  1.025240e+01,  1.720347e+02
  1.022874e+01,  1.616195e+02
  9.918395e+00,  1.507902e+02
  9.368167e+00,  1.392648e+02
  8.646326e+00,  1.268065e+02
  7.826709e+00,  1.132468e+02
  6.971982e+00,  9.850014e+01
  6.121193e+00,  8.253305e+01
  5.287832e+00,  6.523340e+01
  4.473419e+00,  4.613488e+01
  3.698665e+00,  2.398856e+01
  3.053134e+00,  3.564692e+02
  2.739539e+00,  3.221204e+02
  2.956463e+00,  2.864588e+02
  3.626793e+00,  2.577108e+02
  4.502287e+00,  2.364437e+02
  5.387763e+00,  2.199244e+02
  6.164926e+00,  2.060745e+02
  6.767247e+00,  1.936779e+02
  7.165610e+00,  1.820236e+02
  7.360454e+00,  1.706810e+02
  7.375233e+00,  1.593912e+02
  7.245909e+00,  1.480353e+02
  7.009711e+00,  1.366070e+02
  6.696762e+00,  1.251729e+02
  6.327238e+00,  1.138172e+02
  5.914691e+00,  1.025834e+02
  5.473080e+00,  9.143346e+01
  5.023531e+00,  8.024593e+01
  4.597486e+00,  6.886383e+01
  4.234481e+00,  5.720659e+01
  3.974176e+00,  4.542957e+01
  3.844431e+00,  3.402176e+01
  3.851171e+00,  2.366515e+01
  3.976952e+00,  1.487580e+01
  4.187875e+00,  7.741536e+00
  4.441425e+00,  1.958682e+00
  4.690946e+00,  3.570372e+02
  4.888712e+00,  3.524783e+02
  4.990359e+00,  3.478552e+02
  4.960905e+00,  3.428209e+02
  4.780713e+00,  3.370810e+02
  4.449335e+00,  3.303584e+02
  3.985689e+00,  3.223647e+02
  3.423678e+00,  3.127801e+02
  2.803805e+00,  3.012316e+02
  2.162540e+00,  2.872190e+02
  1.519834e+00,  2.695604e+02
  8.894008e-01,  2.427788e+02
  4.773123e-01,  1.725914e+02
  9.693529e-01,  1.003422e+02
  1.849895e+00,  7.480610e+01
  2.848512e+00,  5.939650e+01
  3.879258e+00,  4.743074e+01
  4.853791e+00,  3.707185e+01
  5.676949e+00,  2.744601e+01
  6.260303e+00,  1.792781e+01
  6.539959e+00,  7.905565e+00
  6.496578e+00,  3.566345e+02
  6.178035e+00,  3.431057e+02
  5.725241e+00,  3.260401e+02
  5.386396e+00,  3.045453e+02
  5.448593e+00,  2.800037e+02
  6.031640e+00,  2.565069e+02
  6.982214e+00,  2.369630e+02
  8.033108e+00,  2.212577e+02
  8.958315e+00,  2.080887e+02
  9.614839e+00,  1.962325e+02
  9.942358e+00,  1.847610e+02
  9.956622e+00,  1.729790e+02
  9.738575e+00,  1.603919e+02
  9.412742e+00,  1.467808e+02
  9.104264e+00,  1.323475e+02
  8.884889e+00,  1.177559e+02
  8.735850e+00,  1.038815e+02
  8.557776e+00,  9.139173e+01
  8.220803e+00,  8.051862e+01
  7.617851e+00,  7.112084e+01
  6.696487e+00,  6.283338e+01
  5.468397e+00,  5.511758e+01
  4.004746e+00,  4.704936e+01
  2.428749e+00,  3.604264e+01
  9.723041e-01,  5.770368e+00
  9.779887e-01,  2.634003e+02
  2.061156e+00,  2.366537e+02
  2.907101e+00,  2.271942e+02
  3.386116e+00,  2.209417e+02
  3.490111e+00,  2.154341e+02
  3.268248e+00,  2.095315e+02
  2.816397e+00,  2.020505e+02
  2.271366e+00,  1.911915e+02
  1.806171e+00,  1.747047e+02
  1.589119e+00,  1.536181e+02
  1.645284e+00,  1.363851e+02
  1.840471e+00,  1.291020e+02
  2.079752e+00,  1.306607e+02
  2.367262e+00,  1.378592e+02
  2.736331e+00,  1.474092e+02
  3.178617e+00,  1.568096e+02
  3.629567e+00,  1.650066e+02
  3.999265e+00,  1.720914e+02
  4.209191e+00,  1.786894e+02
  4.218840e+00,  1.856509e+02
  4.043974e+00,  1.940016e+02
  3.768832e+00,  2.048663e+02
  3.542861e+00,  2.188406e+02
  3.526170e+00,  2.344847e+02
  3.773552e+00,  2.481176e+02
  4.190794e+00,  2.568592e+02
  4.635486e+00,  2.602084e+02
  5.018060e+00,  2.587391e+02
  5.335224e+00,  2.531285e+02
  5.659350e+00,  2.442032e+02
  6.090176e+00,  2.332851e+02
  6.678973e+00,  2.220887e+02
  7.376139e+00,  2.120326e+02
  8.043465e+00,  2.037634e+02
  8.506023e+00,  1.973158e+02
  8.601067e+00,  1.924964e+02
  8.210497e+00,  1.891612e+02
  7.281436e+00,  1.874181e+02
  5.841998e+00,  1.880101e+02
  4.023886e+00,  1.938109e+02
  2.230758e+00,  2.183321e+02
  2.115734e+00,  2.834073e+02
  3.920703e+00,  3.115987e+02
  5.890528e+00,  3.181424e+02
  7.541732e+00,  3.188289e+02
  8.701167e+00,  3.169477e+02
  9.302310e+00,  3.133246e+02
  9.364398e+00,  3.080617e+02
  8.987264e+00,  3.009500e+02
  8.339449e+00,  2.916688e+02
  7.627902e+00,  2.800859e+02
  7.035799e+00,  2.667500e+02
  6.636377e+00,  2.531688e+02
  6.348849e+00,  2.412016e+02
  5.996869e+00,  2.320943e+02
  5.415490e+00,  2.263832e+02
  4.522835e+00,  2.246615e+02
  3.354764e+00,  2.290970e+02
  2.150847e+00,  2.482063e+02
  1.752793e+00,  2.976901e+02
  2.726313e+00,  3.344865e+02
  4.045433e+00,  3.481709e+02
  5.177801e+00,  3.546701e+02
  5.935679e+00,  3.590432e+02
  6.246070e+00,  3.071070e+00
  6.114110e+00,  7.729144e+00
  5.615162e+00,  1.388414e+01
  4.888065e+00,  2.257280e+01
  4.122176e+00,  3.497001e+01
  3.519640e+00,  5.149831e+01
  3.196997e+00,  6.994827e+01
  3.079937e+00,  8.601655e+01
  2.968727e+00,  9.718267e+01
  2.701793e+00,  1.032856e+02
  2.225727e+00,  1.041883e+02
  1.599595e+00,  9.721851e+01
  1.041022e+00,  7.206396e+01
  1.010036e+00,  2.648150e+01
  1.427976e+00,  1.862422e+00
  1.783950e+00,  3.550043e+02
  1.868419e+00,  3.565596e+02
  1.647985e+00,  6.557070e+00
  1.301192e+00,  3.378292e+01
  1.456531e+00,  8.099208e+01
  2.407117e+00,  1.108092e+02
  3.692092e+00,  1.241265e+02
  4.999329e+00,  1.314163e+02
  6.136467e+00,  1.364458e+02
  6.968208e+00,  1.406681e+02
  7.411367e+00,  1.448217e+02
  7.441637e+00,  1.494289e+02
  7.098273e+00,  1.549867e+02
  6.481760e+00,  1.620371e+02
  5.740924e+00,  1.710956e+02
  5.041779e+00,  1.822824e+02
  4.508124e+00,  1.946200e+02
  4.153567e+00,  2.057621e+02
  3.881449e+00,  2.130110e+02
  3.583874e+00,  2.142764e+02
  3.261113e+00,  2.077268e+02
  3.094896e+00,  1.923405e+02
  3.364178e+00,  1.722467e+02
  4.119887e+00,  1.556443e+02
  5.120451e+00,  1.451609e+02
  6.080452e+00,  1.390899e+02
  6.777775e+00,  1.356725e+02
  7.059387e+00,  1.338861e+02
  6.839124e+00,  1.332206e+02
  6.097761e+00,  1.334978e+02
  4.881091e+00,  1.348794e+02
  3.294917e+00,  1.383672e+02
  1.514133e+00,  1.504099e+02
  7.193724e-01,  2.629355e+02
  2.337813e+00,  2.989259e+02
  3.845852e+00,  3.058138e+02
  4.989060e+00,  3.097422e+02
  5.685291e+00,  3.131072e+02
  5.915923e+00,  3.165672e+02
  5.717872e+00,  3.204188e+02
  5.172776e+00,  3.248139e+02
  4.389560e+00,  3.297386e+02
  3.481931e+00,  3.348008e+02
  2.546660e+00,  3.385765e+02
  1.663859e+00,  3.363255e+02
  1.026859e+00,  3.115440e+02
  1.256622e+00,  2.656847e+02
  2.220192e+00,  2.501702e+02
  3.430955e+00,  2.484095e+02
  4.714507e+00,  2.500370e+02
  5.937354e+00,  2.523460e+02
  6.960882e+00,  2.545134e+02
  7.653212e+00,  2.562430e+02
  7.908868e+00,  2.573719e+02
  7.666467e+00,  2.577026e+02
  6.921809e+00,  2.568472e+02
  5.737848e+00,  2.539041e+02
  4.263265e+00,  2.464660e+02
  2.819945e+00,  2.272107e+02
  2.225078e+00,  1.841843e+02
  3.060006e+00,  1.476214e+02
  4.344021e+00,  1.330934e+02
  5.436115e+00,  1.275968e+02
  6.110985e+00,  1.257857e+02
  6.283123e+00,  1.258948e+02
  5.944439e+00,  1.273018e+02
  5.145281e+00,  1.298823e+02
  3.981258e+00,  1.339651e+02
  2.582005e+00,  1.410680e+02
  1.130596e+00,  1.609241e+02
  7.532094e-01,  2.699429e+02
  1.979081e+00,  3.044762e+02
  3.110331e+00,  3.152483e+02
  3.979946e+00,  3.229391e+02
  4.548886e+00,  3.299809e+02
  4.812532e+00,  3.369732e+02
  4.786110e+00,  3.440689e+02
  4.494788e+00,  3.512340e+02
  3.966359e+00,  3.583043e+02
  3.227838e+00,  4.947603e+00
  2.306991e+00,  1.037463e+01
  1.242002e+00,  1.122151e+01
  3.038102e-01,  3.032016e+02
  1.303709e+00,  2.330605e+02
  2.568072e+00,  2.331336e+02
  3.790347e+00,  2.374869e+02
  4.895771e+00,  2.428227e+02
  5.822831e+00,  2.484731e+02
  6.522397e+00,  2.541990e+02
  6.959134e+00,  2.598494e+02
  7.110955e+00,  2.652630e+02
  6.967438e+00,  2.702182e+02
  6.529247e+00,  2.743750e+02
  5.811000e+00,  2.771548e+02
  4.851326e+00,  2.774230e+02
  3.742007e+00,  2.725678e+02
  2.725522e+00,  2.562193e+02
  2.409019e+00,  2.225597e+02
  3.208447e+00,  1.937132e+02
  4.554049e+00,  1.811526e+02
  5.949395e+00,  1.765709e+02
  7.149544e+00,  1.752690e+02
  8.002375e+00,  1.753815e+02
  8.405098e+00,  1.760781e+02
  8.300179e+00,  1.769026e+02
  7.678842e+00,  1.774983e+02
  6.583642e+00,  1.774058e+02
  5.109417e+00,  1.756864e+02
  3.412542e+00,  1.695486e+02
  1.815354e+00,  1.465398e+02
  1.524513e+00,  7.992499e+01
  2.762199e+00,  4.838764e+01
  4.028848e+00,  4.056163e+01
  4.936078e+00,  3.861284e+01
  5.365068e+00,  3.879555e+01
  5.274736e+00,  3.995574e+01
  4.676423e+00,  4.155983e+01
  3.624397e+00,  4.313164e+01
  2.207803e+00,  4.345360e+01
  5.685627e-01,  2.751520e+01
  1.326446e+00,  2.466905e+02
  3.144844e+00,  2.439554e+02
  4.868255e+00,  2.458323e+02
  6.381529e+00,  2.485682e+02
  7.591686e+00,  2.514991e+02
  8.425976e+00,  2.543332e+02
  8.835083e+00,  2.568406e+02
  8.797170e+00,  2.587582e+02
  8.322792e+00,  2.597081e+02
  7.461902e+00,  2.590606e+02
  6.317019e+00,  2.556487e+02
  5.074225e+00,  2.472189e+02
  4.069832e+00,  2.302550e+02
  3.786051e+00,  2.051086e+02
  4.368982e+00,  1.831263e+02
  5.372978e+00,  1.707134e+02
  6.351700e+00,  1.651109e+02
  7.061623e+00,  1.633857e+02
  7.390312e+00,  1.640170e+02
  7.307547e+00,  1.663016e+02
  6.842164e+00,  1.699357e+02
  6.064519e+00,  1.748047e+02
  5.067017e+00,  1.808524e+02
  3.941547e+00,  1.879443e+02
  2.756520e+00,  1.956218e+02
  1.541060e+00,  2.021776e+02
  3.201373e-01,  1.832364e+02
  1.114632e+00,  5.805777e+01
  2.582736e+00,  6.096302e+01
  4.166546e+00,  6.651142e+01
  5.799865e+00,  7.154388e+01
  7.374252e+00,  7.557208e+01
  8.753552e+00,  7.850077e+01
  9.798069e+00,  8.030001e+01
  1.039098e+01,  8.089576e+01
  1.046359e+01,  8.009917e+01
  1.001783e+01,  7.752375e+01
  9.146422e+00,  7.246839e+01
  8.053127e+00,  6.382083e+01
  7.065182e+00,  5.038605e+01
  6.569518e+00,  3.264867e+01
  6.757124e+00,  1.472274e+01
  7.413244e+00,  1.059765e+00
  8.131450e+00,  3.525661e+02
  8.588334e+00,  3.482193e+02
  8.609501e+00,  3.470545e+02
  8.150926e+00,  3.486628e+02
  7.276503e+00,  3.532316e+02
  6.143595e+00,  1.627449e+00
  4.995829e+00,  1.546716e+01
  4.142341e+00,  3.617137e+01
  3.821811e+00,  6.131740e+01
  3.948055e+00,  8.432501e+01
  4.188178e+00,  1.023460e+02
  4.285682e+00,  1.170927e+02
  4.158682e+00,  1.311005e+02
  3.867647e+00,  1.465379e+02
  3.570645e+00,  1.647454e+02
  3.442013e+00,  1.848819e+02
  3.529404e+00,  2.034771e+02
  3.633429e+00,  2.178551e+02
  2.734597e+00,  2.365780e+02
##END=
