##TITLE= E:\桌面\nmr\ogm\sjd\matlabcod\1_unitary\2_20_xjhsjd
##JCAMP-DX= 5.00 Bruker JCAMP library
##DATA TYPE= Shape Data
##ORIGIN= Colm's GRAPE Pulses 
##OWNER= Dawei.Lu
##DATE= 02-Aug-2025
##TIME= 13:20
##MINX= 1.405274e+00
##MAXX= 2.902929e+01
##MINY= 1.898459e+00
##MAXY= 3.532091e+02
##$SHAPE_EXMODE= None
##$SHAPE_TOTROT= 9.000000e+01
##$SHAPE_BWFAC= 1.000000e+00
##$SHAPE_INTEGFAC= 1.000000e+00
##$SHAPE_MODE= 1
##PULSE_WIDTH= 2000
##Calibration_Power= 12500
##NPOINTS= 200
##XYPOINTS= (XY..XY)
  4.076561e+00,  3.787965e+00
  1.064957e+01,  2.706225e+02
  2.248920e+01,  2.414507e+02
  2.460907e+01,  2.095426e+02
  2.477372e+01,  1.800400e+02
  2.307193e+01,  1.513338e+02
  2.043475e+01,  1.210055e+02
  1.813668e+01,  8.972963e+01
  1.621179e+01,  6.131076e+01
  1.380814e+01,  3.846339e+01
  1.066546e+01,  2.226473e+01
  7.515761e+00,  1.570651e+01
  5.710513e+00,  2.316246e+01
  5.965539e+00,  3.186247e+01
  7.018504e+00,  2.659888e+01
  7.659261e+00,  1.154988e+01
  7.579106e+00,  3.512100e+02
  6.975930e+00,  3.283264e+02
  6.057328e+00,  3.071106e+02
  4.771006e+00,  2.942971e+02
  3.395657e+00,  3.016400e+02
  3.433120e+00,  3.309149e+02
  4.823900e+00,  3.394359e+02
  5.842095e+00,  3.267900e+02
  6.382327e+00,  3.001428e+02
  7.472692e+00,  2.674237e+02
  9.132594e+00,  2.405889e+02
  1.000937e+01,  2.208205e+02
  9.108052e+00,  2.031752e+02
  6.675387e+00,  1.801406e+02
  4.546540e+00,  1.371211e+02
  4.967456e+00,  8.693660e+01
  6.017168e+00,  6.117761e+01
  5.810770e+00,  4.561935e+01
  4.526731e+00,  2.636932e+01
  3.734869e+00,  3.501087e+02
  4.981834e+00,  3.182367e+02
  7.186667e+00,  3.083531e+02
  9.202489e+00,  3.071466e+02
  1.037886e+01,  3.069300e+02
  1.033947e+01,  3.039979e+02
  9.300888e+00,  2.952760e+02
  8.295389e+00,  2.782912e+02
  8.530805e+00,  2.579095e+02
  9.874771e+00,  2.443960e+02
  1.119185e+01,  2.383285e+02
  1.149939e+01,  2.350006e+02
  1.017084e+01,  2.299816e+02
  7.215345e+00,  2.173987e+02
  4.081027e+00,  1.786834e+02
  4.357482e+00,  1.114325e+02
  5.853700e+00,  7.671953e+01
  5.517056e+00,  4.540465e+01
  4.991662e+00,  3.500565e+02
  7.668845e+00,  2.989804e+02
  1.080810e+01,  2.719999e+02
  1.147735e+01,  2.499799e+02
  9.458675e+00,  2.192426e+02
  8.303273e+00,  1.655900e+02
  1.147783e+01,  1.176371e+02
  1.488160e+01,  8.973888e+01
  1.540600e+01,  6.679541e+01
  1.321248e+01,  3.948938e+01
  1.073677e+01,  1.898459e+00
  9.813247e+00,  3.209507e+02
  8.603622e+00,  2.870469e+02
  5.434303e+00,  2.476806e+02
  4.392419e+00,  1.579895e+02
  8.967884e+00,  1.089342e+02
  1.236283e+01,  8.855497e+01
  1.244027e+01,  7.369692e+01
  9.559179e+00,  5.984078e+01
  5.496558e+00,  4.698677e+01
  2.411149e+00,  5.353723e+01
  3.247198e+00,  9.254895e+01
  6.969759e+00,  8.456960e+01
  1.113324e+01,  6.898181e+01
  1.364114e+01,  5.309910e+01
  1.290174e+01,  3.512727e+01
  8.996981e+00,  8.599328e+00
  5.053175e+00,  3.066053e+02
  7.296704e+00,  2.279359e+02
  1.115068e+01,  1.863618e+02
  1.406266e+01,  1.498746e+02
  1.706927e+01,  1.139937e+02
  2.015025e+01,  8.232381e+01
  2.156934e+01,  5.456873e+01
  2.012344e+01,  2.672967e+01
  1.668122e+01,  3.532091e+02
  1.401267e+01,  3.101153e+02
  1.367091e+01,  2.657632e+02
  1.346883e+01,  2.285619e+02
  1.162077e+01,  1.927764e+02
  9.145491e+00,  1.485643e+02
  8.234171e+00,  9.586159e+01
  8.316153e+00,  4.861285e+01
  7.818156e+00,  2.216478e+00
  8.128991e+00,  3.088572e+02
  1.036883e+01,  2.652662e+02
  1.207623e+01,  2.368171e+02
  1.114744e+01,  2.157977e+02
  7.461202e+00,  1.976674e+02
  2.382745e+00,  1.850018e+02
  2.618631e+00,  3.181430e+02
  6.675203e+00,  2.950825e+02
  1.054612e+01,  2.653860e+02
  1.440499e+01,  2.384203e+02
  1.693720e+01,  2.155857e+02
  1.650789e+01,  1.946369e+02
  1.266677e+01,  1.715703e+02
  6.861321e+00,  1.349747e+02
  4.373937e+00,  4.117531e+01
  8.450534e+00,  3.358014e+02
  1.276562e+01,  2.979376e+02
  1.687573e+01,  2.657239e+02
  2.048390e+01,  2.387290e+02
  2.217269e+01,  2.165128e+02
  2.077035e+01,  1.972077e+02
  1.643866e+01,  1.785118e+02
  1.063248e+01,  1.574736e+02
  5.205014e+00,  1.288121e+02
  1.405274e+00,  6.369220e+01
  2.730189e+00,  2.892918e+02
  6.010478e+00,  2.546896e+02
  8.990296e+00,  2.363638e+02
  1.069059e+01,  2.255764e+02
  1.073080e+01,  2.196521e+02
  9.619800e+00,  2.168987e+02
  8.332947e+00,  2.141353e+02
  7.662042e+00,  2.058437e+02
  8.029895e+00,  1.901161e+02
  9.261542e+00,  1.727130e+02
  1.029743e+01,  1.575429e+02
  9.979797e+00,  1.431746e+02
  8.017497e+00,  1.256524e+02
  5.395950e+00,  9.756126e+01
  3.877791e+00,  5.429173e+01
  3.223102e+00,  2.079842e+01
  1.477312e+00,  1.934319e+01
  2.272521e+00,  1.337388e+02
  5.929626e+00,  1.356770e+02
  8.670598e+00,  1.270255e+02
  9.808058e+00,  1.141686e+02
  9.871875e+00,  9.663500e+01
  1.009905e+01,  7.672857e+01
  1.110469e+01,  6.115915e+01
  1.246132e+01,  5.289831e+01
  1.348927e+01,  4.878943e+01
  1.346170e+01,  4.418964e+01
  1.179572e+01,  3.520130e+01
  8.738679e+00,  1.746696e+01
  5.649884e+00,  3.439753e+02
  3.763860e+00,  2.911074e+02
  3.098161e+00,  2.118145e+02
  6.341169e+00,  1.412324e+02
  1.212924e+01,  1.114852e+02
  1.724356e+01,  9.367335e+01
  1.938962e+01,  7.866177e+01
  1.779477e+01,  6.237085e+01
  1.366635e+01,  4.092653e+01
  9.474459e+00,  1.134118e+01
  6.331492e+00,  3.412615e+02
  2.660245e+00,  3.395990e+02
  4.395688e+00,  7.747118e+01
  1.064938e+01,  7.658468e+01
  1.472331e+01,  6.445003e+01
  1.476975e+01,  4.556496e+01
  1.212428e+01,  1.267244e+01
  1.164321e+01,  3.235909e+02
  1.397776e+01,  2.850523e+02
  1.401733e+01,  2.583627e+02
  1.010934e+01,  2.273428e+02
  6.762347e+00,  1.618512e+02
  9.951605e+00,  1.007275e+02
  1.206380e+01,  6.904873e+01
  1.009570e+01,  3.207706e+01
  9.843060e+00,  3.272612e+02
  1.596423e+01,  2.817433e+02
  2.091093e+01,  2.582767e+02
  2.041655e+01,  2.387754e+02
  1.511898e+01,  2.124834e+02
  1.042660e+01,  1.639127e+02
  1.107203e+01,  1.123330e+02
  1.075606e+01,  8.240468e+01
  6.058097e+00,  4.776708e+01
  5.573399e+00,  3.023714e+02
  1.214456e+01,  2.689544e+02
  1.471601e+01,  2.596822e+02
  1.173276e+01,  2.604300e+02
  6.641476e+00,  2.867711e+02
  7.128782e+00,  3.354072e+02
  9.019540e+00,  3.325681e+02
  1.031483e+01,  2.913731e+02
  1.701664e+01,  2.493016e+02
  2.550049e+01,  2.262929e+02
  2.902929e+01,  2.087751e+02
  2.501345e+01,  1.865926e+02
  1.829549e+01,  1.435084e+02
  1.939003e+01,  8.507372e+01
  8.820576e+00,  2.845111e+01
##END=
