##TITLE= E:\桌面\nmr\ogm\sjd\matlabcod\1\2_21_xjhsjd
##JCAMP-DX= 5.00 Bruker JCAMP library
##DATA TYPE= Shape Data
##ORIGIN= Colm's GRAPE Pulses 
##OWNER= Dawei.Lu
##DATE= 02-Aug-2025
##TIME= 11:30
##MINX= 2.290398e-01
##MAXX= 1.353171e+01
##MINY= 2.998220e-02
##MAXY= 3.599006e+02
##$SHAPE_EXMODE= None
##$SHAPE_TOTROT= 9.000000e+01
##$SHAPE_BWFAC= 1.000000e+00
##$SHAPE_INTEGFAC= 1.000000e+00
##$SHAPE_MODE= 1
##PULSE_WIDTH= 5000
##Calibration_Power= 12500
##NPOINTS= 1000
##XYPOINTS= (XY..XY)
  4.358794e-01,  1.645709e+02
  7.337453e-01,  1.596859e+02
  1.317095e+00,  1.475597e+02
  1.965542e+00,  1.525551e+02
  2.474697e+00,  1.652013e+02
  3.039879e+00,  1.819436e+02
  3.860886e+00,  1.984096e+02
  4.975106e+00,  2.113667e+02
  6.262737e+00,  2.203488e+02
  7.540928e+00,  2.261749e+02
  8.626746e+00,  2.296745e+02
  9.367451e+00,  2.313659e+02
  9.658844e+00,  2.314641e+02
  9.459023e+00,  2.299056e+02
  8.799339e+00,  2.263110e+02
  7.795059e+00,  2.198652e+02
  6.660098e+00,  2.091899e+02
  5.717801e+00,  1.927990e+02
  5.323221e+00,  1.716032e+02
  5.579308e+00,  1.509533e+02
  6.194852e+00,  1.351911e+02
  6.777884e+00,  1.240816e+02
  7.057683e+00,  1.157341e+02
  6.900507e+00,  1.083584e+02
  6.287913e+00,  1.001831e+02
  5.323819e+00,  8.868509e+01
  4.308771e+00,  6.943485e+01
  3.886645e+00,  3.880202e+01
  4.660299e+00,  8.040243e+00
  6.310291e+00,  3.491286e+02
  8.242666e+00,  3.388488e+02
  1.009697e+01,  3.328761e+02
  1.166047e+01,  3.289981e+02
  1.279769e+01,  3.261000e+02
  1.342994e+01,  3.235307e+02
  1.353171e+01,  3.208232e+02
  1.313124e+01,  3.175575e+02
  1.231106e+01,  3.132793e+02
  1.120706e+01,  3.074542e+02
  1.000369e+01,  2.994980e+02
  8.916441e+00,  2.890113e+02
  8.141193e+00,  2.763333e+02
  7.762329e+00,  2.629914e+02
  7.687196e+00,  2.510423e+02
  7.699235e+00,  2.417515e+02
  7.577274e+00,  2.352924e+02
  7.170111e+00,  2.313458e+02
  6.413030e+00,  2.296431e+02
  5.320335e+00,  2.303066e+02
  3.976456e+00,  2.344009e+02
  2.548399e+00,  2.460832e+02
  1.448519e+00,  2.819655e+02
  1.630509e+00,  3.407696e+02
  2.566034e+00,  5.969182e+00
  3.370747e+00,  1.644404e+01
  3.818822e+00,  2.301131e+01
  3.856615e+00,  2.888567e+01
  3.511398e+00,  3.591493e+01
  2.884925e+00,  4.652671e+01
  2.185049e+00,  6.557254e+01
  1.804868e+00,  9.871556e+01
  2.075716e+00,  1.328496e+02
  2.691060e+00,  1.523146e+02
  3.243656e+00,  1.617644e+02
  3.536101e+00,  1.660187e+02
  3.493953e+00,  1.668371e+02
  3.123503e+00,  1.641571e+02
  2.511743e+00,  1.559213e+02
  1.876275e+00,  1.362660e+02
  1.670910e+00,  1.004980e+02
  2.157033e+00,  6.996000e+01
  2.922415e+00,  5.541525e+01
  3.613006e+00,  4.927723e+01
  4.067424e+00,  4.714707e+01
  4.215940e+00,  4.736459e+01
  4.045756e+00,  4.939154e+01
  3.588325e+00,  5.330830e+01
  2.910796e+00,  5.992451e+01
  2.117936e+00,  7.163613e+01
  1.384950e+00,  9.550653e+01
  1.078560e+00,  1.419880e+02
  1.410991e+00,  1.833814e+02
  1.936398e+00,  2.046285e+02
  2.377538e+00,  2.174819e+02
  2.649102e+00,  2.271805e+02
  2.720837e+00,  2.354942e+02
  2.580077e+00,  2.430991e+02
  2.221236e+00,  2.503745e+02
  1.645163e+00,  2.579575e+02
  8.665966e-01,  2.691078e+02
  2.290398e-01,  2.503607e+01
  1.259944e+00,  7.586630e+01
  2.449632e+00,  8.297514e+01
  3.643221e+00,  8.656208e+01
  4.746479e+00,  8.859562e+01
  5.667486e+00,  8.945736e+01
  6.327070e+00,  8.918897e+01
  6.671822e+00,  8.766792e+01
  6.686733e+00,  8.462078e+01
  6.406169e+00,  7.959134e+01
  5.922100e+00,  7.192627e+01
  5.385815e+00,  6.093451e+01
  4.987255e+00,  4.655661e+01
  4.874204e+00,  3.047846e+01
  5.042610e+00,  1.572919e+01
  5.336175e+00,  4.334380e+00
  5.561787e+00,  3.565039e+02
  5.576935e+00,  3.516726e+02
  5.312181e+00,  3.493435e+02
  4.766677e+00,  3.493911e+02
  3.999142e+00,  3.522327e+02
  3.121292e+00,  3.591729e+02
  2.298645e+00,  1.298455e+01
  1.746398e+00,  3.672421e+01
  1.592095e+00,  6.496834e+01
  1.635142e+00,  8.584291e+01
  1.570726e+00,  9.844240e+01
  1.242210e+00,  1.070520e+02
  6.204234e-01,  1.187480e+02
  3.395788e-01,  2.578933e+02
  1.391721e+00,  2.808747e+02
  2.548577e+00,  2.845248e+02
  3.669198e+00,  2.857135e+02
  4.640975e+00,  2.858520e+02
  5.372459e+00,  2.852754e+02
  5.803025e+00,  2.840496e+02
  5.909747e+00,  2.821026e+02
  5.710563e+00,  2.792263e+02
  5.262963e+00,  2.750789e+02
  4.659099e+00,  2.691728e+02
  4.016266e+00,  2.609563e+02
  3.457486e+00,  2.502219e+02
  3.072540e+00,  2.379692e+02
  2.869396e+00,  2.267790e+02
  2.773830e+00,  2.194055e+02
  2.698356e+00,  2.173109e+02
  2.607285e+00,  2.209056e+02
  2.533059e+00,  2.300298e+02
  2.550205e+00,  2.434896e+02
  2.714958e+00,  2.586483e+02
  3.014243e+00,  2.728351e+02
  3.380947e+00,  2.849987e+02
  3.743979e+00,  2.954213e+02
  4.057985e+00,  3.047437e+02
  4.308070e+00,  3.134467e+02
  4.501254e+00,  3.217000e+02
  4.651638e+00,  3.293579e+02
  4.765379e+00,  3.360433e+02
  4.832818e+00,  3.412891e+02
  4.832251e+00,  3.446638e+02
  4.742973e+00,  3.458192e+02
  4.560831e+00,  3.444729e+02
  4.309493e+00,  3.404079e+02
  4.039273e+00,  3.335958e+02
  3.810181e+00,  3.244933e+02
  3.658576e+00,  3.142956e+02
  3.566233e+00,  3.046785e+02
  3.462930e+00,  2.971164e+02
  3.263885e+00,  2.926206e+02
  2.914111e+00,  2.922699e+02
  2.431172e+00,  2.983860e+02
  1.979098e+00,  3.159045e+02
  1.950487e+00,  3.457622e+02
  2.571935e+00,  1.036516e+01
  3.550112e+00,  2.230318e+01
  4.577502e+00,  2.690480e+01
  5.468340e+00,  2.774526e+01
  6.104757e+00,  2.631591e+01
  6.417786e+00,  2.315223e+01
  6.386431e+00,  1.830437e+01
  6.040376e+00,  1.147823e+01
  5.462257e+00,  2.043913e+00
  4.787769e+00,  3.490703e+02
  4.195085e+00,  3.317643e+02
  3.853197e+00,  3.108253e+02
  3.811121e+00,  2.893614e+02
  3.945763e+00,  2.704467e+02
  4.067922e+00,  2.546150e+02
  4.040195e+00,  2.406670e+02
  3.812020e+00,  2.269185e+02
  3.417936e+00,  2.114555e+02
  2.975606e+00,  1.921030e+02
  2.673629e+00,  1.675901e+02
  2.674418e+00,  1.408657e+02
  2.942569e+00,  1.178389e+02
  3.279002e+00,  1.004928e+02
  3.496375e+00,  8.725763e+01
  3.482670e+00,  7.608798e+01
  3.197167e+00,  6.508303e+01
  2.667686e+00,  5.174097e+01
  2.020110e+00,  3.094924e+01
  1.603622e+00,  3.536981e+02
  1.922484e+00,  3.110648e+02
  2.794323e+00,  2.862578e+02
  3.792884e+00,  2.730862e+02
  4.712814e+00,  2.649157e+02
  5.455551e+00,  2.590644e+02
  5.972701e+00,  2.543582e+02
  6.250267e+00,  2.501642e+02
  6.301460e+00,  2.460483e+02
  6.160626e+00,  2.416387e+02
  5.877936e+00,  2.365674e+02
  5.515838e+00,  2.304646e+02
  5.140825e+00,  2.230265e+02
  4.814517e+00,  2.141500e+02
  4.581348e+00,  2.040868e+02
  4.454330e+00,  1.934486e+02
  4.408215e+00,  1.829426e+02
  4.388048e+00,  1.730067e+02
  4.328520e+00,  1.636434e+02
  4.173056e+00,  1.544685e+02
  3.887648e+00,  1.447786e+02
  3.471720e+00,  1.334836e+02
  2.971559e+00,  1.188548e+02
  2.502181e+00,  9.839639e+01
  2.257693e+00,  7.086403e+01
  2.392891e+00,  4.159585e+01
  2.822706e+00,  1.806369e+01
  3.328233e+00,  7.873081e-01
  3.738218e+00,  3.471705e+02
  3.954463e+00,  3.350124e+02
  3.939043e+00,  3.226558e+02
  3.713332e+00,  3.085049e+02
  3.370263e+00,  2.906791e+02
  3.090641e+00,  2.675198e+02
  3.102586e+00,  2.403566e+02
  3.500855e+00,  2.148332e+02
  4.146664e+00,  1.946539e+02
  4.827230e+00,  1.791303e+02
  5.376736e+00,  1.664302e+02
  5.690955e+00,  1.550911e+02
  5.719452e+00,  1.440302e+02
  5.461487e+00,  1.322836e+02
  4.966946e+00,  1.187398e+02
  4.343289e+00,  1.018941e+02
  3.768443e+00,  7.994960e+01
  3.479192e+00,  5.254524e+01
  3.641854e+00,  2.374428e+01
  4.189281e+00,  3.588746e+02
  4.922281e+00,  3.389371e+02
  5.685336e+00,  3.224040e+02
  6.402049e+00,  3.078156e+02
  7.051220e+00,  2.943124e+02
  7.639895e+00,  2.815144e+02
  8.180660e+00,  2.693505e+02
  8.674650e+00,  2.579103e+02
  9.103191e+00,  2.473222e+02
  9.429196e+00,  2.376728e+02
  9.605703e+00,  2.289744e+02
  9.586948e+00,  2.211689e+02
  9.338033e+00,  2.141442e+02
  8.842116e+00,  2.077476e+02
  8.105493e+00,  2.017914e+02
  7.154309e+00,  1.960285e+02
  6.031402e+00,  1.900836e+02
  4.793830e+00,  1.832804e+02
  3.514087e+00,  1.741238e+02
  2.300787e+00,  1.584315e+02
  1.422528e+00,  1.233613e+02
  1.487000e+00,  6.938785e+01
  2.268137e+00,  4.006028e+01
  3.148057e+00,  2.623370e+01
  3.945465e+00,  1.746645e+01
  4.613092e+00,  1.042700e+01
  5.140117e+00,  3.844847e+00
  5.531913e+00,  3.571316e+02
  5.803130e+00,  3.500029e+02
  5.972361e+00,  3.423618e+02
  6.055782e+00,  3.342556e+02
  6.060182e+00,  3.258402e+02
  5.977608e+00,  3.173300e+02
  5.784233e+00,  3.089354e+02
  5.444677e+00,  3.008077e+02
  4.920645e+00,  2.930029e+02
  4.181342e+00,  2.854545e+02
  3.213050e+00,  2.778909e+02
  2.026203e+00,  2.693530e+02
  6.695499e-01,  2.511494e+02
  8.964855e-01,  9.632295e+01
  2.446381e+00,  8.194050e+01
  3.976763e+00,  7.408198e+01
  5.389240e+00,  6.713135e+01
  6.602623e+00,  6.026173e+01
  7.554478e+00,  5.314143e+01
  8.208044e+00,  4.554597e+01
  8.556992e+00,  3.727901e+01
  8.626487e+00,  2.815853e+01
  8.469267e+00,  1.803441e+01
  8.155545e+00,  6.832412e+00
  7.756581e+00,  3.546131e+02
  7.324757e+00,  3.416066e+02
  6.877656e+00,  3.281644e+02
  6.395681e+00,  3.146059e+02
  5.837017e+00,  3.010136e+02
  5.163877e+00,  2.870386e+02
  4.371391e+00,  2.716535e+02
  3.520167e+00,  2.526488e+02
  2.789710e+00,  2.260909e+02
  2.518941e+00,  1.903006e+02
  2.909401e+00,  1.562709e+02
  3.687225e+00,  1.328027e+02
  4.510373e+00,  1.170137e+02
  5.182474e+00,  1.052127e+02
  5.603959e+00,  9.532772e+01
  5.735076e+00,  8.616412e+01
  5.582927e+00,  7.685724e+01
  5.196779e+00,  6.658116e+01
  4.665862e+00,  5.439145e+01
  4.116624e+00,  3.926815e+01
  3.698761e+00,  2.071561e+01
  3.534114e+00,  2.998220e-02
  3.635945e+00,  3.402914e+02
  3.901799e+00,  3.237437e+02
  4.202473e+00,  3.104629e+02
  4.449395e+00,  2.994440e+02
  4.606221e+00,  2.895843e+02
  4.679779e+00,  2.799761e+02
  4.709146e+00,  2.699683e+02
  4.753838e+00,  2.592540e+02
  4.876875e+00,  2.479897e+02
  5.121947e+00,  2.367705e+02
  5.493954e+00,  2.263271e+02
  5.955537e+00,  2.171415e+02
  6.439452e+00,  2.093032e+02
  6.865551e+00,  2.026180e+02
  7.154577e+00,  1.967691e+02
  7.238641e+00,  1.914162e+02
  7.070444e+00,  1.862242e+02
  6.628080e+00,  1.808448e+02
  5.919096e+00,  1.748510e+02
  4.983271e+00,  1.675933e+02
  3.895220e+00,  1.578429e+02
  2.775049e+00,  1.427562e+02
  1.840852e+00,  1.151686e+02
  1.514048e+00,  6.867691e+01
  1.907491e+00,  2.869827e+01
  2.491054e+00,  4.852817e+00
  2.973994e+00,  3.473099e+02
  3.306082e+00,  3.309835e+02
  3.541501e+00,  3.138595e+02
  3.782870e+00,  2.956204e+02
  4.121423e+00,  2.772848e+02
  4.576912e+00,  2.603383e+02
  5.085769e+00,  2.456122e+02
  5.540054e+00,  2.330302e+02
  5.832515e+00,  2.220197e+02
  5.884596e+00,  2.118560e+02
  5.660832e+00,  2.017500e+02
  5.177032e+00,  1.907587e+02
  4.507276e+00,  1.775847e+02
  3.793275e+00,  1.604082e+02
  3.245969e+00,  1.375981e+02
  3.069905e+00,  1.109005e+02
  3.267092e+00,  8.649345e+01
  3.614384e+00,  6.787596e+01
  3.880372e+00,  5.399262e+01
  3.928252e+00,  4.279621e+01
  3.707500e+00,  3.254766e+01
  3.235954e+00,  2.153097e+01
  2.596408e+00,  7.199260e+00
  1.961834e+00,  3.447567e+02
  1.648222e+00,  3.096907e+02
  1.885460e+00,  2.747739e+02
  2.414963e+00,  2.532593e+02
  2.922544e+00,  2.409172e+02
  3.259619e+00,  2.331021e+02
  3.371547e+00,  2.276059e+02
  3.255731e+00,  2.233442e+02
  2.944307e+00,  2.196401e+02
  2.492973e+00,  2.158586e+02
  1.971493e+00,  2.110722e+02
  1.457035e+00,  2.035111e+02
  1.035027e+00,  1.897716e+02
  8.029572e-01,  1.668532e+02
  8.035103e-01,  1.429996e+02
  9.355637e-01,  1.295198e+02
  1.085971e+00,  1.246083e+02
  1.198217e+00,  1.237099e+02
  1.236577e+00,  1.238904e+02
  1.168316e+00,  1.231636e+02
  9.682917e-01,  1.191060e+02
  6.464655e-01,  1.042484e+02
  4.383839e-01,  4.675729e+01
  8.890497e-01,  3.554774e+02
  1.641334e+00,  3.412289e+02
  2.466219e+00,  3.352670e+02
  3.260655e+00,  3.316447e+02
  3.935244e+00,  3.288140e+02
  4.410512e+00,  3.262020e+02
  4.624638e+00,  3.235239e+02
  4.541456e+00,  3.205771e+02
  4.155978e+00,  3.171407e+02
  3.496267e+00,  3.128614e+02
  2.621785e+00,  3.069552e+02
  1.621948e+00,  2.968555e+02
  6.621272e-01,  2.656343e+02
  7.054091e-01,  1.627985e+02
  1.517327e+00,  1.339343e+02
  2.227682e+00,  1.203938e+02
  2.767904e+00,  1.083051e+02
  3.167416e+00,  9.523447e+01
  3.505496e+00,  8.066432e+01
  3.879879e+00,  6.516927e+01
  4.356139e+00,  5.007785e+01
  4.928571e+00,  3.660080e+01
  5.526941e+00,  2.519296e+01
  6.052896e+00,  1.565432e+01
  6.413453e+00,  7.497195e+00
  6.541203e+00,  1.679226e-01
  6.404895e+00,  3.530949e+02
  6.014932e+00,  3.456378e+02
  5.426651e+00,  3.369831e+02
  4.743603e+00,  3.260456e+02
  4.119538e+00,  3.116344e+02
  3.738458e+00,  2.936000e+02
  3.725200e+00,  2.746889e+02
  4.037517e+00,  2.590944e+02
  4.516929e+00,  2.485104e+02
  5.020279e+00,  2.422150e+02
  5.466261e+00,  2.389524e+02
  5.822338e+00,  2.376640e+02
  6.082904e+00,  2.375220e+02
  6.252695e+00,  2.378464e+02
  6.337461e+00,  2.380565e+02
  6.341845e+00,  2.376624e+02
  6.272737e+00,  2.362746e+02
  6.145070e+00,  2.336204e+02
  5.986429e+00,  2.295668e+02
  5.832021e+00,  2.242009e+02
  5.713071e+00,  2.178905e+02
  5.641778e+00,  2.112535e+02
  5.601589e+00,  2.049997e+02
  5.550740e+00,  1.997293e+02
  5.437481e+00,  1.958329e+02
  5.217913e+00,  1.935302e+02
  4.868958e+00,  1.929784e+02
  4.394178e+00,  1.943838e+02
  3.823446e+00,  1.980992e+02
  3.208171e+00,  2.047070e+02
  2.613478e+00,  2.150638e+02
  2.107686e+00,  2.301525e+02
  1.747384e+00,  2.504159e+02
  1.558860e+00,  2.746686e+02
  1.533865e+00,  3.001535e+02
  1.655456e+00,  3.240934e+02
  1.916236e+00,  3.444141e+02
  2.302815e+00,  3.599006e+02
  2.781913e+00,  1.040741e+01
  3.307973e+00,  1.648097e+01
  3.839085e+00,  1.880873e+01
  4.350490e+00,  1.797273e+01
  4.842853e+00,  1.446322e+01
  5.342959e+00,  8.799015e+00
  5.891318e+00,  1.637670e+00
  6.520424e+00,  3.537565e+02
  7.233141e+00,  3.458890e+02
  7.993319e+00,  3.385445e+02
  8.732212e+00,  3.319470e+02
  9.364161e+00,  3.260939e+02
  9.803570e+00,  3.208501e+02
  9.979134e+00,  3.160166e+02
  9.844376e+00,  3.113602e+02
  9.384556e+00,  3.066109e+02
  8.620098e+00,  3.014317e+02
  7.606930e+00,  2.953556e+02
  6.434901e+00,  2.876719e+02
  5.226714e+00,  2.772460e+02
  4.139789e+00,  2.623900e+02
  3.360268e+00,  2.416011e+02
  3.028684e+00,  2.166172e+02
  3.084538e+00,  1.932637e+02
  3.299934e+00,  1.747341e+02
  3.489718e+00,  1.598274e+02
  3.585268e+00,  1.463405e+02
  3.610798e+00,  1.325683e+02
  3.651109e+00,  1.176952e+02
  3.809922e+00,  1.021843e+02
  4.151590e+00,  8.760968e+01
  4.663164e+00,  7.545888e+01
  5.271428e+00,  6.619291e+01
  5.884542e+00,  5.945588e+01
  6.419326e+00,  5.463056e+01
  6.811405e+00,  5.113424e+01
  7.017793e+00,  4.848704e+01
  7.017276e+00,  4.629088e+01
  6.810086e+00,  4.418552e+01
  6.417100e+00,  4.180001e+01
  5.878678e+00,  3.870148e+01
  5.253515e+00,  3.434723e+01
  4.617623e+00,  2.807788e+01
  4.061532e+00,  1.927722e+01
  3.677768e+00,  7.906332e+00
  3.527264e+00,  3.552129e+02
  3.599923e+00,  3.433918e+02
  3.819700e+00,  3.339669e+02
  4.093039e+00,  3.270394e+02
  4.344879e+00,  3.218792e+02
  4.526785e+00,  3.175561e+02
  4.614860e+00,  3.131701e+02
  4.609673e+00,  3.078682e+02
  4.541046e+00,  3.008433e+02
  4.474625e+00,  2.914646e+02
  4.509539e+00,  2.796730e+02
  4.749689e+00,  2.664680e+02
  5.248281e+00,  2.536440e+02
  5.974734e+00,  2.426185e+02
  6.836825e+00,  2.337620e+02
  7.722714e+00,  2.267300e+02
  8.528249e+00,  2.209680e+02
  9.169275e+00,  2.159510e+02
  9.587479e+00,  2.112324e+02
  9.754068e+00,  2.064249e+02
  9.672238e+00,  2.011698e+02
  9.378117e+00,  1.951196e+02
  8.939043e+00,  1.879499e+02
  8.446753e+00,  1.794268e+02
  8.001636e+00,  1.695452e+02
  7.685637e+00,  1.586811e+02
  7.530986e+00,  1.475800e+02
  7.505043e+00,  1.370603e+02
  7.525772e+00,  1.276372e+02
  7.496051e+00,  1.193780e+02
  7.333907e+00,  1.119936e+02
  6.989278e+00,  1.049658e+02
  6.451302e+00,  9.758821e+01
  5.753266e+00,  8.889633e+01
  4.981242e+00,  7.752945e+01
  4.288888e+00,  6.180442e+01
  3.895198e+00,  4.107165e+01
  3.974852e+00,  1.852475e+01
  4.478281e+00,  3.593856e+02
  5.184040e+00,  3.452853e+02
  5.882684e+00,  3.349221e+02
  6.437699e+00,  3.266795e+02
  6.776400e+00,  3.193507e+02
  6.878233e+00,  3.120581e+02
  6.769571e+00,  3.041059e+02
  6.520018e+00,  2.949313e+02
  6.233209e+00,  2.842087e+02
  6.023036e+00,  2.721171e+02
  5.971176e+00,  2.595554e+02
  6.085895e+00,  2.478658e+02
  6.300221e+00,  2.381322e+02
  6.512879e+00,  2.307867e+02
  6.634027e+00,  2.257710e+02
  6.610367e+00,  2.228443e+02
  6.431043e+00,  2.217568e+02
  6.122221e+00,  2.222773e+02
  5.734631e+00,  2.241253e+02
  5.326085e+00,  2.268517e+02
  4.942592e+00,  2.297336e+02
  4.605732e+00,  2.317743e+02
  4.315041e+00,  2.318445e+02
  4.067360e+00,  2.289417e+02
  3.879711e+00,  2.224575e+02
  3.794553e+00,  2.125265e+02
  3.852442e+00,  2.003032e+02
  4.046359e+00,  1.875273e+02
  4.304487e+00,  1.754350e+02
  4.519659e+00,  1.641955e+02
  4.593576e+00,  1.531379e+02
  4.473050e+00,  1.410295e+02
  4.184863e+00,  1.260678e+02
  3.882781e+00,  1.060535e+02
  3.872338e+00,  8.059169e+01
  4.440152e+00,  5.480923e+01
  5.560292e+00,  3.459331e+01
  6.980486e+00,  2.034266e+01
  8.448616e+00,  1.008875e+01
  9.772694e+00,  2.198208e+00
  1.081672e+01,  3.556508e+02
  1.149623e+01,  3.498110e+02
  1.177708e+01,  3.442475e+02
  1.167333e+01,  3.386307e+02
  1.124169e+01,  3.326809e+02
  1.057202e+01,  3.261520e+02
  9.774605e+00,  3.188515e+02
  8.965492e+00,  3.107058e+02
  8.241966e+00,  3.018637e+02
  7.660257e+00,  2.927506e+02
  7.224208e+00,  2.839700e+02
  6.892890e+00,  2.760530e+02
  6.603681e+00,  2.692244e+02
  6.296110e+00,  2.633279e+02
  5.926140e+00,  2.578722e+02
  5.472666e+00,  2.520785e+02
  4.944379e+00,  2.448566e+02
  4.394886e+00,  2.347437e+02
  3.947258e+00,  2.201676e+02
  3.795903e+00,  2.010605e+02
  4.097817e+00,  1.810743e+02
  4.813890e+00,  1.647718e+02
  5.755638e+00,  1.532042e+02
  6.726738e+00,  1.451826e+02
  7.573304e+00,  1.394040e+02
  8.184359e+00,  1.349761e+02
  8.488861e+00,  1.313410e+02
  8.455713e+00,  1.281441e+02
  8.093724e+00,  1.251448e+02
  7.448914e+00,  1.221604e+02
  6.598018e+00,  1.190341e+02
  5.639394e+00,  1.156227e+02
  4.683216e+00,  1.118315e+02
  3.833349e+00,  1.077013e+02
  3.171907e+00,  1.035868e+02
  2.748596e+00,  1.002830e+02
  2.578469e+00,  9.863758e+01
  2.646460e+00,  9.863752e+01
  2.907938e+00,  9.923652e+01
  3.287171e+00,  9.930455e+01
  3.686128e+00,  9.823569e+01
  4.002114e+00,  9.576735e+01
  4.147177e+00,  9.162073e+01
  4.067994e+00,  8.521120e+01
  3.770141e+00,  7.532916e+01
  3.356385e+00,  5.980062e+01
  3.079198e+00,  3.644165e+01
  3.278609e+00,  8.521441e+00
  4.034726e+00,  3.450707e+02
  5.094883e+00,  3.289151e+02
  6.176215e+00,  3.177040e+02
  7.075101e+00,  3.091693e+02
  7.657136e+00,  3.019186e+02
  7.847087e+00,  2.950622e+02
  7.627288e+00,  2.878923e+02
  7.038526e+00,  2.796565e+02
  6.182518e+00,  2.693509e+02
  5.227147e+00,  2.555683e+02
  4.403354e+00,  2.367839e+02
  3.953818e+00,  2.133025e+02
  3.960778e+00,  1.894815e+02
  4.239528e+00,  1.698084e+02
  4.523085e+00,  1.546555e+02
  4.636742e+00,  1.423067e+02
  4.518940e+00,  1.309596e+02
  4.198423e+00,  1.190082e+02
  3.776809e+00,  1.049295e+02
  3.410877e+00,  8.767973e+01
  3.259905e+00,  6.817005e+01
  3.378316e+00,  4.992693e+01
  3.669985e+00,  3.603627e+01
  3.984133e+00,  2.693016e+01
  4.207432e+00,  2.168055e+01
  4.282717e+00,  1.929964e+01
  4.196119e+00,  1.904585e+01
  3.959617e+00,  2.035423e+01
  3.595327e+00,  2.272294e+01
  3.123999e+00,  2.563310e+01
  2.560194e+00,  2.849056e+01
  1.915107e+00,  3.048090e+01
  1.205779e+00,  2.976470e+01
  4.808285e-01,  1.505295e+01
  4.100713e-01,  2.594052e+02
  1.074467e+00,  2.390375e+02
  1.656813e+00,  2.350630e+02
  2.063030e+00,  2.328695e+02
  2.238493e+00,  2.304339e+02
  2.154330e+00,  2.267132e+02
  1.816937e+00,  2.200539e+02
  1.291816e+00,  2.055695e+02
  8.342261e-01,  1.656213e+02
  1.093411e+00,  1.079295e+02
  1.854878e+00,  8.314962e+01
  2.640443e+00,  7.172439e+01
  3.275746e+00,  6.393969e+01
  3.671906e+00,  5.688115e+01
  3.790263e+00,  4.909304e+01
  3.647517e+00,  3.925859e+01
  3.330630e+00,  2.570631e+01
  3.014298e+00,  6.668795e+00
  2.932979e+00,  3.427581e+02
  3.210471e+00,  3.194261e+02
  3.720843e+00,  3.014011e+02
  4.231997e+00,  2.885770e+02
  4.555436e+00,  2.791455e+02
  4.573320e+00,  2.715976e+02
  4.231121e+00,  2.648319e+02
  3.531365e+00,  2.577757e+02
  2.531205e+00,  2.484337e+02
  1.369598e+00,  2.287035e+02
  7.689214e-01,  1.494139e+02
  1.776049e+00,  9.705924e+01
  2.971049e+00,  8.236181e+01
  3.979984e+00,  7.350591e+01
  4.701773e+00,  6.578033e+01
  5.103057e+00,  5.767585e+01
  5.209979e+00,  4.826730e+01
  5.109887e+00,  3.677837e+01
  4.944292e+00,  2.273156e+01
  4.874040e+00,  6.540811e+00
  5.004009e+00,  3.499188e+02
  5.315984e+00,  3.349690e+02
  5.688401e+00,  3.227647e+02
  5.974215e+00,  3.132109e+02
  6.056778e+00,  3.057136e+02
  5.868355e+00,  2.996269e+02
  5.389912e+00,  2.943588e+02
  4.644525e+00,  2.892932e+02
  3.689323e+00,  2.835405e+02
  2.610982e+00,  2.751579e+02
  1.547455e+00,  2.576290e+02
  9.093719e-01,  2.063491e+02
  1.360559e+00,  1.514361e+02
  2.154565e+00,  1.322797e+02
  2.849921e+00,  1.230593e+02
  3.360288e+00,  1.162631e+02
  3.674631e+00,  1.094922e+02
  3.823831e+00,  1.014584e+02
  3.879654e+00,  9.127110e+01
  3.952290e+00,  7.860550e+01
  4.164349e+00,  6.424048e+01
  4.592897e+00,  5.001504e+01
  5.224212e+00,  3.760351e+01
  5.969293e+00,  2.754542e+01
  6.710366e+00,  1.950303e+01
  7.334087e+00,  1.285892e+01
  7.747295e+00,  7.018044e+00
  7.885068e+00,  1.465064e+00
  7.716223e+00,  3.557244e+02
  7.247436e+00,  3.492856e+02
  6.526251e+00,  3.415014e+02
  5.643736e+00,  3.314577e+02
  4.737331e+00,  3.178855e+02
  3.986612e+00,  2.995408e+02
  3.564227e+00,  2.769441e+02
  3.505060e+00,  2.539328e+02
  3.644547e+00,  2.342769e+02
  3.761469e+00,  2.182653e+02
  3.711306e+00,  2.041716e+02
  3.450594e+00,  1.897979e+02
  3.034212e+00,  1.725016e+02
  2.630530e+00,  1.491314e+02
  2.513387e+00,  1.192626e+02
  2.850361e+00,  9.046827e+01
  3.489744e+00,  6.916270e+01
  4.176593e+00,  5.414238e+01
  4.731750e+00,  4.261026e+01
  5.055796e+00,  3.261689e+01
  5.111692e+00,  2.284050e+01
  4.918408e+00,  1.217412e+01
  4.550867e+00,  3.594824e+02
  4.139914e+00,  3.436603e+02
  3.854563e+00,  3.244037e+02
  3.829950e+00,  3.035430e+02
  4.064028e+00,  2.844110e+02
  4.420236e+00,  2.688992e+02
  4.733845e+00,  2.567616e+02
  4.882453e+00,  2.469471e+02
  4.799245e+00,  2.383998e+02
  4.467482e+00,  2.301483e+02
  3.914412e+00,  2.210915e+02
  3.210821e+00,  2.095575e+02
  2.484540e+00,  1.925260e+02
  1.955468e+00,  1.656501e+02
  1.889347e+00,  1.316000e+02
  2.251457e+00,  1.044356e+02
  2.737173e+00,  8.724383e+01
  3.133520e+00,  7.563840e+01
  3.342968e+00,  6.642782e+01
  3.331895e+00,  5.769319e+01
  3.110970e+00,  4.785355e+01
  2.736189e+00,  3.493849e+01
  2.329153e+00,  1.605662e+01
  2.106826e+00,  3.489976e+02
  2.291070e+00,  3.190329e+02
  2.854921e+00,  2.953848e+02
  3.597356e+00,  2.788487e+02
  4.359457e+00,  2.664091e+02
  5.053167e+00,  2.558021e+02
  5.641023e+00,  2.457120e+02
  6.125456e+00,  2.353877e+02
  6.541953e+00,  2.244588e+02
  6.947397e+00,  2.128993e+02
  7.399498e+00,  2.010099e+02
  7.931431e+00,  1.893045e+02
  8.533762e+00,  1.782971e+02
  9.153758e+00,  1.683119e+02
  9.710678e+00,  1.594252e+02
  1.011586e+01,  1.515399e+02
  1.028916e+01,  1.444715e+02
  1.017037e+01,  1.380036e+02
  9.725903e+00,  1.319091e+02
  8.951756e+00,  1.259439e+02
  7.873488e+00,  1.198113e+02
  6.544075e+00,  1.130723e+02
  5.041355e+00,  1.048975e+02
  3.471080e+00,  9.320578e+01
  2.012017e+00,  7.062508e+01
  1.261609e+00,  1.251912e+01
  1.959180e+00,  3.182736e+02
  3.051457e+00,  2.961954e+02
  4.048337e+00,  2.828297e+02
  4.872787e+00,  2.718281e+02
  5.531419e+00,  2.614341e+02
  6.059983e+00,  2.511139e+02
  6.500271e+00,  2.408337e+02
  6.881460e+00,  2.308132e+02
  7.207265e+00,  2.213629e+02
  7.453313e+00,  2.127547e+02
  7.574859e+00,  2.051528e+02
  7.520181e+00,  1.986132e+02
  7.244501e+00,  1.931286e+02
  6.721276e+00,  1.886988e+02
  5.947363e+00,  1.853992e+02
  4.946131e+00,  1.835158e+02
  3.770174e+00,  1.839182e+02
  2.513035e+00,  1.895014e+02
  1.399256e+00,  2.124904e+02
  1.232851e+00,  2.718987e+02
  2.118770e+00,  3.012218e+02
  3.105163e+00,  3.081629e+02
  3.926888e+00,  3.085590e+02
  4.515006e+00,  3.060078e+02
  4.858079e+00,  3.014317e+02
  4.983286e+00,  2.949969e+02
  4.950418e+00,  2.866301e+02
  4.842566e+00,  2.763101e+02
  4.746393e+00,  2.643593e+02
  4.720871e+00,  2.516124e+02
  4.769060e+00,  2.391824e+02
  4.836570e+00,  2.279221e+02
  4.838563e+00,  2.181063e+02
  4.692390e+00,  2.095098e+02
  4.339164e+00,  2.015850e+02
  3.754407e+00,  1.934565e+02
  2.955675e+00,  1.834563e+02
  2.026084e+00,  1.670348e+02
  1.265005e+00,  1.284966e+02
  1.491855e+00,  6.920059e+01
  2.496354e+00,  4.097474e+01
  3.602034e+00,  2.798097e+01
  4.589199e+00,  1.952803e+01
  5.361912e+00,  1.248463e+01
  5.873430e+00,  5.548821e+00
  6.119911e+00,  3.579146e+02
  6.144454e+00,  3.489185e+02
  6.039945e+00,  3.380152e+02
  5.940471e+00,  3.250237e+02
  5.985381e+00,  3.105606e+02
  6.254323e+00,  2.961074e+02
  6.719951e+00,  2.832101e+02
  7.267948e+00,  2.726101e+02
  7.756179e+00,  2.642344e+02
  8.059401e+00,  2.576437e+02
  8.088334e+00,  2.523500e+02
  7.794501e+00,  2.479242e+02
  7.169432e+00,  2.439954e+02
  6.241341e+00,  2.402026e+02
  5.070084e+00,  2.360953e+02
  3.741228e+00,  2.308743e+02
  2.362896e+00,  2.223647e+02
  1.099900e+00,  1.998718e+02
  7.172405e-01,  1.128940e+02
  1.508560e+00,  7.179360e+01
  2.221748e+00,  5.806985e+01
  2.681657e+00,  4.784070e+01
  2.903278e+00,  3.681845e+01
  2.977442e+00,  2.320353e+01
  3.055431e+00,  6.549234e+00
  3.291788e+00,  3.486389e+02
  3.740912e+00,  3.327101e+02
  4.323981e+00,  3.206518e+02
  4.900804e+00,  3.123779e+02
  5.338726e+00,  3.071080e+02
  5.539888e+00,  3.041901e+02
  5.449047e+00,  3.033141e+02
  5.056959e+00,  3.045750e+02
  4.404741e+00,  3.086428e+02
  3.596038e+00,  3.172266e+02
  2.832773e+00,  3.337353e+02
  2.456515e+00,  5.412311e-01
  2.713141e+00,  2.811009e+01
  3.367088e+00,  4.556745e+01
  4.059873e+00,  5.452184e+01
  4.586484e+00,  5.848277e+01
  4.855310e+00,  5.920465e+01
  4.847271e+00,  5.725507e+01
  4.604105e+00,  5.249199e+01
  4.224159e+00,  4.433345e+01
  3.855428e+00,  3.224029e+01
  3.658110e+00,  1.691057e+01
  3.711646e+00,  1.202017e+00
  3.944797e+00,  3.482707e+02
  4.195509e+00,  3.392092e+02
  4.311320e+00,  3.335565e+02
  4.191636e+00,  3.306038e+02
  3.790845e+00,  3.299932e+02
  3.113550e+00,  3.320600e+02
  2.216382e+00,  3.389301e+02
  1.263336e+00,  9.043594e-01
  9.843583e-01,  6.745352e+01
  1.864340e+00,  1.066906e+02
  2.934529e+00,  1.188029e+02
  3.881087e+00,  1.244034e+02
  4.594015e+00,  1.277059e+02
  5.011780e+00,  1.298228e+02
  5.104855e+00,  1.310329e+02
  4.873908e+00,  1.312259e+02
  4.350580e+00,  1.299090e+02
  3.601868e+00,  1.258946e+02
  2.748527e+00,  1.163439e+02
  2.031486e+00,  9.511882e+01
  1.879627e+00,  6.066117e+01
  2.400745e+00,  3.374186e+01
  3.158439e+00,  2.069546e+01
  3.840931e+00,  1.474527e+01
  4.304856e+00,  1.198757e+01
  4.480539e+00,  1.070196e+01
  4.341215e+00,  9.996424e+00
  3.895016e+00,  9.210798e+00
  3.183064e+00,  7.491614e+00
  2.282074e+00,  2.879294e+00
  1.333810e+00,  3.480634e+02
  8.116985e-01,  2.943561e+02
  1.353735e+00,  2.470061e+02
  2.123773e+00,  2.358314e+02
  2.735278e+00,  2.346099e+02
  3.103499e+00,  2.377063e+02
  3.225724e+00,  2.442074e+02
  3.165714e+00,  2.545224e+02
  3.056686e+00,  2.692623e+02
  3.073904e+00,  2.875638e+02
  3.330415e+00,  3.058756e+02
  3.778728e+00,  3.206045e+02
  4.262693e+00,  3.308664e+02
  4.622782e+00,  3.373861e+02
  4.743975e+00,  3.409484e+02
  4.567467e+00,  3.418721e+02
  4.095611e+00,  3.398132e+02
  3.402026e+00,  3.333556e+02
  2.661736e+00,  3.191550e+02
  2.205491e+00,  2.932985e+02
  2.349020e+00,  2.637052e+02
  2.898914e+00,  2.444852e+02
  3.445965e+00,  2.348190e+02
  3.740138e+00,  2.305536e+02
  3.661021e+00,  2.297804e+02
  3.174699e+00,  2.325255e+02
  2.339312e+00,  2.418295e+02
  1.448141e+00,  2.720615e+02
  1.609128e+00,  3.334759e+02
  2.938855e+00,  1.225069e+00
  4.493871e+00,  1.058283e+01
  5.942387e+00,  1.455306e+01
  7.117499e+00,  1.627180e+01
  7.910771e+00,  1.665717e+01
  8.263922e+00,  1.594078e+01
  8.172363e+00,  1.401853e+01
  7.689234e+00,  1.050805e+01
  6.929243e+00,  4.705286e+00
  6.073047e+00,  3.555870e+02
  5.362645e+00,  3.422994e+02
  5.040257e+00,  3.257826e+02
  5.187599e+00,  3.097893e+02
  5.645138e+00,  2.977595e+02
  6.161633e+00,  2.902274e+02
  6.541091e+00,  2.861971e+02
  6.669958e+00,  2.846053e+02
  6.498097e+00,  2.846745e+02
  6.018135e+00,  2.858561e+02
  5.250401e+00,  2.877162e+02
  4.232965e+00,  2.898089e+02
  3.016362e+00,  2.913959e+02
  1.665206e+00,  2.899164e+02
  3.800583e-01,  2.446289e+02
  1.309741e+00,  1.438477e+02
  2.675182e+00,  1.403094e+02
  3.917032e+00,  1.420615e+02
  4.958466e+00,  1.450569e+02
  5.746667e+00,  1.485410e+02
  6.250335e+00,  1.522659e+02
  6.462497e+00,  1.561076e+02
  6.401589e+00,  1.599518e+02
  6.109595e+00,  1.636188e+02
  5.647180e+00,  1.667706e+02
  5.087551e+00,  1.687823e+02
  4.514202e+00,  1.686008e+02
  4.030602e+00,  1.647722e+02
  3.780055e+00,  1.562444e+02
  3.928471e+00,  1.443868e+02
  4.556692e+00,  1.331723e+02
  5.590287e+00,  1.252224e+02
  6.868882e+00,  1.203615e+02
  8.216210e+00,  1.174704e+02
  9.459011e+00,  1.156035e+02
  1.043340e+01,  1.141286e+02
  1.099577e+01,  1.126118e+02
  1.103772e+01,  1.106890e+02
  1.050223e+01,  1.079404e+02
  9.399671e+00,  1.037056e+02
  7.828640e+00,  9.669034e+01
  6.024447e+00,  8.397536e+01
  4.510689e+00,  5.944676e+01
  4.240004e+00,  2.195321e+01
  5.457389e+00,  3.519566e+02
  7.225728e+00,  3.353047e+02
  8.873063e+00,  3.253093e+02
  1.008454e+01,  3.180517e+02
  1.051197e+01,  3.116388e+02
  7.769277e+00,  3.038069e+02
##END=
