##TITLE= E:\桌面\nmr\ogm\sjd\matlabcod\1_unitary\2_22_xjhsjd
##JCAMP-DX= 5.00 Bruker JCAMP library
##DATA TYPE= Shape Data
##ORIGIN= Colm's GRAPE Pulses 
##OWNER= Dawei.Lu
##DATE= 02-Aug-2025
##TIME= 13:20
##MINX= 3.570331e-01
##MAXX= 1.648845e+01
##MINY= 1.198130e+00
##MAXY= 3.554335e+02
##$SHAPE_EXMODE= None
##$SHAPE_TOTROT= 9.000000e+01
##$SHAPE_BWFAC= 1.000000e+00
##$SHAPE_INTEGFAC= 1.000000e+00
##$SHAPE_MODE= 1
##PULSE_WIDTH= 2000
##Calibration_Power= 12500
##NPOINTS= 200
##XYPOINTS= (XY..XY)
  3.342319e+00,  2.177844e+01
  8.392793e+00,  1.687067e+01
  1.307560e+01,  8.922145e+00
  1.090052e+01,  3.518183e+02
  8.323895e+00,  3.259827e+02
  7.727156e+00,  2.970316e+02
  8.593674e+00,  2.804157e+02
  9.487900e+00,  2.735050e+02
  9.554313e+00,  2.664166e+02
  8.382241e+00,  2.502609e+02
  7.108407e+00,  2.149969e+02
  8.290020e+00,  1.706328e+02
  1.069523e+01,  1.412185e+02
  1.139424e+01,  1.200494e+02
  9.568738e+00,  9.727362e+01
  6.661778e+00,  6.209368e+01
  5.379270e+00,  1.073428e+01
  5.131505e+00,  3.305485e+02
  3.132418e+00,  2.981379e+02
  1.791755e+00,  1.647125e+02
  6.372087e+00,  1.192567e+02
  1.005201e+01,  9.911042e+01
  1.156831e+01,  7.742602e+01
  1.157084e+01,  4.849440e+01
  1.204833e+01,  1.309909e+01
  1.365112e+01,  3.409450e+02
  1.469143e+01,  3.153530e+02
  1.384119e+01,  2.916369e+02
  1.155108e+01,  2.636709e+02
  9.682349e+00,  2.278229e+02
  9.304265e+00,  1.924553e+02
  9.041155e+00,  1.673073e+02
  7.656716e+00,  1.504455e+02
  5.437235e+00,  1.372820e+02
  3.451793e+00,  1.218544e+02
  2.688842e+00,  9.712913e+01
  3.327099e+00,  7.439696e+01
  4.448505e+00,  5.886781e+01
  4.960914e+00,  4.103854e+01
  4.452143e+00,  1.052310e+01
  4.353670e+00,  3.162382e+02
  6.439708e+00,  2.664818e+02
  9.031052e+00,  2.331759e+02
  1.069689e+01,  2.025404e+02
  1.168745e+01,  1.682029e+02
  1.306314e+01,  1.316473e+02
  1.484340e+01,  9.800024e+01
  1.589621e+01,  6.757175e+01
  1.562096e+01,  3.676559e+01
  1.472268e+01,  2.422211e+00
  1.436498e+01,  3.256699e+02
  1.452861e+01,  2.911211e+02
  1.419372e+01,  2.597135e+02
  1.295612e+01,  2.282736e+02
  1.146480e+01,  1.938867e+02
  1.045395e+01,  1.579070e+02
  9.620983e+00,  1.243666e+02
  8.195267e+00,  9.285514e+01
  6.209137e+00,  5.739921e+01
  4.729552e+00,  1.075649e+01
  4.512073e+00,  3.220093e+02
  4.540825e+00,  2.845161e+02
  4.079787e+00,  2.519846e+02
  3.542808e+00,  2.181076e+02
  3.476848e+00,  1.890331e+02
  3.825440e+00,  1.743570e+02
  4.565528e+00,  1.692092e+02
  5.705717e+00,  1.615729e+02
  7.010652e+00,  1.452460e+02
  8.513156e+00,  1.208216e+02
  1.050834e+01,  9.288757e+01
  1.280794e+01,  6.570648e+01
  1.468680e+01,  3.963152e+01
  1.565325e+01,  1.276962e+01
  1.594883e+01,  3.436450e+02
  1.619402e+01,  3.130445e+02
  1.648845e+01,  2.835140e+02
  1.625881e+01,  2.562227e+02
  1.508363e+01,  2.299154e+02
  1.324918e+01,  2.024909e+02
  1.147198e+01,  1.732238e+02
  1.008957e+01,  1.444257e+02
  8.691792e+00,  1.190764e+02
  6.774914e+00,  9.718648e+01
  4.373423e+00,  7.583073e+01
  2.026973e+00,  4.768925e+01
  5.477870e-01,  3.277617e+02
  9.661465e-01,  2.082135e+02
  2.005845e+00,  1.515932e+02
  3.674821e+00,  1.179008e+02
  5.448417e+00,  9.608185e+01
  6.712540e+00,  7.778537e+01
  7.259702e+00,  5.828740e+01
  7.442261e+00,  3.479655e+01
  7.924079e+00,  8.281460e+00
  8.944842e+00,  3.434493e+02
  1.002171e+01,  3.223253e+02
  1.055965e+01,  3.027520e+02
  1.042011e+01,  2.814925e+02
  1.006322e+01,  2.564985e+02
  1.012526e+01,  2.294583e+02
  1.060254e+01,  2.048782e+02
  1.086154e+01,  1.844395e+02
  1.046240e+01,  1.662980e+02
  9.577562e+00,  1.475966e+02
  8.838045e+00,  1.264493e+02
  8.804963e+00,  1.042860e+02
  9.399804e+00,  8.440682e+01
  1.000028e+01,  6.687835e+01
  1.001106e+01,  4.863008e+01
  9.325019e+00,  2.573772e+01
  8.533987e+00,  3.554335e+02
  8.362695e+00,  3.207387e+02
  8.464040e+00,  2.883375e+02
  7.850257e+00,  2.579468e+02
  6.373830e+00,  2.225218e+02
  5.231480e+00,  1.742185e+02
  5.413793e+00,  1.240066e+02
  5.630394e+00,  8.346287e+01
  5.015130e+00,  4.000591e+01
  5.045725e+00,  3.419749e+02
  7.079592e+00,  2.929463e+02
  9.405316e+00,  2.597761e+02
  1.072891e+01,  2.305520e+02
  1.126278e+01,  1.989804e+02
  1.199542e+01,  1.653829e+02
  1.312078e+01,  1.346527e+02
  1.366112e+01,  1.083523e+02
  1.284028e+01,  8.360891e+01
  1.097778e+01,  5.635419e+01
  9.246401e+00,  2.451662e+01
  8.351996e+00,  3.531818e+02
  7.631623e+00,  3.297731e+02
  6.400857e+00,  3.152003e+02
  4.943100e+00,  3.066201e+02
  3.992808e+00,  2.967705e+02
  4.092762e+00,  2.760762e+02
  5.424790e+00,  2.507084e+02
  7.265505e+00,  2.285544e+02
  8.447878e+00,  2.063599e+02
  8.470354e+00,  1.782098e+02
  8.269583e+00,  1.393429e+02
  9.354620e+00,  9.660697e+01
  1.113068e+01,  6.082956e+01
  1.202393e+01,  2.879991e+01
  1.192828e+01,  3.536973e+02
  1.223451e+01,  3.141979e+02
  1.355463e+01,  2.774268e+02
  1.451047e+01,  2.465878e+02
  1.391533e+01,  2.173195e+02
  1.227475e+01,  1.836957e+02
  1.133100e+01,  1.442008e+02
  1.163486e+01,  1.070698e+02
  1.165348e+01,  7.655518e+01
  1.038300e+01,  4.748871e+01
  8.564471e+00,  1.287182e+01
  7.718343e+00,  3.330981e+02
  7.641425e+00,  3.003651e+02
  6.740687e+00,  2.777012e+02
  4.508848e+00,  2.596658e+02
  1.747961e+00,  2.347817e+02
  8.411174e-01,  1.107221e+02
  1.497131e+00,  7.467744e+01
  9.543727e-01,  5.738895e+01
  3.570331e-01,  3.139289e+02
  1.030111e+00,  2.885328e+02
  1.860542e+00,  3.178343e+02
  3.658353e+00,  3.335136e+02
  5.700214e+00,  3.302535e+02
  6.983708e+00,  3.143310e+02
  7.624996e+00,  2.853277e+02
  9.077681e+00,  2.481868e+02
  1.170594e+01,  2.158758e+02
  1.388616e+01,  1.896664e+02
  1.440417e+01,  1.638214e+02
  1.374485e+01,  1.334399e+02
  1.355774e+01,  9.891339e+01
  1.425563e+01,  6.772141e+01
  1.434573e+01,  4.331276e+01
  1.275272e+01,  2.265876e+01
  9.890774e+00,  1.198130e+00
  7.135209e+00,  3.350851e+02
  5.493971e+00,  3.082342e+02
  4.514305e+00,  2.951259e+02
  3.838788e+00,  3.053252e+02
  4.265096e+00,  3.269184e+02
  5.299056e+00,  3.343441e+02
  5.720360e+00,  3.262905e+02
  5.548933e+00,  3.037755e+02
  5.956961e+00,  2.713560e+02
  7.289495e+00,  2.447473e+02
  8.422854e+00,  2.275960e+02
  8.602601e+00,  2.143609e+02
  8.040090e+00,  1.991740e+02
  7.727783e+00,  1.772428e+02
  8.811302e+00,  1.516943e+02
  1.121783e+01,  1.306370e+02
  1.359102e+01,  1.135406e+02
  1.356114e+01,  9.590818e+01
  4.944982e+00,  6.860675e+01
##END=
