##TITLE= E:\桌面\nmr\ogm\sjd\matlabcod\1_unitary\2_23_xjhsjd
##JCAMP-DX= 5.00 Bruker JCAMP library
##DATA TYPE= Shape Data
##ORIGIN= Colm's GRAPE Pulses 
##OWNER= Dawei.Lu
##DATE= 02-Aug-2025
##TIME= 13:20
##MINX= 6.242126e-01
##MAXX= 2.310814e+01
##MINY= 1.918286e+00
##MAXY= 3.585992e+02
##$SHAPE_EXMODE= None
##$SHAPE_TOTROT= 9.000000e+01
##$SHAPE_BWFAC= 1.000000e+00
##$SHAPE_INTEGFAC= 1.000000e+00
##$SHAPE_MODE= 1
##PULSE_WIDTH= 2000
##Calibration_Power= 12500
##NPOINTS= 200
##XYPOINTS= (XY..XY)
  1.083061e+01,  4.465889e+01
  9.481929e+00,  2.761149e+01
  7.296546e+00,  3.389613e+02
  8.755096e+00,  2.784916e+02
  1.135691e+01,  2.510147e+02
  1.073972e+01,  2.345047e+02
  7.454712e+00,  2.182445e+02
  3.835239e+00,  1.987175e+02
  1.809390e+00,  2.059696e+02
  4.049482e+00,  2.440162e+02
  9.476149e+00,  2.390292e+02
  1.537765e+01,  2.285265e+02
  1.947979e+01,  2.161731e+02
  2.061514e+01,  2.011271e+02
  1.931782e+01,  1.825338e+02
  1.705380e+01,  1.617121e+02
  1.450201e+01,  1.436788e+02
  1.130701e+01,  1.352122e+02
  8.118002e+00,  1.452078e+02
  7.606956e+00,  1.726298e+02
  9.302774e+00,  1.848321e+02
  1.005615e+01,  1.787611e+02
  9.326852e+00,  1.605518e+02
  8.211138e+00,  1.344169e+02
  6.988864e+00,  1.100008e+02
  4.567504e+00,  9.710556e+01
  1.553175e+00,  1.506705e+02
  5.081687e+00,  2.109341e+02
  8.565125e+00,  2.045278e+02
  9.503155e+00,  1.884669e+02
  8.200327e+00,  1.612244e+02
  6.882375e+00,  1.183931e+02
  6.761766e+00,  7.383885e+01
  5.745831e+00,  3.397174e+01
  4.027757e+00,  3.246350e+02
  7.499552e+00,  2.501675e+02
  1.298048e+01,  2.170595e+02
  1.670834e+01,  1.908563e+02
  1.825928e+01,  1.614611e+02
  1.946100e+01,  1.272553e+02
  2.161066e+01,  9.392596e+01
  2.310814e+01,  6.554824e+01
  2.181460e+01,  3.964321e+01
  1.766842e+01,  1.088705e+01
  1.291294e+01,  3.326411e+02
  1.012918e+01,  2.833812e+02
  8.979914e+00,  2.317883e+02
  8.723900e+00,  1.756979e+02
  1.118882e+01,  1.229942e+02
  1.517535e+01,  8.810703e+01
  1.762462e+01,  6.404023e+01
  1.720199e+01,  4.370440e+01
  1.452043e+01,  2.335088e+01
  1.122786e+01,  1.918286e+00
  8.567365e+00,  3.435337e+02
  6.792924e+00,  3.371390e+02
  6.207439e+00,  3.445381e+02
  6.585204e+00,  3.498659e+02
  6.391414e+00,  3.421083e+02
  5.013756e+00,  3.154554e+02
  4.397185e+00,  2.589931e+02
  6.204280e+00,  2.083198e+02
  8.013675e+00,  1.734261e+02
  9.026790e+00,  1.377055e+02
  1.043169e+01,  9.920698e+01
  1.252384e+01,  6.594780e+01
  1.367532e+01,  3.895660e+01
  1.261878e+01,  1.245774e+01
  1.001020e+01,  3.379432e+02
  8.495659e+00,  2.892096e+02
  9.215059e+00,  2.426176e+02
  9.662985e+00,  2.056911e+02
  8.993889e+00,  1.662208e+02
  9.167113e+00,  1.195593e+02
  1.090571e+01,  8.038837e+01
  1.189435e+01,  5.177192e+01
  1.072140e+01,  2.447879e+01
  8.489861e+00,  3.471250e+02
  8.218698e+00,  2.982302e+02
  9.941454e+00,  2.616542e+02
  1.082408e+01,  2.375343e+02
  1.003531e+01,  2.152127e+02
  8.782100e+00,  1.876310e+02
  8.782792e+00,  1.580195e+02
  9.884742e+00,  1.384708e+02
  1.074999e+01,  1.299261e+02
  1.073692e+01,  1.272671e+02
  9.858123e+00,  1.257471e+02
  8.449916e+00,  1.208826e+02
  7.185495e+00,  1.087566e+02
  6.888841e+00,  9.141932e+01
  7.547297e+00,  7.894805e+01
  8.272229e+00,  7.510177e+01
  8.348017e+00,  7.692038e+01
  7.461039e+00,  8.135548e+01
  5.614157e+00,  8.693527e+01
  3.192030e+00,  9.531455e+01
  1.122978e+00,  1.286107e+02
  1.215343e+00,  1.980702e+02
  1.858597e+00,  1.788425e+02
  3.447810e+00,  1.430634e+02
  6.041833e+00,  1.257195e+02
  8.176119e+00,  1.176210e+02
  8.624166e+00,  1.131674e+02
  7.037290e+00,  1.113536e+02
  4.155541e+00,  1.154857e+02
  1.762560e+00,  1.487741e+02
  1.888662e+00,  1.955474e+02
  2.416096e+00,  1.745184e+02
  3.830646e+00,  1.347310e+02
  5.994720e+00,  1.117035e+02
  7.137005e+00,  9.725534e+01
  6.205455e+00,  8.242434e+01
  3.658460e+00,  5.242463e+01
  3.090001e+00,  3.338181e+02
  5.380513e+00,  2.964232e+02
  6.363163e+00,  2.847495e+02
  5.476535e+00,  2.828699e+02
  4.041485e+00,  2.941140e+02
  4.074363e+00,  3.101655e+02
  5.860398e+00,  3.023721e+02
  9.233497e+00,  2.823191e+02
  1.357858e+01,  2.636993e+02
  1.706132e+01,  2.470995e+02
  1.792514e+01,  2.296020e+02
  1.579240e+01,  2.073267e+02
  1.223534e+01,  1.745741e+02
  9.936887e+00,  1.282887e+02
  9.524160e+00,  7.838890e+01
  9.837719e+00,  2.780836e+01
  1.207798e+01,  3.374679e+02
  1.637403e+01,  2.993821e+02
  1.990188e+01,  2.717208e+02
  2.045586e+01,  2.472984e+02
  1.805161e+01,  2.203925e+02
  1.472198e+01,  1.867022e+02
  1.247389e+01,  1.479809e+02
  1.068441e+01,  1.112081e+02
  7.961522e+00,  7.278598e+01
  5.819354e+00,  1.525170e+01
  7.071946e+00,  3.172084e+02
  8.606758e+00,  2.848517e+02
  7.913982e+00,  2.611029e+02
  5.484749e+00,  2.331511e+02
  3.498540e+00,  1.887205e+02
  2.977704e+00,  1.513676e+02
  2.419429e+00,  1.628674e+02
  3.921862e+00,  2.021074e+02
  6.911385e+00,  2.036642e+02
  8.890297e+00,  1.876567e+02
  9.687633e+00,  1.585822e+02
  1.108273e+01,  1.211939e+02
  1.346667e+01,  8.826011e+01
  1.455771e+01,  6.138013e+01
  1.276076e+01,  3.270055e+01
  9.594250e+00,  3.481728e+02
  1.009813e+01,  2.865877e+02
  1.372618e+01,  2.428350e+02
  1.600791e+01,  2.089647e+02
  1.681072e+01,  1.724851e+02
  1.852531e+01,  1.337910e+02
  2.116526e+01,  1.010811e+02
  2.190911e+01,  7.479478e+01
  1.918900e+01,  4.928196e+01
  1.447902e+01,  1.655519e+01
  1.154648e+01,  3.310911e+02
  1.144458e+01,  2.885769e+02
  1.058720e+01,  2.572557e+02
  7.700613e+00,  2.242280e+02
  5.451128e+00,  1.703351e+02
  6.172856e+00,  1.200819e+02
  6.178233e+00,  9.623947e+01
  3.639697e+00,  8.525422e+01
  6.242126e-01,  2.049435e+02
  3.997406e+00,  2.323491e+02
  5.311481e+00,  2.220601e+02
  4.301401e+00,  1.998365e+02
  3.221232e+00,  1.466168e+02
  4.381849e+00,  9.967545e+01
  4.970595e+00,  8.251451e+01
  3.600819e+00,  7.768217e+01
  1.093771e+00,  9.801159e+01
  1.505813e+00,  2.208914e+02
  2.061730e+00,  2.371132e+02
  1.185098e+00,  2.861533e+02
  2.638456e+00,  3.585992e+02
  4.510706e+00,  4.243757e+00
  4.667740e+00,  3.518825e+02
  3.819804e+00,  3.118527e+02
  5.275088e+00,  2.596411e+02
  7.647375e+00,  2.368286e+02
  7.882461e+00,  2.262673e+02
  5.191332e+00,  2.193122e+02
  7.406619e-01,  2.062521e+02
  3.172469e+00,  3.276573e+01
  4.330050e+00,  2.479089e+01
  2.126662e+00,  3.575669e+02
  3.682025e+00,  2.352673e+02
  8.625249e+00,  2.187069e+02
  9.604004e+00,  2.080078e+02
##END=
