##TITLE= E:\桌面\nmr\ogm\sjd\matlabcod\1\2_24_xjhsjd
##JCAMP-DX= 5.00 Bruker JCAMP library
##DATA TYPE= Shape Data
##ORIGIN= Colm's GRAPE Pulses 
##OWNER= Dawei.Lu
##DATE= 02-Aug-2025
##TIME= 11:29
##MINX= 2.214411e-01
##MAXX= 1.330674e+01
##MINY= 4.561771e-01
##MAXY= 3.598000e+02
##$SHAPE_EXMODE= None
##$SHAPE_TOTROT= 9.000000e+01
##$SHAPE_BWFAC= 1.000000e+00
##$SHAPE_INTEGFAC= 1.000000e+00
##$SHAPE_MODE= 1
##PULSE_WIDTH= 5000
##Calibration_Power= 12500
##NPOINTS= 1000
##XYPOINTS= (XY..XY)
  7.075293e-01,  8.329868e+01
  1.323728e+00,  4.374078e+01
  2.352244e+00,  2.429658e+01
  2.950794e+00,  5.286229e+00
  3.639293e+00,  3.508336e+02
  4.390640e+00,  3.398184e+02
  5.145834e+00,  3.309490e+02
  5.856581e+00,  3.233566e+02
  6.485976e+00,  3.165161e+02
  7.006417e+00,  3.101248e+02
  7.397788e+00,  3.040252e+02
  7.645485e+00,  2.981601e+02
  7.738314e+00,  2.925467e+02
  7.666823e+00,  2.872612e+02
  7.422964e+00,  2.824329e+02
  7.001971e+00,  2.782511e+02
  6.406842e+00,  2.749993e+02
  5.655454e+00,  2.731409e+02
  4.790792e+00,  2.735095e+02
  3.897731e+00,  2.776681e+02
  3.133765e+00,  2.881709e+02
  2.749203e+00,  3.062808e+02
  2.926604e+00,  3.253762e+02
  3.526890e+00,  3.368922e+02
  4.288370e+00,  3.406524e+02
  5.051644e+00,  3.393604e+02
  5.751732e+00,  3.349318e+02
  6.374453e+00,  3.285108e+02
  6.927056e+00,  3.208753e+02
  7.417018e+00,  3.126415e+02
  7.837507e+00,  3.043178e+02
  8.161944e+00,  2.962907e+02
  8.348171e+00,  2.888098e+02
  8.349106e+00,  2.819962e+02
  8.125292e+00,  2.758715e+02
  7.655648e+00,  2.703880e+02
  6.944500e+00,  2.654493e+02
  6.024096e+00,  2.609161e+02
  4.952599e+00,  2.565908e+02
  3.808064e+00,  2.521636e+02
  2.679661e+00,  2.470549e+02
  1.658318e+00,  2.398863e+02
  8.322909e-01,  2.260498e+02
  3.241203e-01,  1.825455e+02
  3.079498e-01,  1.090269e+02
  3.221273e-01,  7.602143e+01
  2.214411e-01,  1.765461e+01
  5.146998e-01,  3.072168e+02
  1.141451e+00,  2.903732e+02
  1.919999e+00,  2.847182e+02
  2.776115e+00,  2.823634e+02
  3.648205e+00,  2.813345e+02
  4.480536e+00,  2.808205e+02
  5.223850e+00,  2.803405e+02
  5.837239e+00,  2.795225e+02
  6.291657e+00,  2.780221e+02
  6.575712e+00,  2.754827e+02
  6.703618e+00,  2.715238e+02
  6.723654e+00,  2.657796e+02
  6.722111e+00,  2.580419e+02
  6.812260e+00,  2.485309e+02
  7.097848e+00,  2.381130e+02
  7.622272e+00,  2.280753e+02
  8.343671e+00,  2.194829e+02
  9.156725e+00,  2.127763e+02
  9.934424e+00,  2.078874e+02
  1.055990e+01,  2.045299e+02
  1.094308e+01,  2.023899e+02
  1.102801e+01,  2.011979e+02
  1.079537e+01,  2.007378e+02
  1.026180e+01,  2.008329e+02
  9.476140e+00,  2.013199e+02
  8.512525e+00,  2.020110e+02
  7.460542e+00,  2.026376e+02
  6.414186e+00,  2.027720e+02
  5.462552e+00,  2.017525e+02
  4.686409e+00,  1.987124e+02
  4.160251e+00,  1.929500e+02
  3.941103e+00,  1.847745e+02
  4.033891e+00,  1.759056e+02
  4.363667e+00,  1.682175e+02
  4.797440e+00,  1.623583e+02
  5.187446e+00,  1.579326e+02
  5.398508e+00,  1.541998e+02
  5.323079e+00,  1.503498e+02
  4.895937e+00,  1.453532e+02
  4.117910e+00,  1.373233e+02
  3.120019e+00,  1.215590e+02
  2.399050e+00,  8.758851e+01
  2.902880e+00,  4.432170e+01
  4.454902e+00,  2.079978e+01
  6.310848e+00,  9.965184e+00
  8.101089e+00,  4.195559e+00
  9.620232e+00,  6.760620e-01
  1.073362e+01,  3.582713e+02
  1.136095e+01,  3.564249e+02
  1.147456e+01,  3.547928e+02
  1.109819e+01,  3.530935e+02
  1.030311e+01,  3.510221e+02
  9.201543e+00,  3.481787e+02
  7.938682e+00,  3.439958e+02
  6.684676e+00,  3.377127e+02
  5.623778e+00,  3.286098e+02
  4.917591e+00,  3.168744e+02
  4.628098e+00,  3.046455e+02
  4.662049e+00,  2.949690e+02
  4.837853e+00,  2.893159e+02
  4.992749e+00,  2.873621e+02
  5.017074e+00,  2.882130e+02
  4.841364e+00,  2.911451e+02
  4.422979e+00,  2.958733e+02
  3.746666e+00,  3.028353e+02
  2.844348e+00,  3.141801e+02
  1.878949e+00,  3.379587e+02
  1.515428e+00,  3.085401e+01
  2.405421e+00,  7.349359e+01
  3.770112e+00,  9.091571e+01
  5.127941e+00,  9.964355e+01
  6.281283e+00,  1.050439e+02
  7.108190e+00,  1.087943e+02
  7.532427e+00,  1.115100e+02
  7.522620e+00,  1.133907e+02
  7.094114e+00,  1.143845e+02
  6.309071e+00,  1.141688e+02
  5.275745e+00,  1.119682e+02
  4.152850e+00,  1.061162e+02
  3.171773e+00,  9.352589e+01
  2.652542e+00,  7.220679e+01
  2.783333e+00,  5.047683e+01
  3.323817e+00,  3.852728e+01
  3.957729e+00,  3.542028e+01
  4.539954e+00,  3.763344e+01
  5.029451e+00,  4.288075e+01
  5.414903e+00,  4.976310e+01
  5.675831e+00,  5.737355e+01
  5.770146e+00,  6.518678e+01
  5.642364e+00,  7.305739e+01
  5.244715e+00,  8.126704e+01
  4.564243e+00,  9.072049e+01
  3.658226e+00,  1.036231e+02
  2.729285e+00,  1.252696e+02
  2.286910e+00,  1.621808e+02
  2.801266e+00,  1.982739e+02
  3.830561e+00,  2.175937e+02
  4.835082e+00,  2.265265e+02
  5.548569e+00,  2.299938e+02
  5.852442e+00,  2.296041e+02
  5.740832e+00,  2.252857e+02
  5.344919e+00,  2.157990e+02
  4.986348e+00,  1.995147e+02
  5.142594e+00,  1.779537e+02
  6.081713e+00,  1.581417e+02
  7.595509e+00,  1.446094e+02
  9.304823e+00,  1.364589e+02
  1.090293e+01,  1.317114e+02
  1.217950e+01,  1.290004e+02
  1.300264e+01,  1.275048e+02
  1.330674e+01,  1.266983e+02
  1.308431e+01,  1.261816e+02
  1.237880e+01,  1.255716e+02
  1.127806e+01,  1.244048e+02
  9.910392e+00,  1.220241e+02
  8.446823e+00,  1.174427e+02
  7.112265e+00,  1.093260e+02
  6.188573e+00,  9.673724e+01
  5.927309e+00,  8.135600e+01
  6.340106e+00,  6.780573e+01
  7.171059e+00,  5.901371e+01
  8.121660e+00,  5.460754e+01
  8.974883e+00,  5.318986e+01
  9.587549e+00,  5.360319e+01
  9.863199e+00,  5.507384e+01
  9.738549e+00,  5.709695e+01
  9.181072e+00,  5.932338e+01
  8.191598e+00,  6.146781e+01
  6.807456e+00,  6.319755e+01
  5.104281e+00,  6.386970e+01
  3.200363e+00,  6.139433e+01
  1.326374e+00,  4.184120e+01
  1.234523e+00,  3.020754e+02
  2.886312e+00,  2.808664e+02
  4.392217e+00,  2.782670e+02
  5.544593e+00,  2.789855e+02
  6.268930e+00,  2.807777e+02
  6.537365e+00,  2.829188e+02
  6.360626e+00,  2.849681e+02
  5.784671e+00,  2.864181e+02
  4.888924e+00,  2.863632e+02
  3.793981e+00,  2.827503e+02
  2.713258e+00,  2.703305e+02
  2.132956e+00,  2.404333e+02
  2.606308e+00,  2.081027e+02
  3.737730e+00,  1.938716e+02
  5.006253e+00,  1.901628e+02
  6.186420e+00,  1.908879e+02
  7.158008e+00,  1.936653e+02
  7.834756e+00,  1.975242e+02
  8.150184e+00,  2.020682e+02
  8.059792e+00,  2.072127e+02
  7.549376e+00,  2.131418e+02
  6.647103e+00,  2.204259e+02
  5.442995e+00,  2.304245e+02
  4.134014e+00,  2.463348e+02
  3.138999e+00,  2.741893e+02
  3.093910e+00,  3.116283e+02
  3.955081e+00,  3.385954e+02
  5.036825e+00,  3.526264e+02
  5.912404e+00,  3.595958e+02
  6.399892e+00,  2.407511e+00
  6.451546e+00,  1.899870e+00
  6.129323e+00,  3.577661e+02
  5.616985e+00,  3.489257e+02
  5.234614e+00,  3.345042e+02
  5.347106e+00,  3.166311e+02
  6.078807e+00,  3.008832e+02
  7.212157e+00,  2.905096e+02
  8.436661e+00,  2.849675e+02
  9.515609e+00,  2.828044e+02
  1.030146e+01,  2.829383e+02
  1.071694e+01,  2.847110e+02
  1.073850e+01,  2.877346e+02
  1.038316e+01,  2.917718e+02
  9.696225e+00,  2.966592e+02
  8.738412e+00,  3.022523e+02
  7.572755e+00,  3.083826e+02
  6.253524e+00,  3.148206e+02
  4.821218e+00,  3.212356e+02
  3.307126e+00,  3.270690e+02
  1.742223e+00,  3.305469e+02
  2.520199e-01,  2.874720e+02
  1.433232e+00,  1.781048e+02
  2.880915e+00,  1.791329e+02
  4.149375e+00,  1.824866e+02
  5.148131e+00,  1.858656e+02
  5.799017e+00,  1.887676e+02
  6.046605e+00,  1.908966e+02
  5.870472e+00,  1.918665e+02
  5.297529e+00,  1.909499e+02
  4.419702e+00,  1.865654e+02
  3.438938e+00,  1.751371e+02
  2.780848e+00,  1.511535e+02
  2.997840e+00,  1.210262e+02
  3.968082e+00,  1.026078e+02
  5.159896e+00,  9.535623e+01
  6.263452e+00,  9.399855e+01
  7.139188e+00,  9.589639e+01
  7.733068e+00,  9.990732e+01
  8.043866e+00,  1.054922e+02
  8.103692e+00,  1.123272e+02
  7.958062e+00,  1.201263e+02
  7.645258e+00,  1.285709e+02
  7.182556e+00,  1.373302e+02
  6.568034e+00,  1.461429e+02
  5.790557e+00,  1.548996e+02
  4.848056e+00,  1.637445e+02
  3.765016e+00,  1.732572e+02
  2.603985e+00,  1.850733e+02
  1.484687e+00,  2.049988e+02
  7.563209e-01,  2.596162e+02
  1.077839e+00,  3.261656e+02
  1.648870e+00,  3.516742e+02
  2.010158e+00,  8.020202e+00
  2.130981e+00,  2.461481e+01
  2.120444e+00,  4.540190e+01
  2.197561e+00,  7.108431e+01
  2.552396e+00,  9.632937e+01
  3.146510e+00,  1.154453e+02
  3.783355e+00,  1.283159e+02
  4.266460e+00,  1.369072e+02
  4.449747e+00,  1.426924e+02
  4.244432e+00,  1.463816e+02
  3.621636e+00,  1.479275e+02
  2.618190e+00,  1.457336e+02
  1.387377e+00,  1.299923e+02
  9.758978e-01,  4.965132e+01
  2.329196e+00,  1.390036e+01
  3.874721e+00,  7.960701e+00
  5.255303e+00,  7.440521e+00
  6.330939e+00,  8.863429e+00
  7.018974e+00,  1.138051e+01
  7.286144e+00,  1.474919e+01
  7.146087e+00,  1.892984e+01
  6.651809e+00,  2.396644e+01
  5.882788e+00,  2.993689e+01
  4.928540e+00,  3.692200e+01
  3.871340e+00,  4.498806e+01
  2.771692e+00,  5.423806e+01
  1.661636e+00,  6.529650e+01
  5.589378e-01,  8.601314e+01
  6.260003e-01,  2.402910e+02
  1.750488e+00,  2.581320e+02
  2.863205e+00,  2.668161e+02
  3.893470e+00,  2.730961e+02
  4.758962e+00,  2.777731e+02
  5.373274e+00,  2.810427e+02
  5.663850e+00,  2.828787e+02
  5.590144e+00,  2.830209e+02
  5.161219e+00,  2.808124e+02
  4.457583e+00,  2.748194e+02
  3.672106e+00,  2.622481e+02
  3.171201e+00,  2.401740e+02
  3.352097e+00,  2.140359e+02
  4.137543e+00,  1.954705e+02
  5.116283e+00,  1.856806e+02
  5.980663e+00,  1.812644e+02
  6.560953e+00,  1.799695e+02
  6.774038e+00,  1.807031e+02
  6.597200e+00,  1.829908e+02
  6.054267e+00,  1.867163e+02
  5.204651e+00,  1.920752e+02
  4.133879e+00,  1.997661e+02
  2.951667e+00,  2.118302e+02
  1.832731e+00,  2.352473e+02
  1.277242e+00,  2.881151e+02
  1.857577e+00,  3.384538e+02
  2.878067e+00,  1.094149e+00
  3.915412e+00,  1.378182e+01
  4.858793e+00,  2.254507e+01
  5.653363e+00,  2.903554e+01
  6.255010e+00,  3.372995e+01
  6.628204e+00,  3.670050e+01
  6.755843e+00,  3.781800e+01
  6.652926e+00,  3.679817e+01
  6.379591e+00,  3.323221e+01
  6.047894e+00,  2.673872e+01
  5.808936e+00,  1.741345e+01
  5.800277e+00,  6.444781e+00
  6.067161e+00,  3.559618e+02
  6.530040e+00,  3.477547e+02
  7.041997e+00,  3.424260e+02
  7.463294e+00,  3.397565e+02
  7.697557e+00,  3.393039e+02
  7.697110e+00,  3.406839e+02
  7.455196e+00,  3.436249e+02
  6.993671e+00,  3.479516e+02
  6.349945e+00,  3.535654e+02
  5.565792e+00,  4.561771e-01
  4.680423e+00,  8.781979e+00
  3.730464e+00,  1.912126e+01
  2.762646e+00,  3.324413e+01
  1.883814e+00,  5.653892e+01
  1.426182e+00,  9.940299e+01
  1.800343e+00,  1.436218e+02
  2.638704e+00,  1.662106e+02
  3.538820e+00,  1.770147e+02
  4.339395e+00,  1.821829e+02
  4.964255e+00,  1.837545e+02
  5.386089e+00,  1.823288e+02
  5.629757e+00,  1.779560e+02
  5.779427e+00,  1.705792e+02
  5.969641e+00,  1.605166e+02
  6.340520e+00,  1.489020e+02
  6.965490e+00,  1.374739e+02
  7.805704e+00,  1.276263e+02
  8.738005e+00,  1.198277e+02
  9.613299e+00,  1.138703e+02
  1.029800e+01,  1.093094e+02
  1.069375e+01,  1.056952e+02
  1.074517e+01,  1.026291e+02
  1.044177e+01,  9.974406e+01
  9.816414e+00,  9.665947e+01
  8.941488e+00,  9.292503e+01
  7.924040e+00,  8.796724e+01
  6.900625e+00,  8.108783e+01
  6.028545e+00,  7.167688e+01
  5.458785e+00,  5.988075e+01
  5.273790e+00,  4.734378e+01
  5.430525e+00,  3.650324e+01
  5.792220e+00,  2.874079e+01
  6.213823e+00,  2.394699e+01
  6.587250e+00,  2.134204e+01
  6.842190e+00,  2.009338e+01
  6.935200e+00,  1.949715e+01
  6.842312e+00,  1.896834e+01
  6.557131e+00,  1.797835e+01
  6.092901e+00,  1.597545e+01
  5.487735e+00,  1.228775e+01
  4.812951e+00,  6.027208e+00
  4.177592e+00,  3.561551e+02
  3.721712e+00,  3.421607e+02
  3.563970e+00,  3.255744e+02
  3.706306e+00,  3.099628e+02
  4.022658e+00,  2.977930e+02
  4.359370e+00,  2.890675e+02
  4.605994e+00,  2.827087e+02
  4.704434e+00,  2.775869e+02
  4.639397e+00,  2.727132e+02
  4.430836e+00,  2.671457e+02
  4.132017e+00,  2.598878e+02
  3.831665e+00,  2.499675e+02
  3.650005e+00,  2.370084e+02
  3.703310e+00,  2.222430e+02
  4.033994e+00,  2.083306e+02
  4.582251e+00,  1.972110e+02
  5.235988e+00,  1.890553e+02
  5.884225e+00,  1.831186e+02
  6.436416e+00,  1.785668e+02
  6.825347e+00,  1.747328e+02
  7.007936e+00,  1.711107e+02
  6.966878e+00,  1.672926e+02
  6.712175e+00,  1.629098e+02
  6.281265e+00,  1.575968e+02
  5.736247e+00,  1.510030e+02
  5.155570e+00,  1.428592e+02
  4.618691e+00,  1.331697e+02
  4.182242e+00,  1.224838e+02
  3.855866e+00,  1.119691e+02
  3.598504e+00,  1.030292e+02
  3.345565e+00,  9.679930e+01
  3.047997e+00,  9.408934e+01
  2.700597e+00,  9.573891e+01
  2.356316e+00,  1.028587e+02
  2.123850e+00,  1.159565e+02
  2.111362e+00,  1.322636e+02
  2.314998e+00,  1.461720e+02
  2.615969e+00,  1.548689e+02
  2.888434e+00,  1.589342e+02
  3.052856e+00,  1.596021e+02
  3.076070e+00,  1.577088e+02
  2.961299e+00,  1.536930e+02
  2.737576e+00,  1.477938e+02
  2.447079e+00,  1.402881e+02
  2.129350e+00,  1.317858e+02
  1.805760e+00,  1.235547e+02
  1.474650e+00,  1.178672e+02
  1.132674e+00,  1.189803e+02
  8.514324e-01,  1.359928e+02
  9.031185e-01,  1.705574e+02
  1.396109e+00,  1.918022e+02
  2.098291e+00,  1.980873e+02
  2.851491e+00,  1.982696e+02
  3.558387e+00,  1.957639e+02
  4.144708e+00,  1.916775e+02
  4.557880e+00,  1.862830e+02
  4.774369e+00,  1.794728e+02
  4.807650e+00,  1.709169e+02
  4.713547e+00,  1.601822e+02
  4.587999e+00,  1.469844e+02
  4.546564e+00,  1.316657e+02
  4.677305e+00,  1.155424e+02
  4.991972e+00,  1.003670e+02
  5.426001e+00,  8.724158e+01
  5.884935e+00,  7.628548e+01
  6.287946e+00,  6.706248e+01
  6.587154e+00,  5.900508e+01
  6.770280e+00,  5.160097e+01
  6.855446e+00,  4.444712e+01
  6.881774e+00,  3.727197e+01
  6.897035e+00,  2.995909e+01
  6.943661e+00,  2.255833e+01
  7.045728e+00,  1.525067e+01
  7.201565e+00,  8.251392e+00
  7.385995e+00,  1.693314e+00
  7.554441e+00,  3.555823e+02
  7.651817e+00,  3.497914e+02
  7.623366e+00,  3.440793e+02
  7.425435e+00,  3.381045e+02
  7.036174e+00,  3.314088e+02
  6.466634e+00,  3.233613e+02
  5.773052e+00,  3.130754e+02
  5.069892e+00,  2.994191e+02
  4.532024e+00,  2.815820e+02
  4.340288e+00,  2.607316e+02
  4.542809e+00,  2.406514e+02
  4.994172e+00,  2.244544e+02
  5.479533e+00,  2.124850e+02
  5.830640e+00,  2.038094e+02
  5.951930e+00,  1.975508e+02
  5.813031e+00,  1.932252e+02
  5.439107e+00,  1.907502e+02
  4.903897e+00,  1.904366e+02
  4.325270e+00,  1.929419e+02
  3.858943e+00,  1.988544e+02
  3.668545e+00,  2.073963e+02
  3.847634e+00,  2.154643e+02
  4.366779e+00,  2.199392e+02
  5.134130e+00,  2.202247e+02
  6.067503e+00,  2.173826e+02
  7.097825e+00,  2.126967e+02
  8.148056e+00,  2.071130e+02
  9.121729e+00,  2.011790e+02
  9.907019e+00,  1.951271e+02
  1.039133e+01,  1.889665e+02
  1.048015e+01,  1.825364e+02
  1.011599e+01,  1.755042e+02
  9.296318e+00,  1.672831e+02
  8.093591e+00,  1.568088e+02
  6.690261e+00,  1.420835e+02
  5.453161e+00,  1.198564e+02
  4.976673e+00,  8.907920e+01
  5.627729e+00,  5.881475e+01
  7.018083e+00,  3.716714e+01
  8.586882e+00,  2.244747e+01
  9.998061e+00,  1.145650e+01
  1.108884e+01,  2.266210e+00
  1.180316e+01,  3.538190e+02
  1.216016e+01,  3.455091e+02
  1.223275e+01,  3.370019e+02
  1.212336e+01,  3.281877e+02
  1.193363e+01,  3.191837e+02
  1.173326e+01,  3.103093e+02
  1.154072e+01,  3.019867e+02
  1.132620e+01,  2.946015e+02
  1.102892e+01,  2.883866e+02
  1.058295e+01,  2.833940e+02
  9.937587e+00,  2.795344e+02
  9.066873e+00,  2.766334e+02
  7.970515e+00,  2.744721e+02
  6.670488e+00,  2.727995e+02
  5.206773e+00,  2.713100e+02
  3.634075e+00,  2.695174e+02
  2.020704e+00,  2.660192e+02
  4.758261e-01,  2.437015e+02
  1.077376e+00,  1.022582e+02
  2.346369e+00,  9.419322e+01
  3.357850e+00,  9.025727e+01
  4.049048e+00,  8.634004e+01
  4.392637e+00,  8.145264e+01
  4.402460e+00,  7.482619e+01
  4.143873e+00,  6.549263e+01
  3.742818e+00,  5.220997e+01
  3.380969e+00,  3.406699e+01
  3.232737e+00,  1.234144e+01
  3.327634e+00,  3.510360e+02
  3.509075e+00,  3.329896e+02
  3.570423e+00,  3.177678e+02
  3.371945e+00,  3.031492e+02
  2.888845e+00,  2.855026e+02
  2.299404e+00,  2.577809e+02
  2.193610e+00,  2.141703e+02
  3.079830e+00,  1.764539e+02
  4.536139e+00,  1.552316e+02
  6.097142e+00,  1.421631e+02
  7.492130e+00,  1.324376e+02
  8.541812e+00,  1.239734e+02
  9.134016e+00,  1.156447e+02
  9.230055e+00,  1.065970e+02
  8.878077e+00,  9.594431e+01
  8.227696e+00,  8.263400e+01
  7.537682e+00,  6.563472e+01
  7.136635e+00,  4.493342e+01
  7.263172e+00,  2.285892e+01
  7.873250e+00,  2.786193e+00
  8.691820e+00,  3.461160e+02
  9.426696e+00,  3.322069e+02
  9.885949e+00,  3.198192e+02
  9.998013e+00,  3.077895e+02
  9.804275e+00,  2.951335e+02
  9.444187e+00,  2.810983e+02
  9.121506e+00,  2.654179e+02
  9.030052e+00,  2.487129e+02
  9.250175e+00,  2.324426e+02
  9.698233e+00,  2.180223e+02
  1.018416e+01,  2.060280e+02
  1.051011e+01,  1.962696e+02
  1.053246e+01,  1.882308e+02
  1.018096e+01,  1.813461e+02
  9.455738e+00,  1.750712e+02
  8.415618e+00,  1.688444e+02
  7.164087e+00,  1.619869e+02
  5.836206e+00,  1.535505e+02
  4.589256e+00,  1.421562e+02
  3.593406e+00,  1.262216e+02
  2.990591e+00,  1.057848e+02
  2.778950e+00,  8.498496e+01
  2.764728e+00,  6.854432e+01
  2.722531e+00,  5.702032e+01
  2.516284e+00,  4.855013e+01
  2.094721e+00,  4.072514e+01
  1.470390e+00,  2.938775e+01
  7.855483e-01,  3.572555e+02
  8.891199e-01,  2.788388e+02
  1.855231e+00,  2.503196e+02
  2.955102e+00,  2.403474e+02
  4.006302e+00,  2.343168e+02
  4.907560e+00,  2.291617e+02
  5.584581e+00,  2.237339e+02
  5.995531e+00,  2.173366e+02
  6.143563e+00,  2.093545e+02
  6.088381e+00,  1.991816e+02
  5.948761e+00,  1.863833e+02
  5.878907e+00,  1.711591e+02
  6.000732e+00,  1.547802e+02
  6.322057e+00,  1.391108e+02
  6.723879e+00,  1.253854e+02
  7.028074e+00,  1.137388e+02
  7.070271e+00,  1.036340e+02
  6.738896e+00,  9.428338e+01
  5.990498e+00,  8.470039e+01
  4.858397e+00,  7.329373e+01
  3.479235e+00,  5.627491e+01
  2.250756e+00,  2.204116e+01
  2.237131e+00,  3.244322e+02
  3.523553e+00,  2.886952e+02
  5.066675e+00,  2.705932e+02
  6.458831e+00,  2.580598e+02
  7.565656e+00,  2.472105e+02
  8.356158e+00,  2.365778e+02
  8.867124e+00,  2.254953e+02
  9.181023e+00,  2.137179e+02
  9.394863e+00,  2.013544e+02
  9.581190e+00,  1.888160e+02
  9.758011e+00,  1.766519e+02
  9.881540e+00,  1.653288e+02
  9.868271e+00,  1.550688e+02
  9.631204e+00,  1.458274e+02
  9.111319e+00,  1.373527e+02
  8.296000e+00,  1.292315e+02
  7.225283e+00,  1.208627e+02
  5.990845e+00,  1.113219e+02
  4.734751e+00,  9.907986e+01
  3.654664e+00,  8.179943e+01
  2.992116e+00,  5.803029e+01
  2.878436e+00,  3.270302e+01
  3.129921e+00,  1.398962e+01
  3.453963e+00,  3.234560e+00
  3.689387e+00,  3.581727e+02
  3.796842e+00,  3.568939e+02
  3.799000e+00,  3.581311e+02
  3.738181e+00,  8.421904e-01
  3.648648e+00,  3.971490e+00
  3.544202e+00,  6.466370e+00
  3.422916e+00,  7.433136e+00
  3.282601e+00,  6.267256e+00
  3.134286e+00,  2.729035e+00
  3.003345e+00,  3.570580e+02
  2.916511e+00,  3.501042e+02
  2.884604e+00,  3.432301e+02
  2.890866e+00,  3.378699e+02
  2.903551e+00,  3.350401e+02
  2.900346e+00,  3.352099e+02
  2.884169e+00,  3.383619e+02
  2.879596e+00,  3.439248e+02
  2.909205e+00,  3.506662e+02
  2.963706e+00,  3.569482e+02
  2.991858e+00,  1.302680e+00
  2.920418e+00,  2.649670e+00
  2.690072e+00,  3.598000e+02
  2.301402e+00,  3.502421e+02
  1.905931e+00,  3.284227e+02
  1.939316e+00,  2.926998e+02
  2.709068e+00,  2.627152e+02
  3.938431e+00,  2.458158e+02
  5.321120e+00,  2.356757e+02
  6.664703e+00,  2.283928e+02
  7.833221e+00,  2.222469e+02
  8.730505e+00,  2.163964e+02
  9.301916e+00,  2.103480e+02
  9.538169e+00,  2.037584e+02
  9.474868e+00,  1.963692e+02
  9.184353e+00,  1.880144e+02
  8.758914e+00,  1.786773e+02
  8.287668e+00,  1.685675e+02
  7.824131e+00,  1.581654e+02
  7.366971e+00,  1.481144e+02
  6.866638e+00,  1.389998e+02
  6.253934e+00,  1.311743e+02
  5.472747e+00,  1.247284e+02
  4.501493e+00,  1.195471e+02
  3.359426e+00,  1.153190e+02
  2.101668e+00,  1.111896e+02
  8.138647e-01,  1.015403e+02
  5.164118e-01,  3.192073e+02
  1.643113e+00,  3.050032e+02
  2.641164e+00,  3.053623e+02
  3.481900e+00,  3.086419e+02
  4.190834e+00,  3.135527e+02
  4.816500e+00,  3.193755e+02
  5.404428e+00,  3.253349e+02
  5.972236e+00,  3.306337e+02
  6.500309e+00,  3.346204e+02
  6.943191e+00,  3.368693e+02
  7.253345e+00,  3.371331e+02
  7.405387e+00,  3.352483e+02
  7.413133e+00,  3.310864e+02
  7.334709e+00,  3.246050e+02
  7.261253e+00,  3.160190e+02
  7.285061e+00,  3.060076e+02
  7.448100e+00,  2.956633e+02
  7.712608e+00,  2.860634e+02
  7.977216e+00,  2.778354e+02
  8.120832e+00,  2.710929e+02
  8.041930e+00,  2.656272e+02
  7.680129e+00,  2.610879e+02
  7.023252e+00,  2.570467e+02
  6.105972e+00,  2.529455e+02
  5.005220e+00,  2.478985e+02
  3.839222e+00,  2.401995e+02
  2.785685e+00,  2.262947e+02
  2.132929e+00,  2.013309e+02
  2.154459e+00,  1.719533e+02
  2.648695e+00,  1.541187e+02
  3.244112e+00,  1.473727e+02
  3.771671e+00,  1.467487e+02
  4.184295e+00,  1.494481e+02
  4.475180e+00,  1.539755e+02
  4.641940e+00,  1.593938e+02
  4.672711e+00,  1.650606e+02
  4.546263e+00,  1.705519e+02
  4.240928e+00,  1.756234e+02
  3.746232e+00,  1.801609e+02
  3.072854e+00,  1.841126e+02
  2.258809e+00,  1.873562e+02
  1.364915e+00,  1.892838e+02
  4.714457e-01,  1.842480e+02
  3.831236e-01,  3.686847e+01
  1.052018e+00,  3.005921e+01
  1.520471e+00,  3.192985e+01
  1.744508e+00,  3.538474e+01
  1.713083e+00,  3.996495e+01
  1.443441e+00,  4.617671e+01
  9.802416e-01,  5.627608e+01
  4.218827e-01,  8.633296e+01
  4.819935e-01,  1.950352e+02
  1.161898e+00,  2.228866e+02
  1.865037e+00,  2.351778e+02
  2.528195e+00,  2.450365e+02
  3.132400e+00,  2.542528e+02
  3.667346e+00,  2.630909e+02
  4.116609e+00,  2.714203e+02
  4.448768e+00,  2.790294e+02
  4.617370e+00,  2.857497e+02
  4.569131e+00,  2.914800e+02
  4.256314e+00,  2.961427e+02
  3.649021e+00,  2.995735e+02
  2.745239e+00,  3.011999e+02
  1.582417e+00,  2.982135e+02
  4.074937e-01,  2.449602e+02
  1.423735e+00,  1.519445e+02
  2.918200e+00,  1.451233e+02
  4.318196e+00,  1.432517e+02
  5.492229e+00,  1.419869e+02
  6.340114e+00,  1.403336e+02
  6.799162e+00,  1.377239e+02
  6.859338e+00,  1.335477e+02
  6.581330e+00,  1.269593e+02
  6.118254e+00,  1.168371e+02
  5.729034e+00,  1.023190e+02
  5.718700e+00,  8.452921e+01
  6.237619e+00,  6.738543e+01
  7.147895e+00,  5.416292e+01
  8.166070e+00,  4.518169e+01
  9.032921e+00,  3.938122e+01
  9.563752e+00,  3.571403e+01
  9.646881e+00,  3.344416e+01
  9.235527e+00,  3.207796e+01
  8.340205e+00,  3.125317e+01
  7.020322e+00,  3.063050e+01
  5.374415e+00,  2.972236e+01
  3.531026e+00,  2.732213e+01
  1.657688e+00,  1.739397e+01
  6.543501e-01,  2.809482e+02
  2.052967e+00,  2.364629e+02
  3.373371e+00,  2.310428e+02
  4.322053e+00,  2.296728e+02
  4.832432e+00,  2.291875e+02
  4.888017e+00,  2.285780e+02
  4.516984e+00,  2.270174e+02
  3.796590e+00,  2.231351e+02
  2.874528e+00,  2.137139e+02
  2.061450e+00,  1.909269e+02
  1.963458e+00,  1.524680e+02
  2.697502e+00,  1.262400e+02
  3.663190e+00,  1.161292e+02
  4.509556e+00,  1.135186e+02
  5.094588e+00,  1.147368e+02
  5.368409e+00,  1.185825e+02
  5.345622e+00,  1.248324e+02
  5.098921e+00,  1.337206e+02
  4.750848e+00,  1.455829e+02
  4.446618e+00,  1.602589e+02
  4.291629e+00,  1.763816e+02
  4.279836e+00,  1.916693e+02
  4.293182e+00,  2.044217e+02
  4.178473e+00,  2.142289e+02
  3.817631e+00,  2.213822e+02
  3.155540e+00,  2.261269e+02
  2.203590e+00,  2.278744e+02
  1.046736e+00,  2.206774e+02
  4.966172e-01,  1.118239e+02
  1.675979e+00,  7.933045e+01
  2.796001e+00,  7.621320e+01
  3.619943e+00,  7.600906e+01
  4.021451e+00,  7.641081e+01
  3.918888e+00,  7.675916e+01
  3.281779e+00,  7.649716e+01
  2.137612e+00,  7.399316e+01
  6.260228e-01,  4.964468e+01
  1.444366e+00,  2.798008e+02
  3.494951e+00,  2.721518e+02
  5.557827e+00,  2.706870e+02
  7.443563e+00,  2.703149e+02
  8.992254e+00,  2.701747e+02
  1.007777e+01,  2.699277e+02
  1.061983e+01,  2.693240e+02
  1.059373e+01,  2.680724e+02
  1.003732e+01,  2.657459e+02
  9.056940e+00,  2.616570e+02
  7.836866e+00,  2.546899e+02
  6.655605e+00,  2.432962e+02
  5.879140e+00,  2.266431e+02
  5.802838e+00,  2.076222e+02
  6.363663e+00,  1.919231e+02
  7.204693e+00,  1.818554e+02
  7.989455e+00,  1.763254e+02
  8.508421e+00,  1.737584e+02
  8.651873e+00,  1.730179e+02
  8.375495e+00,  1.733398e+02
  7.679382e+00,  1.741404e+02
  6.596551e+00,  1.748274e+02
  5.188646e+00,  1.744859e+02
  3.553733e+00,  1.708230e+02
  1.902167e+00,  1.538990e+02
  1.313079e+00,  8.506601e+01
  2.667512e+00,  4.674451e+01
  4.258535e+00,  3.884921e+01
  5.624090e+00,  3.724129e+01
  6.615983e+00,  3.765134e+01
  7.151675e+00,  3.891232e+01
  7.195850e+00,  4.058313e+01
  6.759761e+00,  4.244332e+01
  5.899217e+00,  4.431717e+01
  4.708543e+00,  4.592852e+01
  3.311457e+00,  4.653789e+01
  1.855885e+00,  4.306251e+01
  6.262912e-01,  6.897744e+00
  1.077780e+00,  2.786115e+02
  2.055600e+00,  2.707045e+02
  2.822529e+00,  2.744979e+02
  3.365849e+00,  2.822318e+02
  3.746233e+00,  2.923282e+02
  4.039411e+00,  3.037118e+02
  4.287771e+00,  3.151427e+02
  4.468505e+00,  3.254681e+02
  4.500716e+00,  3.339654e+02
  4.282163e+00,  3.403073e+02
  3.729394e+00,  3.441658e+02
  2.809480e+00,  3.442808e+02
  1.590517e+00,  3.335635e+02
  8.764051e-01,  2.593354e+02
  2.264505e+00,  2.117560e+02
  4.058826e+00,  2.038813e+02
  5.767561e+00,  2.017643e+02
  7.189372e+00,  2.011233e+02
  8.169727e+00,  2.008994e+02
  8.599579e+00,  2.006708e+02
  8.426060e+00,  2.001540e+02
  7.659987e+00,  1.990017e+02
  6.378582e+00,  1.965543e+02
  4.728990e+00,  1.911401e+02
  2.968217e+00,  1.771196e+02
  1.787973e+00,  1.341557e+02
  2.415400e+00,  8.133697e+01
  3.784751e+00,  6.274459e+01
  4.966952e+00,  5.610676e+01
  5.730031e+00,  5.326589e+01
  6.008964e+00,  5.187997e+01
  5.817243e+00,  5.089868e+01
  5.226305e+00,  4.944232e+01
  4.357191e+00,  4.617105e+01
  3.389249e+00,  3.835212e+01
  2.618187e+00,  2.094783e+01
  2.495951e+00,  3.538992e+02
  3.166395e+00,  3.335113e+02
  4.278072e+00,  3.254122e+02
  5.568278e+00,  3.242088e+02
  6.920836e+00,  3.260774e+02
  8.257240e+00,  3.291217e+02
  9.491626e+00,  3.323860e+02
  1.052417e+01,  3.353738e+02
  1.125183e+01,  3.378196e+02
  1.158568e+01,  3.395634e+02
  1.146870e+01,  3.404696e+02
  1.088994e+01,  3.403624e+02
  9.893361e+00,  3.389525e+02
  8.581162e+00,  3.357335e+02
  7.114145e+00,  3.298287e+02
  5.711323e+00,  3.198892e+02
  4.630779e+00,  3.047095e+02
  4.068847e+00,  2.857888e+02
  3.960409e+00,  2.685729e+02
  3.994223e+00,  2.569953e+02
  3.881604e+00,  2.510447e+02
  3.478821e+00,  2.497716e+02
  2.766391e+00,  2.534252e+02
  1.833223e+00,  2.662272e+02
  1.059071e+00,  3.099084e+02
  1.526203e+00,  1.388211e+01
  2.727693e+00,  3.740177e+01
  3.994649e+00,  4.860488e+01
  5.169778e+00,  5.657235e+01
  6.191980e+00,  6.341452e+01
  7.031880e+00,  6.971262e+01
  7.673699e+00,  7.555978e+01
  8.104872e+00,  8.084416e+01
  8.311213e+00,  8.535061e+01
  8.278744e+00,  8.879587e+01
  8.002165e+00,  9.081957e+01
  7.498536e+00,  9.093355e+01
  6.824475e+00,  8.844140e+01
  6.095033e+00,  8.241474e+01
  5.495212e+00,  7.207372e+01
  5.243196e+00,  5.812785e+01
  5.453201e+00,  4.380930e+01
  6.025551e+00,  3.252231e+01
  6.737998e+00,  2.519975e+01
  7.388222e+00,  2.112320e+01
  7.843314e+00,  1.933460e+01
  8.035800e+00,  1.908789e+01
  7.949832e+00,  1.983006e+01
  7.607399e+00,  2.108422e+01
  7.055174e+00,  2.232536e+01
  6.353823e+00,  2.284891e+01
  5.574735e+00,  2.161874e+01
  4.811441e+00,  1.713011e+01
  4.208549e+00,  7.642056e+00
  3.973408e+00,  3.529301e+02
  4.264493e+00,  3.368867e+02
  5.019649e+00,  3.244352e+02
  6.019171e+00,  3.165928e+02
  7.042586e+00,  3.120435e+02
  7.914911e+00,  3.094470e+02
  8.503301e+00,  3.079289e+02
  8.714654e+00,  3.069649e+02
  8.498155e+00,  3.062316e+02
  7.848122e+00,  3.055034e+02
  6.804464e+00,  3.045748e+02
  5.449994e+00,  3.031662e+02
  3.900585e+00,  3.006939e+02
  2.295965e+00,  2.952555e+02
  8.283362e-01,  2.730253e+02
  7.852320e-01,  1.570605e+02
  1.764185e+00,  1.346877e+02
  2.448716e+00,  1.263197e+02
  2.779320e+00,  1.184077e+02
  2.811587e+00,  1.077815e+02
  2.702345e+00,  9.200664e+01
  2.715660e+00,  7.053884e+01
  3.089592e+00,  4.841434e+01
  3.810269e+00,  3.178559e+01
  4.678498e+00,  2.128110e+01
  5.495015e+00,  1.499401e+01
  6.113473e+00,  1.133138e+01
  6.437226e+00,  9.343325e+00
  6.413326e+00,  8.509615e+00
  6.028939e+00,  8.582666e+00
  5.308195e+00,  9.539410e+00
  4.308536e+00,  1.167292e+01
  3.118088e+00,  1.606657e+01
  1.866723e+00,  2.701396e+01
  8.913044e-01,  6.863147e+01
  1.230879e+00,  1.381025e+02
  2.143045e+00,  1.568116e+02
  2.915610e+00,  1.616245e+02
  3.434887e+00,  1.618569e+02
  3.688278e+00,  1.592003e+02
  3.717391e+00,  1.537864e+02
  3.611807e+00,  1.453330e+02
  3.496034e+00,  1.338816e+02
  3.487180e+00,  1.206819e+02
  3.626963e+00,  1.082171e+02
  3.854512e+00,  9.867355e+01
  4.057890e+00,  9.291200e+01
  4.142498e+00,  9.102432e+01
  4.071353e+00,  9.316565e+01
  3.887659e+00,  9.989959e+01
  3.729447e+00,  1.117756e+02
  3.801591e+00,  1.276139e+02
  4.243758e+00,  1.433561e+02
  5.007570e+00,  1.552895e+02
  5.925271e+00,  1.627385e+02
  6.831588e+00,  1.665802e+02
  7.610868e+00,  1.677130e+02
  8.202942e+00,  1.667015e+02
  8.599696e+00,  1.638512e+02
  8.837485e+00,  1.593518e+02
  8.983080e+00,  1.534174e+02
  9.111333e+00,  1.464007e+02
  9.277555e+00,  1.388258e+02
  9.494831e+00,  1.312948e+02
  9.728334e+00,  1.243183e+02
  9.908987e+00,  1.181924e+02
  9.956738e+00,  1.129901e+02
  9.801710e+00,  1.086250e+02
  9.397644e+00,  1.049226e+02
  8.727697e+00,  1.016624e+02
  7.804720e+00,  9.858496e+01
  6.668201e+00,  9.535951e+01
  5.379717e+00,  9.148266e+01
  4.019049e+00,  8.598914e+01
  2.686882e+00,  7.646153e+01
  1.546261e+00,  5.482153e+01
  1.050045e+00,  1.784895e+00
  1.494364e+00,  3.166585e+02
  2.116072e+00,  2.978050e+02
  2.592035e+00,  2.866409e+02
  2.877756e+00,  2.771399e+02
  2.997920e+00,  2.673471e+02
  2.959569e+00,  2.575104e+02
  2.329799e+00,  2.551387e+02
##END=
