##TITLE= E:\桌面\nmr\ogm\sjd\matlabcod\1\2_2_xjhsjd
##JCAMP-DX= 5.00 Bruker JCAMP library
##DATA TYPE= Shape Data
##ORIGIN= Colm's GRAPE Pulses 
##OWNER= Dawei.Lu
##DATE= 02-Aug-2025
##TIME= 11:37
##MINX= 2.330754e-01
##MAXX= 1.097495e+01
##MINY= 9.476463e-01
##MAXY= 3.594628e+02
##$SHAPE_EXMODE= None
##$SHAPE_TOTROT= 9.000000e+01
##$SHAPE_BWFAC= 1.000000e+00
##$SHAPE_INTEGFAC= 1.000000e+00
##$SHAPE_MODE= 1
##PULSE_WIDTH= 5000
##Calibration_Power= 12500
##NPOINTS= 1000
##XYPOINTS= (XY..XY)
  5.265564e-01,  9.659921e+01
  1.225030e+00,  9.306170e+01
  1.933914e+00,  9.247982e+01
  2.537942e+00,  1.019265e+02
  3.115062e+00,  1.091350e+02
  3.709867e+00,  1.150008e+02
  4.353154e+00,  1.199220e+02
  5.059169e+00,  1.239527e+02
  5.820776e+00,  1.270876e+02
  6.610045e+00,  1.293705e+02
  7.382880e+00,  1.308990e+02
  8.085573e+00,  1.317959e+02
  8.662004e+00,  1.321822e+02
  9.060939e+00,  1.321640e+02
  9.242966e+00,  1.318309e+02
  9.186406e+00,  1.312612e+02
  8.891385e+00,  1.305320e+02
  8.381266e+00,  1.297338e+02
  7.701038e+00,  1.289909e+02
  6.912835e+00,  1.284876e+02
  6.089479e+00,  1.285000e+02
  5.307374e+00,  1.294119e+02
  4.639924e+00,  1.316613e+02
  4.150715e+00,  1.355246e+02
  3.882774e+00,  1.407441e+02
  3.842742e+00,  1.463819e+02
  3.991686e+00,  1.513476e+02
  4.255387e+00,  1.551144e+02
  4.545345e+00,  1.578267e+02
  4.775540e+00,  1.599749e+02
  4.873438e+00,  1.621432e+02
  4.789591e+00,  1.649596e+02
  4.508143e+00,  1.691901e+02
  4.059509e+00,  1.759305e+02
  3.537465e+00,  1.867963e+02
  3.116124e+00,  2.034306e+02
  3.011192e+00,  2.246690e+02
  3.301229e+00,  2.445919e+02
  3.831366e+00,  2.588991e+02
  4.384195e+00,  2.680520e+02
  4.805831e+00,  2.738279e+02
  5.014937e+00,  2.775769e+02
  4.988279e+00,  2.801597e+02
  4.749472e+00,  2.821614e+02
  4.359371e+00,  2.840550e+02
  3.905520e+00,  2.862893e+02
  3.489785e+00,  2.892579e+02
  3.213366e+00,  2.930509e+02
  3.157761e+00,  2.970790e+02
  3.365458e+00,  3.002192e+02
  3.832731e+00,  3.017418e+02
  4.516504e+00,  3.017993e+02
  5.342857e+00,  3.009795e+02
  6.209836e+00,  2.998214e+02
  6.996047e+00,  2.986801e+02
  7.575528e+00,  2.977808e+02
  7.835682e+00,  2.973091e+02
  7.695282e+00,  2.975011e+02
  7.120603e+00,  2.987662e+02
  6.140301e+00,  3.019424e+02
  4.867629e+00,  3.089694e+02
  3.566891e+00,  3.246260e+02
  2.835561e+00,  3.561435e+02
  3.308858e+00,  3.045237e+01
  4.509885e+00,  4.842114e+01
  5.755445e+00,  5.562627e+01
  6.737982e+00,  5.766232e+01
  7.338567e+00,  5.673265e+01
  7.540697e+00,  5.362835e+01
  7.403297e+00,  4.859247e+01
  7.040748e+00,  4.172027e+01
  6.592438e+00,  3.329471e+01
  6.176734e+00,  2.412568e+01
  5.843900e+00,  1.565974e+01
  5.566530e+00,  9.638699e+00
  5.291291e+00,  7.647327e+00
  5.023909e+00,  1.096254e+01
  4.894799e+00,  2.015713e+01
  5.131403e+00,  3.355567e+01
  5.872589e+00,  4.688366e+01
  7.019042e+00,  5.689368e+01
  8.325842e+00,  6.325651e+01
  9.542266e+00,  6.688452e+01
  1.046786e+01,  6.864663e+01
  1.096709e+01,  6.910261e+01
  1.097495e+01,  6.855313e+01
  1.049845e+01,  6.711084e+01
  9.612428e+00,  6.474090e+01
  8.448458e+00,  6.128111e+01
  7.176979e+00,  5.648113e+01
  5.981936e+00,  5.016116e+01
  5.025260e+00,  4.265748e+01
  4.403121e+00,  3.546100e+01
  4.125241e+00,  3.104870e+01
  4.159625e+00,  3.116406e+01
  4.492643e+00,  3.529339e+01
  5.110455e+00,  4.122455e+01
  5.939511e+00,  4.690454e+01
  6.837827e+00,  5.144401e+01
  7.632644e+00,  5.481971e+01
  8.160538e+00,  5.733191e+01
  8.295386e+00,  5.933778e+01
  7.966090e+00,  6.119996e+01
  7.167001e+00,  6.336524e+01
  5.962765e+00,  6.657525e+01
  4.492516e+00,  7.246234e+01
  2.996770e+00,  8.552926e+01
  1.961669e+00,  1.172488e+02
  2.063883e+00,  1.599237e+02
  2.785458e+00,  1.797820e+02
  3.362227e+00,  1.845120e+02
  3.578752e+00,  1.814110e+02
  3.477562e+00,  1.716108e+02
  3.288281e+00,  1.541835e+02
  3.367616e+00,  1.307981e+02
  3.903539e+00,  1.088762e+02
  4.699413e+00,  9.337872e+01
  5.418645e+00,  8.348249e+01
  5.790303e+00,  7.727575e+01
  5.642622e+00,  7.364648e+01
  4.901960e+00,  7.244458e+01
  3.599292e+00,  7.521826e+01
  1.944843e+00,  9.185548e+01
  1.399153e+00,  1.711011e+02
  3.287474e+00,  2.076804e+02
  5.462377e+00,  2.147136e+02
  7.384865e+00,  2.163571e+02
  8.824086e+00,  2.161954e+02
  9.635293e+00,  2.151402e+02
  9.753796e+00,  2.134743e+02
  9.198449e+00,  2.112474e+02
  8.067980e+00,  2.083663e+02
  6.528129e+00,  2.045762e+02
  4.790760e+00,  1.993375e+02
  3.087423e+00,  1.914491e+02
  1.640311e+00,  1.777632e+02
  6.344338e-01,  1.471249e+02
  2.382711e-01,  4.968437e+01
  5.322025e-01,  3.091455e+02
  1.372710e+00,  2.696195e+02
  2.718363e+00,  2.521115e+02
  4.411149e+00,  2.425618e+02
  6.241189e+00,  2.365165e+02
  7.980693e+00,  2.323208e+02
  9.412855e+00,  2.292614e+02
  1.035931e+01,  2.270114e+02
  1.070328e+01,  2.254393e+02
  1.040549e+01,  2.245474e+02
  9.510575e+00,  2.244752e+02
  8.143725e+00,  2.255654e+02
  6.499226e+00,  2.285337e+02
  4.825676e+00,  2.348213e+02
  3.412104e+00,  2.469357e+02
  2.535429e+00,  2.661156e+02
  2.222221e+00,  2.843103e+02
  2.133536e+00,  2.896109e+02
  2.082700e+00,  2.779728e+02
  2.351965e+00,  2.528084e+02
  3.267099e+00,  2.294203e+02
  4.675632e+00,  2.149982e+02
  6.248887e+00,  2.063557e+02
  7.701476e+00,  2.005751e+02
  8.805988e+00,  1.961920e+02
  9.397779e+00,  1.924674e+02
  9.385613e+00,  1.889622e+02
  8.759496e+00,  1.853271e+02
  7.591579e+00,  1.811508e+02
  6.029654e+00,  1.757358e+02
  4.287140e+00,  1.675127e+02
  2.646929e+00,  1.520452e+02
  1.544219e+00,  1.171665e+02
  1.431161e+00,  6.939932e+01
  1.633890e+00,  4.619297e+01
  1.452447e+00,  4.107324e+01
  8.391934e-01,  6.159973e+01
  1.055107e+00,  1.451092e+02
  2.604189e+00,  1.664222e+02
  4.449587e+00,  1.696145e+02
  6.264073e+00,  1.690663e+02
  7.802896e+00,  1.670356e+02
  8.866611e+00,  1.640181e+02
  9.321846e+00,  1.599935e+02
  9.123104e+00,  1.546178e+02
  8.331338e+00,  1.471346e+02
  7.134993e+00,  1.360868e+02
  5.885462e+00,  1.190595e+02
  5.107927e+00,  9.444543e+01
  5.205094e+00,  6.758887e+01
  5.934701e+00,  4.723370e+01
  6.715173e+00,  3.455909e+01
  7.137693e+00,  2.724705e+01
  7.020138e+00,  2.380716e+01
  6.355094e+00,  2.410136e+01
  5.296591e+00,  2.956486e+01
  4.207540e+00,  4.381277e+01
  3.720599e+00,  6.909213e+01
  4.250241e+00,  9.360890e+01
  5.337901e+00,  1.065425e+02
  6.393264e+00,  1.106077e+02
  7.120929e+00,  1.093032e+02
  7.440040e+00,  1.041136e+02
  7.420286e+00,  9.544021e+01
  7.242391e+00,  8.343171e+01
  7.129517e+00,  6.884704e+01
  7.221586e+00,  5.356455e+01
  7.468757e+00,  3.980895e+01
  7.662702e+00,  2.887113e+01
  7.563151e+00,  2.101955e+01
  6.997662e+00,  1.627610e+01
  5.909973e+00,  1.528388e+01
  4.404107e+00,  2.089717e+01
  2.931584e+00,  4.336001e+01
  2.836850e+00,  9.054534e+01
  4.475905e+00,  1.182945e+02
  6.500428e+00,  1.271503e+02
  8.269775e+00,  1.294406e+02
  9.503658e+00,  1.290223e+02
  1.005715e+01,  1.271434e+02
  9.884524e+00,  1.242268e+02
  9.030591e+00,  1.203370e+02
  7.620264e+00,  1.152779e+02
  5.841067e+00,  1.084805e+02
  3.920938e+00,  9.844267e+01
  2.118745e+00,  7.984700e+01
  9.172667e-01,  2.310356e+01
  1.336454e+00,  3.041322e+02
  2.154097e+00,  2.722283e+02
  2.883759e+00,  2.478358e+02
  3.713708e+00,  2.248760e+02
  4.816097e+00,  2.049902e+02
  6.166815e+00,  1.894966e+02
  7.585086e+00,  1.779651e+02
  8.838177e+00,  1.693962e+02
  9.709745e+00,  1.629741e+02
  1.003692e+01,  1.582088e+02
  9.732225e+00,  1.549181e+02
  8.796411e+00,  1.532653e+02
  7.326307e+00,  1.539949e+02
  5.531557e+00,  1.592421e+02
  3.816383e+00,  1.748814e+02
  3.013278e+00,  2.089475e+02
  3.694476e+00,  2.406762e+02
  4.936380e+00,  2.535659e+02
  5.987153e+00,  2.563241e+02
  6.599133e+00,  2.539666e+02
  6.744512e+00,  2.480429e+02
  6.525010e+00,  2.388010e+02
  6.131845e+00,  2.261598e+02
  5.784796e+00,  2.106107e+02
  5.622424e+00,  1.939797e+02
  5.604794e+00,  1.788095e+02
  5.547179e+00,  1.667606e+02
  5.248238e+00,  1.583339e+02
  4.587465e+00,  1.538999e+02
  3.572927e+00,  1.553004e+02
  2.432134e+00,  1.698903e+02
  1.991695e+00,  2.114284e+02
  2.988002e+00,  2.447849e+02
  4.493647e+00,  2.546971e+02
  5.880011e+00,  2.556373e+02
  6.896445e+00,  2.526541e+02
  7.432017e+00,  2.470848e+02
  7.480922e+00,  2.390343e+02
  7.144986e+00,  2.280131e+02
  6.634282e+00,  2.133112e+02
  6.231994e+00,  1.948604e+02
  6.166095e+00,  1.745516e+02
  6.430527e+00,  1.557094e+02
  6.783313e+00,  1.403475e+02
  6.926869e+00,  1.284424e+02
  6.639461e+00,  1.192109e+02
  5.809140e+00,  1.120025e+02
  4.428864e+00,  1.067010e+02
  2.585922e+00,  1.050164e+02
  5.942408e-01,  1.425944e+02
  2.047397e+00,  2.490738e+02
  4.299700e+00,  2.504254e+02
  6.330032e+00,  2.464092e+02
  7.971098e+00,  2.407810e+02
  9.127648e+00,  2.340482e+02
  9.776797e+00,  2.262134e+02
  9.968316e+00,  2.171513e+02
  9.812484e+00,  2.067586e+02
  9.450925e+00,  1.951071e+02
  9.010245e+00,  1.825994e+02
  8.551637e+00,  1.700060e+02
  8.046070e+00,  1.582755e+02
  7.397298e+00,  1.482628e+02
  6.499208e+00,  1.406970e+02
  5.295569e+00,  1.366278e+02
  3.838263e+00,  1.389531e+02
  2.448640e+00,  1.580642e+02
  2.258971e+00,  2.056475e+02
  3.654713e+00,  2.331522e+02
  5.407912e+00,  2.402278e+02
  6.979725e+00,  2.406599e+02
  8.154469e+00,  2.384407e+02
  8.825647e+00,  2.347848e+02
  8.963392e+00,  2.300686e+02
  8.606476e+00,  2.243257e+02
  7.853477e+00,  2.173933e+02
  6.848905e+00,  2.089745e+02
  5.762379e+00,  1.987611e+02
  4.754603e+00,  1.867381e+02
  3.932536e+00,  1.738096e+02
  3.311165e+00,  1.623557e+02
  2.835774e+00,  1.558946e+02
  2.492533e+00,  1.580494e+02
  2.423378e+00,  1.698652e+02
  2.824606e+00,  1.843502e+02
  3.650399e+00,  1.931063e+02
  4.674452e+00,  1.956003e+02
  5.688423e+00,  1.939807e+02
  6.545509e+00,  1.896730e+02
  7.159905e+00,  1.833179e+02
  7.507828e+00,  1.751283e+02
  7.625535e+00,  1.651504e+02
  7.595730e+00,  1.534884e+02
  7.516048e+00,  1.405230e+02
  7.452618e+00,  1.270175e+02
  7.400660e+00,  1.139506e+02
  7.281380e+00,  1.021657e+02
  6.978077e+00,  9.217502e+01
  6.384629e+00,  8.428536e+01
  5.443456e+00,  7.898446e+01
  4.174029e+00,  7.781404e+01
  2.736900e+00,  8.661050e+01
  1.810937e+00,  1.251634e+02
  2.640283e+00,  1.692697e+02
  4.305458e+00,  1.814010e+02
  5.963911e+00,  1.822625e+02
  7.346006e+00,  1.791351e+02
  8.320221e+00,  1.739489e+02
  8.824931e+00,  1.672530e+02
  8.859298e+00,  1.590957e+02
  8.480099e+00,  1.492546e+02
  7.795859e+00,  1.373008e+02
  6.956209e+00,  1.226513e+02
  6.133589e+00,  1.047496e+02
  5.489909e+00,  8.353163e+01
  5.124603e+00,  5.997991e+01
  5.036449e+00,  3.586701e+01
  5.154331e+00,  1.257429e+01
  5.412569e+00,  3.505716e+02
  5.787826e+00,  3.299652e+02
  6.277395e+00,  3.110207e+02
  6.857975e+00,  2.941440e+02
  7.464803e+00,  2.796135e+02
  8.001269e+00,  2.674592e+02
  8.364173e+00,  2.575464e+02
  8.468626e+00,  2.497212e+02
  8.266703e+00,  2.439293e+02
  7.760281e+00,  2.403138e+02
  7.008365e+00,  2.393047e+02
  6.134251e+00,  2.416954e+02
  5.330090e+00,  2.484602e+02
  4.831450e+00,  2.595991e+02
  4.798882e+00,  2.722476e+02
  5.171981e+00,  2.820660e+02
  5.732733e+00,  2.872078e+02
  6.280899e+00,  2.882602e+02
  6.700251e+00,  2.863404e+02
  6.945759e+00,  2.823566e+02
  7.017228e+00,  2.769949e+02
  6.936454e+00,  2.708426e+02
  6.730102e+00,  2.644851e+02
  6.420276e+00,  2.585550e+02
  6.024963e+00,  2.537518e+02
  5.568391e+00,  2.508532e+02
  5.097975e+00,  2.506919e+02
  4.699636e+00,  2.539392e+02
  4.491736e+00,  2.604209e+02
  4.569878e+00,  2.683230e+02
  4.927680e+00,  2.749127e+02
  5.451013e+00,  2.785033e+02
  5.989193e+00,  2.789072e+02
  6.414050e+00,  2.765504e+02
  6.642537e+00,  2.718143e+02
  6.641645e+00,  2.648361e+02
  6.429983e+00,  2.554987e+02
  6.077464e+00,  2.435044e+02
  5.698342e+00,  2.285977e+02
  5.425545e+00,  2.110383e+02
  5.355034e+00,  1.920671e+02
  5.485925e+00,  1.735396e+02
  5.719410e+00,  1.567763e+02
  5.919311e+00,  1.420378e+02
  5.969863e+00,  1.289126e+02
  5.800125e+00,  1.167873e+02
  5.386047e+00,  1.050444e+02
  4.743535e+00,  9.306254e+01
  3.918352e+00,  8.008881e+01
  2.976019e+00,  6.486838e+01
  2.000003e+00,  4.428128e+01
  1.151467e+00,  6.821114e+00
  1.009280e+00,  2.943080e+02
  1.771844e+00,  2.472515e+02
  2.801480e+00,  2.229341e+02
  3.932694e+00,  2.055749e+02
  5.129627e+00,  1.914162e+02
  6.354317e+00,  1.793673e+02
  7.547221e+00,  1.689751e+02
  8.630989e+00,  1.599615e+02
  9.521371e+00,  1.521260e+02
  1.013956e+01,  1.453191e+02
  1.042414e+01,  1.394363e+02
  1.034099e+01,  1.344218e+02
  9.889535e+00,  1.302819e+02
  9.105129e+00,  1.271110e+02
  8.057460e+00,  1.251417e+02
  6.846657e+00,  1.248344e+02
  5.599674e+00,  1.270215e+02
  4.469952e+00,  1.330189e+02
  3.634294e+00,  1.441029e+02
  3.241982e+00,  1.590784e+02
  3.282643e+00,  1.727238e+02
  3.572199e+00,  1.810307e+02
  3.927836e+00,  1.842187e+02
  4.253656e+00,  1.840145e+02
  4.516807e+00,  1.819658e+02
  4.712710e+00,  1.792490e+02
  4.845958e+00,  1.767696e+02
  4.924958e+00,  1.752223e+02
  4.964659e+00,  1.750931e+02
  4.990407e+00,  1.766142e+02
  5.035827e+00,  1.796866e+02
  5.130724e+00,  1.838399e+02
  5.283226e+00,  1.883403e+02
  5.467708e+00,  1.924426e+02
  5.628464e+00,  1.956308e+02
  5.696308e+00,  1.976817e+02
  5.607635e+00,  1.985787e+02
  5.318704e+00,  1.983950e+02
  4.813453e+00,  1.972094e+02
  4.105587e+00,  1.950566e+02
  3.236045e+00,  1.918863e+02
  2.266698e+00,  1.874744e+02
  1.271286e+00,  1.809849e+02
  3.294774e-01,  1.636491e+02
  5.333900e-01,  9.476463e-01
  1.232004e+00,  3.464913e+02
  1.792939e+00,  3.341327e+02
  2.252507e+00,  3.205413e+02
  2.674775e+00,  3.058226e+02
  3.117257e+00,  2.909741e+02
  3.594527e+00,  2.771222e+02
  4.065993e+00,  2.648873e+02
  4.452926e+00,  2.542682e+02
  4.666043e+00,  2.448729e+02
  4.629061e+00,  2.361053e+02
  4.295839e+00,  2.271432e+02
  3.665641e+00,  2.165836e+02
  2.811127e+00,  2.012042e+02
  1.982912e+00,  1.722286e+02
  1.875706e+00,  1.229605e+02
  2.807649e+00,  8.719469e+01
  4.123326e+00,  6.993967e+01
  5.433410e+00,  6.012847e+01
  6.565669e+00,  5.344074e+01
  7.423115e+00,  4.828369e+01
  7.954201e+00,  4.395760e+01
  8.146513e+00,  4.010403e+01
  8.023009e+00,  3.652049e+01
  7.636246e+00,  3.309587e+01
  7.059899e+00,  2.979861e+01
  6.378244e+00,  2.669855e+01
  5.675177e+00,  2.401412e+01
  5.025131e+00,  2.216276e+01
  4.488753e+00,  2.175190e+01
  4.114769e+00,  2.339881e+01
  3.943822e+00,  2.731426e+01
  4.003858e+00,  3.289601e+01
  4.294375e+00,  3.890945e+01
  4.776760e+00,  4.426456e+01
  5.383657e+00,  4.850864e+01
  6.036431e+00,  5.168575e+01
  6.658632e+00,  5.401664e+01
  7.184893e+00,  5.570819e+01
  7.562673e+00,  5.688445e+01
  7.753810e+00,  5.757996e+01
  7.735985e+00,  5.774492e+01
  7.503794e+00,  5.724398e+01
  7.069756e+00,  5.584125e+01
  6.465705e+00,  5.316676e+01
  5.745073e+00,  4.866396e+01
  4.986353e+00,  4.154739e+01
  4.295645e+00,  3.091648e+01
  3.796186e+00,  1.640910e+01
  3.578502e+00,  3.594518e+02
  3.623771e+00,  3.431388e+02
  3.803583e+00,  3.296492e+02
  3.968699e+00,  3.190560e+02
  4.012761e+00,  3.103924e+02
  3.884183e+00,  3.025351e+02
  3.580690e+00,  2.943641e+02
  3.144448e+00,  2.846023e+02
  2.660972e+00,  2.716316e+02
  2.256061e+00,  2.539117e+02
  2.057657e+00,  2.323156e+02
  2.088060e+00,  2.119505e+02
  2.222138e+00,  1.971371e+02
  2.305092e+00,  1.880877e+02
  2.238385e+00,  1.837434e+02
  1.986235e+00,  1.838851e+02
  1.573795e+00,  1.904111e+02
  1.125781e+00,  2.105589e+02
  1.005157e+00,  2.529033e+02
  1.462975e+00,  2.865665e+02
  2.153810e+00,  3.010007e+02
  2.830356e+00,  3.075360e+02
  3.381587e+00,  3.108747e+02
  3.745501e+00,  3.126207e+02
  3.889309e+00,  3.133386e+02
  3.805078e+00,  3.131431e+02
  3.507815e+00,  3.118330e+02
  3.034190e+00,  3.088014e+02
  2.444149e+00,  3.026499e+02
  1.834140e+00,  2.901802e+02
  1.382043e+00,  2.654986e+02
  1.344970e+00,  2.306270e+02
  1.703684e+00,  2.046103e+02
  2.178596e+00,  1.900168e+02
  2.597999e+00,  1.807086e+02
  2.891264e+00,  1.730364e+02
  3.040694e+00,  1.649919e+02
  3.072172e+00,  1.551558e+02
  3.059249e+00,  1.424916e+02
  3.118000e+00,  1.269369e+02
  3.361951e+00,  1.102609e+02
  3.825060e+00,  9.522575e+01
  4.439074e+00,  8.337817e+01
  5.084145e+00,  7.464028e+01
  5.638733e+00,  6.831856e+01
  6.001944e+00,  6.377596e+01
  6.102351e+00,  6.061315e+01
  5.903152e+00,  5.868827e+01
  5.406151e+00,  5.815597e+01
  4.655925e+00,  5.963182e+01
  3.749193e+00,  6.465029e+01
  2.865275e+00,  7.658538e+01
  2.328919e+00,  9.959252e+01
  2.467433e+00,  1.262631e+02
  3.113752e+00,  1.418898e+02
  3.893653e+00,  1.469732e+02
  4.616793e+00,  1.458864e+02
  5.230497e+00,  1.410280e+02
  5.751051e+00,  1.336571e+02
  6.222698e+00,  1.246851e+02
  6.682465e+00,  1.149706e+02
  7.132598e+00,  1.052963e+02
  7.531720e+00,  9.622837e+01
  7.807408e+00,  8.804513e+01
  7.880503e+00,  8.078495e+01
  7.686070e+00,  7.434057e+01
  7.188399e+00,  6.853171e+01
  6.388581e+00,  6.313415e+01
  5.325257e+00,  5.785423e+01
  4.070264e+00,  5.219721e+01
  2.722009e+00,  4.494142e+01
  1.408852e+00,  3.098582e+01
  5.224998e-01,  3.253814e+02
  1.132754e+00,  2.539434e+02
  1.875429e+00,  2.399662e+02
  2.354044e+00,  2.340312e+02
  2.538045e+00,  2.306637e+02
  2.451112e+00,  2.288973e+02
  2.150091e+00,  2.288526e+02
  1.717043e+00,  2.315030e+02
  1.255564e+00,  2.392985e+02
  8.949826e-01,  2.566863e+02
  7.622492e-01,  2.825440e+02
  8.198938e-01,  3.006670e+02
  9.060480e-01,  3.049548e+02
  9.513025e-01,  2.991501e+02
  9.768920e-01,  2.863122e+02
  1.030889e+00,  2.699989e+02
  1.125815e+00,  2.548128e+02
  1.219931e+00,  2.438004e+02
  1.251768e+00,  2.379430e+02
  1.182591e+00,  2.382580e+02
  1.035766e+00,  2.480325e+02
  9.629516e-01,  2.719345e+02
  1.204631e+00,  2.997337e+02
  1.749152e+00,  3.150273e+02
  2.416034e+00,  3.203735e+02
  3.064075e+00,  3.205679e+02
  3.591422e+00,  3.177386e+02
  3.926218e+00,  3.125871e+02
  4.032214e+00,  3.050698e+02
  3.921176e+00,  2.945813e+02
  3.670348e+00,  2.800058e+02
  3.439133e+00,  2.602404e+02
  3.441597e+00,  2.361902e+02
  3.805302e+00,  2.122091e+02
  4.451296e+00,  1.921381e+02
  5.189074e+00,  1.762385e+02
  5.844875e+00,  1.631522e+02
  6.299409e+00,  1.515728e+02
  6.487483e+00,  1.405331e+02
  6.393183e+00,  1.292873e+02
  6.044814e+00,  1.171740e+02
  5.508332e+00,  1.035228e+02
  4.878265e+00,  8.763106e+01
  4.260869e+00,  6.888531e+01
  3.750043e+00,  4.707627e+01
  3.399290e+00,  2.273186e+01
  3.210167e+00,  3.569090e+02
  3.160408e+00,  3.304633e+02
  3.250067e+00,  3.039110e+02
  3.511341e+00,  2.781277e+02
  3.966559e+00,  2.545361e+02
  4.583606e+00,  2.342146e+02
  5.276224e+00,  2.172882e+02
  5.933502e+00,  2.032423e+02
  6.446724e+00,  1.914156e+02
  6.725817e+00,  1.812404e+02
  6.708735e+00,  1.722970e+02
  6.366391e+00,  1.643052e+02
  5.703934e+00,  1.571170e+02
  4.758733e+00,  1.507528e+02
  3.595805e+00,  1.455811e+02
  2.303905e+00,  1.431849e+02
  1.021606e+00,  1.536253e+02
  6.878694e-01,  2.465727e+02
  1.742498e+00,  2.710046e+02
  2.749611e+00,  2.698951e+02
  3.559452e+00,  2.645791e+02
  4.144081e+00,  2.577114e+02
  4.506189e+00,  2.500496e+02
  4.666701e+00,  2.419991e+02
  4.655998e+00,  2.339491e+02
  4.506138e+00,  2.264003e+02
  4.246941e+00,  2.200405e+02
  3.909856e+00,  2.158129e+02
  3.542678e+00,  2.149648e+02
  3.233561e+00,  2.188234e+02
  3.122363e+00,  2.275357e+02
  3.338998e+00,  2.381234e+02
  3.884662e+00,  2.462125e+02
  4.631732e+00,  2.501308e+02
  5.422097e+00,  2.505653e+02
  6.119109e+00,  2.485907e+02
  6.616131e+00,  2.449666e+02
  6.837202e+00,  2.401206e+02
  6.738564e+00,  2.342409e+02
  6.310031e+00,  2.273308e+02
  5.574611e+00,  2.191968e+02
  4.586099e+00,  2.093197e+02
  3.427119e+00,  1.963744e+02
  2.222379e+00,  1.762335e+02
  1.273864e+00,  1.329522e+02
  1.418039e+00,  6.336982e+01
  2.394285e+00,  2.673522e+01
  3.492186e+00,  5.742433e+00
  4.571243e+00,  3.491659e+02
  5.612908e+00,  3.343573e+02
  6.608470e+00,  3.206613e+02
  7.528832e+00,  3.079407e+02
  8.317446e+00,  2.961513e+02
  8.897499e+00,  2.852107e+02
  9.186980e+00,  2.749740e+02
  9.115698e+00,  2.652389e+02
  8.640155e+00,  2.557418e+02
  7.754226e+00,  2.461163e+02
  6.495467e+00,  2.357570e+02
  4.950276e+00,  2.233796e+02
  3.275258e+00,  2.052691e+02
  1.859204e+00,  1.670205e+02
  1.873294e+00,  9.847444e+01
  3.127202e+00,  6.198351e+01
  4.442423e+00,  4.351254e+01
  5.509244e+00,  2.979505e+01
  6.254287e+00,  1.731851e+01
  6.686617e+00,  4.806898e+00
  6.865754e+00,  3.517019e+02
  6.877363e+00,  3.378592e+02
  6.802077e+00,  3.235121e+02
  6.682784e+00,  3.092113e+02
  6.506513e+00,  2.956163e+02
  6.214562e+00,  2.832495e+02
  5.733610e+00,  2.723944e+02
  5.008766e+00,  2.631890e+02
  4.025708e+00,  2.558817e+02
  2.821353e+00,  2.515073e+02
  1.502029e+00,  2.556925e+02
  6.321162e-01,  3.207314e+02
  1.583350e+00,  1.332720e+01
  2.720274e+00,  1.625136e+01
  3.612231e+00,  1.223636e+01
  4.168843e+00,  5.654370e+00
  4.369592e+00,  3.570928e+02
  4.256441e+00,  3.462069e+02
  3.935877e+00,  3.322011e+02
  3.570959e+00,  3.143260e+02
  3.334950e+00,  2.931826e+02
  3.302933e+00,  2.718124e+02
  3.378960e+00,  2.536108e+02
  3.377772e+00,  2.397200e+02
  3.144489e+00,  2.298018e+02
  2.603529e+00,  2.238487e+02
  1.773404e+00,  2.246193e+02
  8.894420e-01,  2.524055e+02
  1.190725e+00,  3.235093e+02
  2.398590e+00,  3.383150e+02
  3.620430e+00,  3.373600e+02
  4.649443e+00,  3.319073e+02
  5.394603e+00,  3.238192e+02
  5.842034e+00,  3.132811e+02
  6.062987e+00,  3.000574e+02
  6.209006e+00,  2.841102e+02
  6.463174e+00,  2.662524e+02
  6.938582e+00,  2.482692e+02
  7.597168e+00,  2.319075e+02
  8.273978e+00,  2.178752e+02
  8.765091e+00,  2.059492e+02
  8.896868e+00,  1.955285e+02
  8.559418e+00,  1.859407e+02
  7.719199e+00,  1.764608e+02
  6.422552e+00,  1.660946e+02
  4.800295e+00,  1.528696e+02
  3.109110e+00,  1.311642e+02
  1.997687e+00,  8.475471e+01
  2.463510e+00,  2.892316e+01
  3.649349e+00,  9.628485e-01
  4.665544e+00,  3.445398e+02
  5.272931e+00,  3.311542e+02
  5.441598e+00,  3.177139e+02
  5.261142e+00,  3.023856e+02
  4.922554e+00,  2.837859e+02
  4.675663e+00,  2.616731e+02
  4.701282e+00,  2.382218e+02
  4.962185e+00,  2.167780e+02
  5.240864e+00,  1.987085e+02
  5.308441e+00,  1.831503e+02
  5.028038e+00,  1.682819e+02
  4.393381e+00,  1.515168e+02
  3.581809e+00,  1.284976e+02
  3.077845e+00,  9.392675e+01
  3.491182e+00,  5.571870e+01
  4.662330e+00,  2.949870e+01
  6.002593e+00,  1.357581e+01
  7.121415e+00,  2.971565e+00
  7.797200e+00,  3.551412e+02
  7.914425e+00,  3.489164e+02
  7.444968e+00,  3.437474e+02
  6.439959e+00,  3.394211e+02
  5.019153e+00,  3.360465e+02
  3.356038e+00,  3.344832e+02
  1.671221e+00,  3.395060e+02
  5.554905e-01,  4.641303e+01
  1.404407e+00,  1.057995e+02
  2.198503e+00,  1.074744e+02
  2.540739e+00,  1.002293e+02
  2.473595e+00,  8.599969e+01
  2.241919e+00,  6.122001e+01
  2.334779e+00,  2.605800e+01
  3.050513e+00,  3.552313e+02
  4.110310e+00,  3.352023e+02
  5.149887e+00,  3.215210e+02
  5.930319e+00,  3.105465e+02
  6.319171e+00,  3.002412e+02
  6.283363e+00,  2.891685e+02
  5.898397e+00,  2.759134e+02
  5.360396e+00,  2.589651e+02
  4.967177e+00,  2.376876e+02
  4.974787e+00,  2.145664e+02
  5.358670e+00,  1.943370e+02
  5.827845e+00,  1.792604e+02
  6.064900e+00,  1.687996e+02
  5.856372e+00,  1.619840e+02
  5.112675e+00,  1.586162e+02
  3.874255e+00,  1.603669e+02
  2.399208e+00,  1.759019e+02
  1.821266e+00,  2.302908e+02
  3.229129e+00,  2.678727e+02
  5.113778e+00,  2.768686e+02
  6.779928e+00,  2.780774e+02
  7.966126e+00,  2.763470e+02
  8.534614e+00,  2.729041e+02
  8.440531e+00,  2.679540e+02
  7.731249e+00,  2.611497e+02
  6.548671e+00,  2.514858e+02
  5.140676e+00,  2.367437e+02
  3.902262e+00,  2.128665e+02
  3.365175e+00,  1.784825e+02
  3.679271e+00,  1.456609e+02
  4.301082e+00,  1.225659e+02
  4.749528e+00,  1.054183e+02
  4.856221e+00,  8.987969e+01
  4.670699e+00,  7.296101e+01
  4.404109e+00,  5.267783e+01
  4.345699e+00,  2.944412e+01
  4.647124e+00,  7.295964e+00
  5.162428e+00,  3.500772e+02
  5.594220e+00,  3.383341e+02
  5.688703e+00,  3.312141e+02
  5.306666e+00,  3.284114e+02
  4.452553e+00,  3.312991e+02
  3.365818e+00,  3.452519e+02
  2.836056e+00,  1.931164e+01
  3.794128e+00,  5.351281e+01
  5.627151e+00,  6.866981e+01
  7.548201e+00,  7.412894e+01
  9.162960e+00,  7.556617e+01
  1.024383e+01,  7.503009e+01
  1.066427e+01,  7.329570e+01
  1.038916e+01,  7.063832e+01
  9.470915e+00,  6.707256e+01
  8.039730e+00,  6.239742e+01
  6.285641e+00,  5.610989e+01
  4.434709e+00,  4.708430e+01
  2.725419e+00,  3.249592e+01
  1.408051e+00,  3.597078e+00
  8.326015e-01,  3.009114e+02
  1.007548e+00,  2.380257e+02
  1.419475e+00,  1.934687e+02
  2.173784e+00,  1.591651e+02
  3.346756e+00,  1.366714e+02
  4.777035e+00,  1.225914e+02
  6.228160e+00,  1.133695e+02
  7.464581e+00,  1.070210e+02
  8.283066e+00,  1.025651e+02
  8.536379e+00,  9.957380e+01
  8.152279e+00,  9.800592e+01
  7.147273e+00,  9.828188e+01
  5.640280e+00,  1.018022e+02
  3.898786e+00,  1.129851e+02
  2.587286e+00,  1.447375e+02
  2.913298e+00,  1.905204e+02
  4.330380e+00,  2.115545e+02
  5.707251e+00,  2.181697e+02
  6.642883e+00,  2.191524e+02
  7.008670e+00,  2.170465e+02
  6.810662e+00,  2.123669e+02
  6.164369e+00,  2.046666e+02
  5.289419e+00,  1.927609e+02
  4.496284e+00,  1.753413e+02
  4.088859e+00,  1.536055e+02
  4.113743e+00,  1.332210e+02
  4.287322e+00,  1.188015e+02
  4.284893e+00,  1.107230e+02
  3.935998e+00,  1.085059e+02
  3.256802e+00,  1.136037e+02
  2.514343e+00,  1.316784e+02
  2.366383e+00,  1.659749e+02
  3.165389e+00,  1.936144e+02
  4.321639e+00,  2.060018e+02
  5.322142e+00,  2.106934e+02
  5.897105e+00,  2.116921e+02
  5.907866e+00,  2.103479e+02
  5.318345e+00,  2.066858e+02
  4.199739e+00,  1.992126e+02
  2.787242e+00,  1.818675e+02
  1.865227e+00,  1.346709e+02
  2.717467e+00,  8.334828e+01
  4.318871e+00,  6.354682e+01
  5.766459e+00,  5.457121e+01
  6.754673e+00,  4.917628e+01
  7.144122e+00,  4.529062e+01
  6.894843e+00,  4.215421e+01
  6.053714e+00,  3.944963e+01
  4.743165e+00,  3.709483e+01
  3.143704e+00,  3.536594e+01
  1.472791e+00,  3.648373e+01
  2.330754e-01,  1.348093e+02
  1.309772e+00,  1.891878e+02
  2.048402e+00,  1.853606e+02
  2.299360e+00,  1.744352e+02
  2.219321e+00,  1.535995e+02
  2.317357e+00,  1.199102e+02
  3.167804e+00,  8.780423e+01
  4.639792e+00,  6.854677e+01
  6.314053e+00,  5.758704e+01
  7.861076e+00,  5.069826e+01
  9.033985e+00,  4.592026e+01
  9.655885e+00,  4.234956e+01
  9.625441e+00,  3.953664e+01
  8.924217e+00,  3.724860e+01
  7.614383e+00,  3.537602e+01
  5.828812e+00,  3.392265e+01
  3.753597e+00,  3.314659e+01
  1.606353e+00,  3.496436e+01
  4.441377e-01,  1.858347e+02
  2.093616e+00,  2.016889e+02
  3.282388e+00,  2.019548e+02
  3.903884e+00,  2.010556e+02
  3.942794e+00,  1.997061e+02
  3.455913e+00,  1.979333e+02
  2.562891e+00,  1.953813e+02
  1.431460e+00,  1.903224e+02
  3.033169e-01,  1.546959e+02
  8.595652e-01,  2.888790e+01
  1.612102e+00,  2.016799e+01
  1.961451e+00,  1.563785e+01
  1.845588e+00,  1.040378e+01
  1.290511e+00,  3.594628e+02
  6.044146e-01,  3.082158e+02
  1.305984e+00,  2.309830e+02
  2.672666e+00,  2.165058e+02
  4.062107e+00,  2.121859e+02
  5.277380e+00,  2.108686e+02
  6.184819e+00,  2.112015e+02
  6.707997e+00,  2.129269e+02
  6.836371e+00,  2.161788e+02
  6.630807e+00,  2.213138e+02
  6.220777e+00,  2.287705e+02
  5.783650e+00,  2.387064e+02
  5.488395e+00,  2.503162e+02
  5.407113e+00,  2.615218e+02
  5.471068e+00,  2.699956e+02
  5.537477e+00,  2.743917e+02
  5.497565e+00,  2.742499e+02
  5.342289e+00,  2.693499e+02
  5.178005e+00,  2.596526e+02
  5.184929e+00,  2.461472e+02
  5.493561e+00,  2.315568e+02
  6.061120e+00,  2.188677e+02
  6.698649e+00,  2.093404e+02
  7.189389e+00,  2.027756e+02
  7.365382e+00,  1.986151e+02
  7.133331e+00,  1.965019e+02
  6.480589e+00,  1.964765e+02
  5.476725e+00,  1.991966e+02
  4.281122e+00,  2.065013e+02
  3.177989e+00,  2.224053e+02
  2.614592e+00,  2.500997e+02
  2.826998e+00,  2.775444e+02
  3.373655e+00,  2.925601e+02
  3.783232e+00,  2.980428e+02
  3.857724e+00,  2.974202e+02
  3.582276e+00,  2.912580e+02
  3.097367e+00,  2.776485e+02
  2.739290e+00,  2.536819e+02
  2.934318e+00,  2.242649e+02
  3.689830e+00,  2.019069e+02
  4.631454e+00,  1.883807e+02
  5.446866e+00,  1.800690e+02
  5.953470e+00,  1.745007e+02
  6.060716e+00,  1.703989e+02
  5.750090e+00,  1.670596e+02
  5.063745e+00,  1.639951e+02
  4.092797e+00,  1.606869e+02
  2.963673e+00,  1.561981e+02
  1.827521e+00,  1.478465e+02
  8.883196e-01,  1.238720e+02
  6.404599e-01,  5.789317e+01
  9.855453e-01,  2.576974e+01
  1.190461e+00,  2.065733e+01
  1.152787e+00,  2.688519e+01
  9.847157e-01,  4.661709e+01
  9.766531e-01,  8.211865e+01
  1.327488e+00,  1.123936e+02
  1.840175e+00,  1.284516e+02
  2.298142e+00,  1.373753e+02
  2.576767e+00,  1.435603e+02
  2.612091e+00,  1.491838e+02
  2.392199e+00,  1.559641e+02
  1.963689e+00,  1.665438e+02
  1.467107e+00,  1.868717e+02
  1.237915e+00,  2.245395e+02
  1.577765e+00,  2.607206e+02
  2.206598e+00,  2.793771e+02
  2.819142e+00,  2.886286e+02
  3.279423e+00,  2.938439e+02
  3.532563e+00,  2.971634e+02
  3.572652e+00,  2.995333e+02
  3.431239e+00,  3.014438e+02
  3.168115e+00,  3.031768e+02
  2.860649e+00,  3.048649e+02
  2.591651e+00,  3.064441e+02
  2.437010e+00,  3.075851e+02
  2.455388e+00,  3.078207e+02
  2.681905e+00,  3.069711e+02
  3.124705e+00,  3.053702e+02
  3.762879e+00,  3.035353e+02
  4.547860e+00,  3.018033e+02
  5.409629e+00,  3.002883e+02
  6.266201e+00,  2.989850e+02
  7.034356e+00,  2.978495e+02
  7.640092e+00,  2.968348e+02
  8.027510e+00,  2.959013e+02
  8.165051e+00,  2.950200e+02
  8.048341e+00,  2.941737e+02
  7.699391e+00,  2.933606e+02
  7.162478e+00,  2.926001e+02
  6.497456e+00,  2.919434e+02
  5.771589e+00,  2.914852e+02
  5.051057e+00,  2.913740e+02
  4.393225e+00,  2.918062e+02
  3.840458e+00,  2.929810e+02
  3.415696e+00,  2.950019e+02
  3.119657e+00,  2.977718e+02
  2.930205e+00,  3.009991e+02
  2.805572e+00,  3.043788e+02
  2.692175e+00,  3.078238e+02
  2.535193e+00,  3.116049e+02
  2.289556e+00,  3.164799e+02
  1.929982e+00,  3.241490e+02
  1.443310e+00,  3.394003e+02
  8.461323e-01,  3.555002e+01
##END=
