##TITLE= E:\桌面\nmr\ogm\sjd\matlabcod\1_unitary\2_3_xjhsjd
##JCAMP-DX= 5.00 Bruker JCAMP library
##DATA TYPE= Shape Data
##ORIGIN= Colm's GRAPE Pulses 
##OWNER= Dawei.Lu
##DATE= 02-Aug-2025
##TIME= 13:23
##MINX= 4.840861e-01
##MAXX= 1.907358e+01
##MINY= 7.808701e-02
##MAXY= 3.585567e+02
##$SHAPE_EXMODE= None
##$SHAPE_TOTROT= 9.000000e+01
##$SHAPE_BWFAC= 1.000000e+00
##$SHAPE_INTEGFAC= 1.000000e+00
##$SHAPE_MODE= 1
##PULSE_WIDTH= 2000
##Calibration_Power= 12500
##NPOINTS= 200
##XYPOINTS= (XY..XY)
  4.800485e+00,  1.705815e+02
  6.181598e+00,  1.713116e+02
  5.989318e+00,  1.655022e+02
  2.703333e+00,  1.406109e+02
  1.918608e+00,  4.632492e+01
  3.175611e+00,  1.759494e+01
  2.992798e+00,  1.610339e+01
  2.025806e+00,  2.871942e+01
  1.348073e+00,  4.160394e+01
  1.387320e+00,  3.579015e+02
  3.514394e+00,  3.222193e+02
  6.534517e+00,  3.104251e+02
  8.770845e+00,  3.023163e+02
  9.042185e+00,  2.941830e+02
  7.164694e+00,  2.851010e+02
  4.033830e+00,  2.763908e+02
  1.276610e+00,  2.977866e+02
  2.532046e+00,  3.574153e+02
  5.667877e+00,  3.392715e+02
  9.631256e+00,  3.186325e+02
  1.321003e+01,  3.011161e+02
  1.482369e+01,  2.845724e+02
  1.367595e+01,  2.660644e+02
  1.036932e+01,  2.410363e+02
  6.876406e+00,  2.006657e+02
  5.489182e+00,  1.419242e+02
  5.803985e+00,  8.601561e+01
  6.707685e+00,  3.547596e+01
  8.454206e+00,  3.532871e+02
  9.901917e+00,  3.230931e+02
  9.285756e+00,  3.002295e+02
  5.916799e+00,  2.789616e+02
  8.525791e-01,  2.088004e+02
  5.533403e+00,  7.814070e+01
  1.038411e+01,  5.422870e+01
  1.359921e+01,  2.986534e+01
  1.548412e+01,  3.689171e+00
  1.632967e+01,  3.378401e+02
  1.559454e+01,  3.144466e+02
  1.248240e+01,  2.936355e+02
  7.015286e+00,  2.736729e+02
  4.840861e-01,  2.081475e+02
  5.943758e+00,  6.319206e+01
  1.039780e+01,  4.052761e+01
  1.273280e+01,  1.614508e+01
  1.339592e+01,  3.498303e+02
  1.269218e+01,  3.236428e+02
  1.027791e+01,  2.992843e+02
  5.845497e+00,  2.754245e+02
  6.987571e-01,  1.605968e+02
  6.277661e+00,  7.034060e+01
  1.095831e+01,  4.793516e+01
  1.335131e+01,  2.532589e+01
  1.352472e+01,  1.632548e-01
  1.212178e+01,  3.323775e+02
  9.486162e+00,  3.030823e+02
  5.456150e+00,  2.699014e+02
  1.825826e+00,  1.592285e+02
  7.205873e+00,  7.860977e+01
  1.300777e+01,  5.126811e+01
  1.709677e+01,  2.734158e+01
  1.898897e+01,  2.584413e+00
  1.907358e+01,  3.359970e+02
  1.793718e+01,  3.082380e+02
  1.566020e+01,  2.805257e+02
  1.198630e+01,  2.523800e+02
  7.196627e+00,  2.175175e+02
  3.713845e+00,  1.426320e+02
  6.154948e+00,  6.316075e+01
  9.395574e+00,  2.664015e+01
  1.122426e+01,  3.577361e+02
  1.180742e+01,  3.302269e+02
  1.148917e+01,  3.047620e+02
  1.019317e+01,  2.837115e+02
  7.790591e+00,  2.699049e+02
  4.863155e+00,  2.711809e+02
  3.552737e+00,  3.042799e+02
  4.904499e+00,  3.244106e+02
  6.138807e+00,  3.176904e+02
  6.307317e+00,  3.010179e+02
  5.477414e+00,  2.812194e+02
  3.676417e+00,  2.653276e+02
  1.275809e+00,  2.972419e+02
  3.982030e+00,  8.423885e+00
  8.511836e+00,  7.808701e-02
  1.255472e+01,  3.449467e+02
  1.519525e+01,  3.272814e+02
  1.611710e+01,  3.073354e+02
  1.557376e+01,  2.852445e+02
  1.396281e+01,  2.617632e+02
  1.140397e+01,  2.376804e+02
  7.864572e+00,  2.114219e+02
  3.910341e+00,  1.684460e+02
  3.652541e+00,  7.017093e+01
  7.298038e+00,  2.633016e+01
  1.030507e+01,  3.322444e+00
  1.197466e+01,  3.436818e+02
  1.253160e+01,  3.241782e+02
  1.243509e+01,  3.046040e+02
  1.189227e+01,  2.860309e+02
  1.073122e+01,  2.692174e+02
  8.708090e+00,  2.534644e+02
  5.867316e+00,  2.357951e+02
  2.766142e+00,  2.035503e+02
  1.945680e+00,  1.032453e+02
  4.059261e+00,  5.332275e+01
  5.857621e+00,  2.516286e+01
  7.321471e+00,  3.580496e+02
  8.763101e+00,  3.320780e+02
  9.955739e+00,  3.091322e+02
  1.029648e+01,  2.885234e+02
  9.471061e+00,  2.676296e+02
  7.860484e+00,  2.428858e+02
  6.407800e+00,  2.119377e+02
  5.708430e+00,  1.800691e+02
  5.235980e+00,  1.560788e+02
  4.378582e+00,  1.407524e+02
  3.268467e+00,  1.303080e+02
  2.433583e+00,  1.171763e+02
  2.344054e+00,  9.326098e+01
  3.057391e+00,  6.852804e+01
  3.864324e+00,  4.840566e+01
  3.929094e+00,  2.494911e+01
  3.314967e+00,  3.427706e+02
  4.176647e+00,  2.802770e+02
  6.962770e+00,  2.406055e+02
  9.578678e+00,  2.137859e+02
  1.102829e+01,  1.876846e+02
  1.155843e+01,  1.581578e+02
  1.190624e+01,  1.265255e+02
  1.188807e+01,  9.690132e+01
  1.039827e+01,  6.946756e+01
  6.982412e+00,  3.659956e+01
  4.023416e+00,  3.245574e+02
  7.018816e+00,  2.493668e+02
  1.108116e+01,  2.148198e+02
  1.364086e+01,  1.862385e+02
  1.502728e+01,  1.569609e+02
  1.590599e+01,  1.285197e+02
  1.579455e+01,  1.041350e+02
  1.357180e+01,  8.462966e+01
  8.971756e+00,  6.994877e+01
  3.211488e+00,  7.043455e+01
  3.105588e+00,  1.762185e+02
  6.776113e+00,  1.693967e+02
  8.920591e+00,  1.445260e+02
  1.032669e+01,  1.149951e+02
  1.102438e+01,  8.770308e+01
  9.805197e+00,  6.412332e+01
  5.931044e+00,  3.847116e+01
  1.918033e+00,  2.966929e+02
  6.998569e+00,  2.191875e+02
  1.139681e+01,  1.943624e+02
  1.316755e+01,  1.696847e+02
  1.303015e+01,  1.399901e+02
  1.240820e+01,  1.066847e+02
  1.119142e+01,  7.504005e+01
  8.047184e+00,  4.359161e+01
  3.735297e+00,  3.406214e+02
  6.738755e+00,  2.438550e+02
  1.216250e+01,  2.118543e+02
  1.489536e+01,  1.886344e+02
  1.448322e+01,  1.630543e+02
  1.254634e+01,  1.306411e+02
  1.091789e+01,  9.333944e+01
  9.118548e+00,  5.751945e+01
  5.928347e+00,  1.552657e+01
  4.623188e+00,  2.904922e+02
  8.763452e+00,  2.353122e+02
  1.195331e+01,  2.095881e+02
  1.167465e+01,  1.877225e+02
  8.365823e+00,  1.587542e+02
  5.167904e+00,  1.018978e+02
  5.922629e+00,  3.167865e+01
  7.558189e+00,  3.439999e+02
  9.252333e+00,  2.982658e+02
  1.254271e+01,  2.597750e+02
  1.596722e+01,  2.342074e+02
  1.694406e+01,  2.165007e+02
  1.442211e+01,  2.021990e+02
  9.328673e+00,  1.886033e+02
  3.825604e+00,  1.746569e+02
  5.366435e-01,  2.590948e+02
  3.000119e+00,  2.717740e+02
  6.117384e+00,  2.411459e+02
  9.487547e+00,  2.211797e+02
  1.118218e+01,  2.086553e+02
  9.920964e+00,  2.005455e+02
  6.093514e+00,  1.975837e+02
  1.856527e+00,  2.250324e+02
  2.571849e+00,  3.119623e+02
  3.337318e+00,  3.005744e+02
  3.422708e+00,  2.498109e+02
  5.581303e+00,  2.052393e+02
  7.432843e+00,  1.847421e+02
  6.631467e+00,  1.695434e+02
  3.169491e+00,  1.387528e+02
  3.589309e+00,  2.538028e+01
  7.528407e+00,  3.585567e+02
  5.857817e+00,  3.459756e+02
##END=
