##TITLE= E:\桌面\nmr\ogm\sjd\matlabcod\1\2_4_xjhsjd
##JCAMP-DX= 5.00 Bruker JCAMP library
##DATA TYPE= Shape Data
##ORIGIN= Colm's GRAPE Pulses 
##OWNER= Dawei.Lu
##DATE= 02-Aug-2025
##TIME= 11:36
##MINX= 1.448709e-01
##MAXX= 1.258461e+01
##MINY= 1.654723e-01
##MAXY= 3.599539e+02
##$SHAPE_EXMODE= None
##$SHAPE_TOTROT= 9.000000e+01
##$SHAPE_BWFAC= 1.000000e+00
##$SHAPE_INTEGFAC= 1.000000e+00
##$SHAPE_MODE= 1
##PULSE_WIDTH= 5000
##Calibration_Power= 12500
##NPOINTS= 1000
##XYPOINTS= (XY..XY)
  2.415452e+00,  1.424043e+02
  3.863243e+00,  1.522390e+02
  5.563401e+00,  1.601437e+02
  5.860464e+00,  1.641794e+02
  5.618002e+00,  1.658630e+02
  4.928993e+00,  1.645019e+02
  3.904798e+00,  1.577557e+02
  2.850842e+00,  1.390613e+02
  2.521525e+00,  1.018283e+02
  3.422384e+00,  7.076990e+01
  4.851314e+00,  5.744883e+01
  6.236933e+00,  5.264379e+01
  7.324041e+00,  5.169424e+01
  7.989573e+00,  5.290869e+01
  8.190306e+00,  5.566502e+01
  7.946945e+00,  5.977931e+01
  7.331885e+00,  6.529061e+01
  6.453515e+00,  7.237436e+01
  5.435951e+00,  8.128288e+01
  4.394805e+00,  9.225921e+01
  3.411574e+00,  1.054170e+02
  2.514561e+00,  1.207407e+02
  1.681860e+00,  1.388305e+02
  8.884890e-01,  1.657955e+02
  4.515794e-01,  2.524392e+02
  1.121214e+00,  3.155010e+02
  1.985538e+00,  3.355134e+02
  2.787844e+00,  3.486939e+02
  3.435888e+00,  1.654723e-01
  3.876201e+00,  1.173036e+01
  4.108360e+00,  2.460834e+01
  4.204659e+00,  3.978772e+01
  4.312995e+00,  5.755977e+01
  4.604909e+00,  7.659209e+01
  5.161490e+00,  9.418896e+01
  5.908351e+00,  1.083623e+02
  6.673439e+00,  1.187848e+02
  7.274094e+00,  1.259467e+02
  7.566146e+00,  1.303207e+02
  7.467320e+00,  1.320211e+02
  6.975526e+00,  1.306257e+02
  6.195711e+00,  1.249325e+02
  5.388949e+00,  1.128766e+02
  5.006514e+00,  9.354107e+01
  5.453343e+00,  7.237420e+01
  6.631861e+00,  5.698090e+01
  8.118392e+00,  4.820819e+01
  9.553725e+00,  4.380237e+01
  1.070658e+01,  4.196564e+01
  1.143713e+01,  4.163825e+01
  1.167189e+01,  4.218419e+01
  1.139080e+01,  4.316039e+01
  1.061926e+01,  4.416868e+01
  9.420337e+00,  4.472427e+01
  7.891340e+00,  4.405075e+01
  6.171020e+00,  4.060787e+01
  4.481215e+00,  3.086128e+01
  3.269823e+00,  7.787490e+00
  3.235273e+00,  3.339448e+02
  4.251649e+00,  3.120337e+02
  5.535363e+00,  3.030532e+02
  6.661871e+00,  3.001690e+02
  7.448819e+00,  3.000909e+02
  7.809990e+00,  3.014149e+02
  7.713644e+00,  3.034574e+02
  7.170542e+00,  3.058004e+02
  6.228254e+00,  3.080634e+02
  4.966157e+00,  3.096538e+02
  3.492931e+00,  3.090822e+02
  1.969989e+00,  3.003860e+02
  9.689926e-01,  2.483018e+02
  1.794843e+00,  1.926935e+02
  3.069137e+00,  1.841081e+02
  4.188939e+00,  1.850497e+02
  5.047472e+00,  1.889755e+02
  5.601656e+00,  1.943009e+02
  5.830573e+00,  2.004552e+02
  5.726624e+00,  2.072103e+02
  5.291188e+00,  2.145448e+02
  4.536190e+00,  2.227343e+02
  3.492713e+00,  2.328185e+02
  2.239543e+00,  2.489138e+02
  1.126955e+00,  2.946989e+02
  1.652741e+00,  1.194804e+01
  3.179103e+00,  3.662762e+01
  4.758224e+00,  4.737083e+01
  6.172553e+00,  5.416813e+01
  7.295386e+00,  5.913483e+01
  8.034319e+00,  6.289305e+01
  8.332077e+00,  6.558604e+01
  8.173576e+00,  6.708437e+01
  7.593661e+00,  6.696599e+01
  6.687421e+00,  6.434494e+01
  5.631300e+00,  5.755708e+01
  4.724463e+00,  4.421479e+01
  4.383000e+00,  2.427172e+01
  4.836535e+00,  4.939671e+00
  5.838360e+00,  3.527276e+02
  7.002784e+00,  3.469837e+02
  8.069261e+00,  3.452533e+02
  8.886671e+00,  3.458491e+02
  9.365631e+00,  3.477920e+02
  9.454355e+00,  3.505029e+02
  9.128276e+00,  3.536008e+02
  8.387153e+00,  3.567973e+02
  7.255983e+00,  3.598202e+02
  5.787355e+00,  2.296139e+00
  4.064241e+00,  3.381676e+00
  2.209991e+00,  3.596051e+02
  6.384227e-01,  3.072905e+02
  1.727670e+00,  2.228817e+02
  3.249475e+00,  2.163700e+02
  4.441216e+00,  2.166928e+02
  5.179397e+00,  2.188113e+02
  5.403450e+00,  2.218852e+02
  5.105869e+00,  2.259039e+02
  4.334965e+00,  2.314226e+02
  3.200099e+00,  2.402617e+02
  1.912323e+00,  2.596219e+02
  1.171272e+00,  3.185187e+02
  1.985802e+00,  1.256499e+01
  3.169278e+00,  3.083972e+01
  4.136973e+00,  4.048364e+01
  4.740023e+00,  4.785513e+01
  4.935482e+00,  5.488578e+01
  4.749442e+00,  6.261566e+01
  4.266758e+00,  7.197889e+01
  3.617382e+00,  8.405383e+01
  2.956422e+00,  9.993580e+01
  2.416129e+00,  1.197494e+02
  2.022380e+00,  1.413036e+02
  1.656285e+00,  1.616993e+02
  1.153380e+00,  1.820803e+02
  4.920623e-01,  2.259127e+02
  8.709723e-01,  3.341896e+02
  2.113188e+00,  3.567573e+02
  3.510219e+00,  6.391489e+00
  4.883525e+00,  1.286833e+01
  6.074744e+00,  1.809211e+01
  6.944447e+00,  2.282043e+01
  7.390300e+00,  2.753807e+01
  7.363888e+00,  3.271055e+01
  6.883482e+00,  3.894830e+01
  6.043288e+00,  4.721427e+01
  5.022886e+00,  5.910752e+01
  4.096963e+00,  7.678171e+01
  3.587550e+00,  1.003556e+02
  3.609426e+00,  1.235660e+02
  3.885674e+00,  1.398601e+02
  4.052473e+00,  1.488126e+02
  3.903454e+00,  1.516680e+02
  3.409066e+00,  1.479108e+02
  2.750244e+00,  1.334767e+02
  2.466439e+00,  1.032404e+02
  3.138831e+00,  7.250181e+01
  4.462650e+00,  5.641827e+01
  5.922113e+00,  4.946428e+01
  7.223511e+00,  4.674538e+01
  8.199587e+00,  4.618473e+01
  8.760112e+00,  4.687824e+01
  8.877611e+00,  4.836302e+01
  8.578146e+00,  5.031515e+01
  7.929075e+00,  5.237633e+01
  7.024162e+00,  5.398412e+01
  5.972011e+00,  5.412095e+01
  4.901412e+00,  5.089873e+01
  4.007143e+00,  4.121155e+01
  3.623089e+00,  2.304741e+01
  4.063233e+00,  2.943387e+00
  5.219292e+00,  3.497854e+02
  6.749069e+00,  3.433679e+02
  8.375254e+00,  3.406706e+02
  9.888378e+00,  3.397296e+02
  1.111344e+01,  3.395211e+02
  1.190599e+01,  3.395002e+02
  1.216242e+01,  3.393369e+02
  1.183366e+01,  3.387697e+02
  1.093733e+01,  3.374934e+02
  9.559410e+00,  3.350348e+02
  7.854715e+00,  3.305183e+02
  6.053297e+00,  3.221791e+02
  4.489780e+00,  3.067061e+02
  3.620732e+00,  2.815987e+02
  3.679641e+00,  2.554662e+02
  4.229524e+00,  2.394303e+02
  4.752340e+00,  2.325189e+02
  5.029638e+00,  2.312884e+02
  5.038402e+00,  2.338181e+02
  4.846876e+00,  2.390330e+02
  4.545261e+00,  2.458809e+02
  4.187993e+00,  2.528436e+02
  3.764023e+00,  2.578328e+02
  3.226634e+00,  2.580366e+02
  2.602894e+00,  2.485229e+02
  2.238942e+00,  2.214847e+02
  2.831828e+00,  1.874092e+02
  4.342056e+00,  1.682056e+02
  6.262300e+00,  1.592861e+02
  8.250386e+00,  1.545452e+02
  1.005615e+01,  1.514617e+02
  1.147397e+01,  1.489636e+02
  1.234692e+01,  1.464908e+02
  1.258461e+01,  1.436460e+02
  1.217450e+01,  1.400236e+02
  1.119094e+01,  1.350782e+02
  9.801537e+00,  1.279740e+02
  8.272886e+00,  1.174575e+02
  6.967274e+00,  1.021958e+02
  6.257928e+00,  8.273869e+01
  6.261834e+00,  6.361674e+01
  6.689464e+00,  4.945871e+01
  7.136110e+00,  4.099960e+01
  7.345442e+00,  3.712839e+01
  7.235309e+00,  3.689841e+01
  6.852124e+00,  3.986118e+01
  6.324140e+00,  4.580718e+01
  5.808377e+00,  5.427205e+01
  5.420712e+00,  6.399345e+01
  5.173608e+00,  7.293754e+01
  4.981626e+00,  7.913942e+01
  4.741701e+00,  8.129008e+01
  4.420103e+00,  7.845837e+01
  4.102308e+00,  6.983532e+01
  3.986063e+00,  5.583980e+01
  4.254033e+00,  4.012101e+01
  4.887187e+00,  2.748827e+01
  5.691910e+00,  1.965625e+01
  6.466559e+00,  1.594651e+01
  7.078453e+00,  1.537030e+01
  7.471935e+00,  1.725533e+01
  7.657757e+00,  2.117443e+01
  7.692886e+00,  2.674064e+01
  7.649347e+00,  3.341990e+01
  7.577065e+00,  4.045319e+01
  7.477135e+00,  4.695736e+01
  7.302939e+00,  5.212695e+01
  6.988895e+00,  5.534353e+01
  6.488925e+00,  5.609807e+01
  5.808104e+00,  5.378985e+01
  5.022430e+00,  4.752953e+01
  4.284319e+00,  3.625792e+01
  3.787677e+00,  2.001190e+01
  3.636859e+00,  2.052203e+00
  3.710074e+00,  3.471435e+02
  3.749866e+00,  3.372628e+02
  3.543602e+00,  3.322167e+02
  2.993726e+00,  3.323765e+02
  2.151088e+00,  3.419800e+02
  1.448049e+00,  1.833764e+01
  1.999001e+00,  6.898993e+01
  3.423317e+00,  8.738714e+01
  4.953365e+00,  9.265365e+01
  6.289891e+00,  9.346242e+01
  7.259427e+00,  9.208079e+01
  7.756594e+00,  8.913216e+01
  7.744702e+00,  8.462877e+01
  7.262135e+00,  7.818439e+01
  6.426979e+00,  6.897448e+01
  5.439750e+00,  5.564633e+01
  4.574880e+00,  3.674318e+01
  4.100494e+00,  1.294019e+01
  4.063311e+00,  3.489969e+02
  4.207621e+00,  3.289820e+02
  4.224049e+00,  3.124654e+02
  3.942666e+00,  2.966765e+02
  3.379642e+00,  2.774816e+02
  2.817857e+00,  2.485185e+02
  2.894417e+00,  2.092890e+02
  3.916930e+00,  1.779266e+02
  5.431211e+00,  1.595914e+02
  7.003007e+00,  1.483883e+02
  8.375695e+00,  1.406709e+02
  9.391985e+00,  1.347749e+02
  9.964680e+00,  1.298854e+02
  1.006862e+01,  1.255513e+02
  9.734705e+00,  1.214908e+02
  9.040454e+00,  1.175091e+02
  8.096526e+00,  1.134677e+02
  7.029554e+00,  1.092969e+02
  5.963659e+00,  1.050529e+02
  5.003178e+00,  1.010271e+02
  4.220234e+00,  9.786857e+01
  3.652180e+00,  9.655464e+01
  3.310742e+00,  9.797090e+01
  3.192605e+00,  1.021833e+02
  3.275853e+00,  1.081775e+02
  3.510162e+00,  1.146365e+02
  3.824445e+00,  1.208601e+02
  4.150268e+00,  1.268628e+02
  4.442979e+00,  1.329898e+02
  4.692409e+00,  1.395753e+02
  4.921686e+00,  1.467193e+02
  5.172659e+00,  1.541451e+02
  5.480367e+00,  1.612072e+02
  5.849090e+00,  1.671184e+02
  6.246023e+00,  1.712546e+02
  6.615339e+00,  1.733005e+02
  6.900394e+00,  1.731949e+02
  7.061336e+00,  1.710131e+02
  7.082850e+00,  1.668898e+02
  6.971907e+00,  1.610011e+02
  6.747681e+00,  1.535799e+02
  6.427550e+00,  1.449268e+02
  6.013653e+00,  1.353742e+02
  5.488016e+00,  1.251860e+02
  4.819380e+00,  1.143927e+02
  3.979896e+00,  1.025058e+02
  2.970661e+00,  8.769073e+01
  1.885457e+00,  6.299612e+01
  1.271045e+00,  4.903886e+00
  2.074972e+00,  3.086938e+02
  3.480733e+00,  2.855096e+02
  4.939673e+00,  2.721995e+02
  6.276587e+00,  2.620934e+02
  7.388844e+00,  2.532515e+02
  8.207648e+00,  2.448995e+02
  8.693765e+00,  2.366478e+02
  8.835732e+00,  2.282682e+02
  8.645595e+00,  2.196125e+02
  8.152097e+00,  2.105730e+02
  7.393047e+00,  2.010452e+02
  6.409195e+00,  1.908651e+02
  5.241942e+00,  1.796610e+02
  3.937796e+00,  1.664121e+02
  2.571861e+00,  1.476398e+02
  1.400994e+00,  1.074544e+02
  1.512264e+00,  3.231090e+01
  2.784866e+00,  3.568156e+02
  4.227475e+00,  3.398272e+02
  5.611150e+00,  3.279536e+02
  6.852478e+00,  3.181128e+02
  7.902481e+00,  3.092995e+02
  8.733172e+00,  3.010992e+02
  9.334984e+00,  2.933293e+02
  9.714181e+00,  2.859311e+02
  9.888614e+00,  2.789313e+02
  9.882469e+00,  2.724237e+02
  9.721516e+00,  2.665544e+02
  9.430379e+00,  2.615029e+02
  9.032541e+00,  2.574584e+02
  8.552361e+00,  2.545925e+02
  8.017094e+00,  2.530283e+02
  7.456527e+00,  2.528050e+02
  6.898739e+00,  2.538402e+02
  6.362772e+00,  2.559089e+02
  5.851789e+00,  2.586670e+02
  5.351638e+00,  2.617382e+02
  4.837459e+00,  2.648396e+02
  4.286054e+00,  2.679028e+02
  3.688757e+00,  2.711811e+02
  3.061150e+00,  2.754031e+02
  2.451296e+00,  2.820525e+02
  1.951852e+00,  2.934880e+02
  1.699488e+00,  3.107150e+02
  1.785439e+00,  3.277743e+02
  2.138483e+00,  3.371414e+02
  2.633503e+00,  3.388431e+02
  3.196315e+00,  3.358489e+02
  3.782334e+00,  3.304671e+02
  4.341908e+00,  3.240607e+02
  4.807243e+00,  3.173130e+02
  5.096599e+00,  3.104480e+02
  5.127886e+00,  3.033563e+02
  4.836175e+00,  2.955877e+02
  4.194025e+00,  2.860731e+02
  3.245013e+00,  2.719914e+02
  2.221998e+00,  2.444388e+02
  1.978304e+00,  1.907719e+02
  3.144236e+00,  1.503078e+02
  4.858574e+00,  1.315925e+02
  6.603915e+00,  1.205057e+02
  8.151024e+00,  1.121566e+02
  9.357907e+00,  1.048123e+02
  1.014016e+01,  9.765530e+01
  1.047184e+01,  9.017078e+01
  1.038776e+01,  8.195169e+01
  9.980029e+00,  7.265359e+01
  9.384439e+00,  6.205788e+01
  8.746845e+00,  5.023052e+01
  8.175702e+00,  3.769873e+01
  7.697721e+00,  2.543099e+01
  7.249863e+00,  1.450131e+01
  6.721307e+00,  5.731304e+00
  6.015792e+00,  3.596892e+02
  5.099350e+00,  3.570793e+02
  4.030356e+00,  3.595084e+02
  3.001724e+00,  1.082078e+01
  2.417620e+00,  3.571529e+01
  2.634521e+00,  6.355304e+01
  3.314098e+00,  7.863420e+01
  3.963145e+00,  8.356710e+01
  4.348250e+00,  8.268210e+01
  4.409321e+00,  7.745103e+01
  4.211868e+00,  6.760654e+01
  3.948274e+00,  5.216896e+01
  3.911293e+00,  3.173542e+01
  4.314986e+00,  1.102907e+01
  5.090937e+00,  3.549829e+02
  5.996623e+00,  3.442860e+02
  6.810044e+00,  3.375581e+02
  7.387518e+00,  3.335122e+02
  7.659557e+00,  3.313114e+02
  7.619025e+00,  3.304082e+02
  7.305261e+00,  3.303705e+02
  6.786641e+00,  3.307274e+02
  6.143305e+00,  3.308240e+02
  5.455533e+00,  3.296854e+02
  4.806364e+00,  3.259526e+02
  4.302420e+00,  3.181436e+02
  4.089673e+00,  3.058533e+02
  4.295313e+00,  2.914880e+02
  4.904467e+00,  2.788899e+02
  5.753055e+00,  2.697091e+02
  6.632329e+00,  2.633972e+02
  7.353553e+00,  2.589160e+02
  7.766173e+00,  2.554415e+02
  7.766085e+00,  2.523955e+02
  7.303583e+00,  2.493216e+02
  6.389295e+00,  2.457246e+02
  5.096643e+00,  2.407838e+02
  3.564974e+00,  2.324702e+02
  2.039204e+00,  2.133403e+02
  1.225236e+00,  1.563379e+02
  1.893975e+00,  1.045987e+02
  2.753621e+00,  8.635891e+01
  3.220755e+00,  7.602303e+01
  3.179396e+00,  6.624436e+01
  2.676789e+00,  5.212743e+01
  2.012233e+00,  2.375832e+01
  2.061276e+00,  3.352359e+02
  3.245295e+00,  3.026145e+02
  4.842503e+00,  2.881426e+02
  6.383910e+00,  2.807921e+02
  7.618022e+00,  2.765298e+02
  8.386614e+00,  2.739321e+02
  8.606316e+00,  2.724508e+02
  8.268770e+00,  2.719166e+02
  7.438794e+00,  2.724107e+02
  6.246621e+00,  2.742971e+02
  4.875364e+00,  2.784113e+02
  3.547511e+00,  2.864338e+02
  2.508462e+00,  3.008278e+02
  1.947350e+00,  3.205314e+02
  1.782878e+00,  3.344198e+02
  1.760798e+00,  3.327101e+02
  1.909458e+00,  3.153106e+02
  2.509894e+00,  2.932882e+02
  3.604142e+00,  2.779293e+02
  4.972455e+00,  2.690598e+02
  6.366453e+00,  2.638153e+02
  7.568474e+00,  2.604622e+02
  8.401848e+00,  2.581151e+02
  8.743161e+00,  2.562866e+02
  8.531756e+00,  2.546346e+02
  7.774976e+00,  2.528016e+02
  6.547733e+00,  2.502138e+02
  4.989851e+00,  2.455838e+02
  3.321373e+00,  2.351229e+02
  1.992238e+00,  2.059357e+02
  1.990792e+00,  1.546036e+02
  3.031140e+00,  1.303448e+02
  4.102584e+00,  1.241349e+02
  4.934093e+00,  1.246861e+02
  5.502010e+00,  1.286936e+02
  5.860507e+00,  1.348142e+02
  6.079950e+00,  1.420561e+02
  6.201882e+00,  1.493976e+02
  6.215888e+00,  1.558393e+02
  6.070260e+00,  1.605352e+02
  5.708728e+00,  1.627409e+02
  5.115052e+00,  1.615106e+02
  4.358666e+00,  1.551739e+02
  3.650301e+00,  1.410487e+02
  3.360045e+00,  1.185048e+02
  3.727039e+00,  9.575990e+01
  4.504353e+00,  8.080462e+01
  5.283800e+00,  7.285527e+01
  5.783286e+00,  6.931521e+01
  5.847380e+00,  6.878547e+01
  5.421288e+00,  7.102330e+01
  4.549519e+00,  7.707027e+01
  3.412965e+00,  9.066026e+01
  2.499330e+00,  1.211508e+02
  2.700536e+00,  1.645794e+02
  3.893241e+00,  1.907772e+02
  5.249059e+00,  2.032824e+02
  6.356696e+00,  2.103211e+02
  7.032858e+00,  2.150830e+02
  7.202813e+00,  2.188551e+02
  6.871406e+00,  2.222746e+02
  6.109711e+00,  2.257474e+02
  5.040124e+00,  2.296142e+02
  3.816855e+00,  2.342288e+02
  2.602010e+00,  2.399435e+02
  1.537845e+00,  2.466566e+02
  7.185649e-01,  2.501335e+02
  2.853174e-01,  2.059346e+02
  6.687515e-01,  1.638234e+02
  1.363478e+00,  1.701260e+02
  2.254397e+00,  1.793362e+02
  3.259472e+00,  1.870312e+02
  4.242399e+00,  1.933605e+02
  5.050798e+00,  1.989710e+02
  5.548109e+00,  2.045164e+02
  5.640322e+00,  2.107434e+02
  5.302313e+00,  2.187755e+02
  4.614466e+00,  2.306970e+02
  3.839189e+00,  2.503610e+02
  3.525151e+00,  2.804335e+02
  4.157954e+00,  3.105105e+02
  5.464258e+00,  3.296807e+02
  6.913526e+00,  3.402835e+02
  8.159563e+00,  3.460861e+02
  9.005478e+00,  3.489755e+02
  9.357883e+00,  3.496958e+02
  9.215394e+00,  3.483645e+02
  8.668709e+00,  3.446645e+02
  7.902452e+00,  3.379584e+02
  7.186509e+00,  3.276887e+02
  6.815741e+00,  3.145074e+02
  6.954910e+00,  3.012225e+02
  7.516972e+00,  2.910481e+02
  8.264077e+00,  2.851821e+02
  8.982125e+00,  2.831789e+02
  9.547578e+00,  2.841907e+02
  9.915881e+00,  2.874618e+02
  1.008857e+01,  2.923609e+02
  1.008069e+01,  2.983254e+02
  9.895574e+00,  3.048414e+02
  9.515344e+00,  3.114726e+02
  8.908010e+00,  3.179010e+02
  8.045114e+00,  3.239429e+02
  6.920467e+00,  3.295343e+02
  5.562718e+00,  3.347051e+02
  4.038858e+00,  3.395717e+02
  2.449222e+00,  3.444357e+02
  9.168083e-01,  3.510174e+02
  4.397631e-01,  1.618837e+02
  1.480810e+00,  1.716668e+02
  2.125092e+00,  1.760408e+02
  2.309902e+00,  1.798246e+02
  2.017443e+00,  1.834453e+02
  1.273814e+00,  1.870250e+02
  1.448709e-01,  1.898793e+02
  1.272558e+00,  1.472708e+01
  2.862373e+00,  1.862626e+01
  4.502591e+00,  2.274327e+01
  6.077585e+00,  2.704695e+01
  7.487643e+00,  3.150729e+01
  8.654317e+00,  3.606584e+01
  9.521338e+00,  4.062596e+01
  1.005219e+01,  4.504692e+01
  1.022684e+01,  4.913920e+01
  1.003983e+01,  5.264398e+01
  9.502034e+00,  5.519630e+01
  8.647904e+00,  5.624465e+01
  7.550393e+00,  5.488463e+01
  6.348738e+00,  4.957975e+01
  5.295662e+00,  3.810215e+01
  4.774860e+00,  1.969056e+01
  5.060009e+00,  3.599539e+02
  5.957557e+00,  3.460512e+02
  7.042160e+00,  3.385864e+02
  7.987970e+00,  3.354107e+02
  8.599617e+00,  3.348879e+02
  8.773417e+00,  3.361445e+02
  8.475426e+00,  3.388039e+02
  7.731138e+00,  3.428371e+02
  6.618720e+00,  3.485758e+02
  5.264729e+00,  3.569567e+02
  3.850129e+00,  1.028858e+01
  2.654170e+00,  3.392027e+01
  2.118974e+00,  7.243536e+01
  2.385441e+00,  1.085475e+02
  2.885311e+00,  1.302133e+02
  3.186374e+00,  1.437539e+02
  3.132255e+00,  1.539443e+02
  2.688185e+00,  1.632299e+02
  1.884121e+00,  1.741943e+02
  8.313032e-01,  1.994092e+02
  8.021543e-01,  3.176667e+02
  2.196557e+00,  3.455859e+02
  3.689187e+00,  3.556520e+02
  5.114323e+00,  2.646816e+00
  6.367103e+00,  8.463920e+00
  7.359519e+00,  1.358251e+01
  8.020925e+00,  1.812639e+01
  8.301993e+00,  2.206789e+01
  8.179429e+00,  2.526177e+01
  7.661218e+00,  2.740344e+01
  6.793406e+00,  2.789365e+01
  5.672725e+00,  2.550928e+01
  4.479264e+00,  1.770369e+01
  3.555947e+00,  2.995364e-01
  3.408416e+00,  3.344131e+02
  4.139921e+00,  3.140635e+02
  5.280129e+00,  3.045041e+02
  6.440547e+00,  3.017685e+02
  7.432639e+00,  3.027662e+02
  8.173302e+00,  3.059554e+02
  8.633728e+00,  3.105308e+02
  8.813745e+00,  3.159839e+02
  8.724479e+00,  3.219039e+02
  8.373992e+00,  3.279002e+02
  7.761395e+00,  3.335712e+02
  6.880782e+00,  3.384669e+02
  5.733556e+00,  3.419635e+02
  4.347369e+00,  3.428056e+02
  2.813113e+00,  3.370711e+02
  1.490637e+00,  3.062001e+02
  1.771574e+00,  2.414685e+02
  3.209156e+00,  2.201350e+02
  4.631966e+00,  2.145047e+02
  5.741364e+00,  2.126073e+02
  6.395145e+00,  2.116302e+02
  6.515092e+00,  2.104218e+02
  6.086825e+00,  2.080139e+02
  5.176340e+00,  2.028154e+02
  3.979261e+00,  1.910997e+02
  2.998486e+00,  1.646154e+02
  3.169624e+00,  1.258546e+02
  4.513638e+00,  1.017964e+02
  6.197533e+00,  9.177255e+01
  7.757044e+00,  8.803632e+01
  8.975906e+00,  8.732812e+01
  9.746425e+00,  8.836802e+01
  1.003179e+01,  9.059731e+01
  9.851856e+00,  9.373846e+01
  9.267905e+00,  9.761208e+01
  8.365517e+00,  1.020342e+02
  7.236615e+00,  1.067263e+02
  5.964266e+00,  1.111921e+02
  4.616222e+00,  1.144606e+02
  3.256337e+00,  1.142739e+02
  2.006932e+00,  1.036502e+02
  1.346801e+00,  6.332700e+01
  1.931947e+00,  2.275005e+01
  2.975136e+00,  1.092260e+01
  3.928161e+00,  8.855388e+00
  4.601720e+00,  9.992793e+00
  4.888334e+00,  1.254054e+01
  4.726841e+00,  1.607433e+01
  4.106231e+00,  2.091742e+01
  3.077255e+00,  2.869323e+01
  1.799398e+00,  4.684878e+01
  1.062006e+00,  1.140549e+02
  2.180518e+00,  1.674496e+02
  3.688553e+00,  1.819660e+02
  5.009118e+00,  1.888014e+02
  5.954901e+00,  1.933345e+02
  6.420508e+00,  1.969937e+02
  6.362925e+00,  2.003714e+02
  5.801057e+00,  2.038502e+02
  4.811388e+00,  2.078350e+02
  3.517831e+00,  2.130496e+02
  2.079228e+00,  2.217351e+02
  7.239308e-01,  2.510979e+02
  8.550282e-01,  8.321277e+00
  1.847887e+00,  3.197250e+01
  2.596379e+00,  4.434051e+01
  3.083187e+00,  5.655155e+01
  3.399751e+00,  7.039319e+01
  3.680236e+00,  8.560289e+01
  4.020881e+00,  1.004993e+02
  4.407822e+00,  1.131756e+02
  4.724903e+00,  1.226789e+02
  4.821545e+00,  1.289042e+02
  4.575457e+00,  1.318213e+02
  3.934205e+00,  1.306085e+02
  2.965706e+00,  1.217905e+02
  2.051442e+00,  9.351567e+01
  2.277206e+00,  4.458225e+01
  3.710323e+00,  1.884761e+01
  5.420627e+00,  9.193462e+00
  6.976858e+00,  5.020632e+00
  8.153610e+00,  3.051030e+00
  8.811139e+00,  2.150511e+00
  8.881509e+00,  1.865627e+00
  8.368973e+00,  2.010247e+00
  7.347021e+00,  2.535490e+00
  5.948468e+00,  3.500649e+00
  4.348764e+00,  5.118194e+00
  2.744464e+00,  7.972874e+00
  1.330516e+00,  1.418783e+01
  3.030180e-01,  4.500613e+01
  3.906723e-01,  1.737839e+02
  4.930149e-01,  2.019458e+02
  4.507261e-01,  2.701870e+02
  1.174513e+00,  3.213249e+02
  2.384605e+00,  3.350988e+02
  3.779079e+00,  3.410512e+02
  5.153128e+00,  3.445924e+02
  6.322393e+00,  3.472115e+02
  7.134445e+00,  3.495367e+02
  7.486281e+00,  3.519657e+02
  7.338217e+00,  3.548870e+02
  6.722192e+00,  3.588418e+02
  5.745687e+00,  4.760941e+00
  4.596886e+00,  1.438426e+01
  3.559211e+00,  3.056936e+01
  2.987821e+00,  5.443831e+01
  3.025052e+00,  7.778177e+01
  3.351967e+00,  9.151748e+01
  3.608269e+00,  9.566219e+01
  3.673548e+00,  9.194515e+01
  3.654165e+00,  8.083485e+01
  3.822691e+00,  6.384463e+01
  4.419898e+00,  4.618448e+01
  5.418426e+00,  3.281964e+01
  6.593927e+00,  2.446045e+01
  7.711264e+00,  1.986393e+01
  8.596083e+00,  1.790637e+01
  9.145703e+00,  1.792949e+01
  9.328203e+00,  1.961115e+01
  9.176297e+00,  2.281265e+01
  8.773110e+00,  2.744129e+01
  8.227332e+00,  3.330067e+01
  7.639012e+00,  3.993633e+01
  7.065875e+00,  4.656058e+01
  6.509211e+00,  5.215062e+01
  5.933223e+00,  5.565348e+01
  5.308808e+00,  5.608707e+01
  4.657008e+00,  5.248374e+01
  4.070781e+00,  4.402362e+01
  3.688823e+00,  3.107317e+01
  3.587983e+00,  1.665434e+01
  3.673759e+00,  4.938686e+00
  3.739088e+00,  3.580447e+02
  3.607995e+00,  3.564764e+02
  3.221153e+00,  1.435292e+00
  2.715734e+00,  1.678218e+01
  2.569334e+00,  4.597181e+01
  3.298259e+00,  7.498725e+01
  4.679598e+00,  9.116098e+01
  6.255382e+00,  9.877536e+01
  7.716974e+00,  1.021424e+02
  8.856314e+00,  1.031917e+02
  9.534632e+00,  1.027234e+02
  9.680210e+00,  1.010273e+02
  9.291212e+00,  9.810743e+01
  8.434893e+00,  9.373744e+01
  7.240925e+00,  8.742366e+01
  5.888956e+00,  7.830961e+01
  4.589082e+00,  6.514736e+01
  3.542048e+00,  4.688633e+01
  2.845304e+00,  2.464550e+01
  2.381708e+00,  2.374591e+00
  1.892706e+00,  3.420501e+02
  1.207388e+00,  3.176493e+02
  6.539583e-01,  2.463190e+02
  1.552666e+00,  1.799807e+02
  2.983186e+00,  1.628304e+02
  4.455258e+00,  1.546677e+02
  5.765912e+00,  1.495028e+02
  6.752110e+00,  1.458460e+02
  7.289959e+00,  1.431742e+02
  7.306487e+00,  1.413233e+02
  6.787945e+00,  1.403768e+02
  5.782946e+00,  1.407771e+02
  4.404611e+00,  1.438720e+02
  2.857393e+00,  1.543178e+02
  1.674814e+00,  1.903263e+02
  2.080004e+00,  2.450082e+02
  3.402718e+00,  2.641109e+02
  4.684853e+00,  2.686663e+02
  5.698811e+00,  2.682446e+02
  6.396832e+00,  2.652653e+02
  6.807505e+00,  2.605106e+02
  7.007135e+00,  2.543620e+02
  7.094198e+00,  2.472183e+02
  7.158920e+00,  2.396715e+02
  7.255736e+00,  2.324826e+02
  7.392758e+00,  2.263801e+02
  7.543683e+00,  2.218396e+02
  7.670476e+00,  2.189998e+02
  7.739913e+00,  2.177080e+02
  7.727508e+00,  2.176104e+02
  7.613497e+00,  2.182380e+02
  7.372259e+00,  2.190617e+02
  6.969671e+00,  2.195336e+02
  6.370342e+00,  2.190801e+02
  5.552225e+00,  2.169862e+02
  4.526525e+00,  2.120237e+02
  3.371240e+00,  2.013148e+02
  2.334726e+00,  1.771417e+02
  2.075099e+00,  1.326620e+02
  2.907663e+00,  9.733950e+01
  4.133804e+00,  7.956870e+01
  5.312914e+00,  6.891414e+01
  6.268563e+00,  6.079360e+01
  6.920526e+00,  5.346828e+01
  7.243284e+00,  4.616063e+01
  7.252002e+00,  3.847973e+01
  6.989872e+00,  3.024859e+01
  6.511963e+00,  2.146733e+01
  5.867298e+00,  1.232321e+01
  5.084439e+00,  3.209582e+00
  4.167127e+00,  3.547711e+02
  3.104225e+00,  3.481844e+02
  1.898702e+00,  3.470485e+02
  7.472613e-01,  1.966709e+01
  1.369561e+00,  1.020526e+02
  2.915325e+00,  1.103901e+02
  4.511322e+00,  1.082145e+02
  5.999190e+00,  1.037989e+02
  7.259376e+00,  9.857103e+01
  8.190456e+00,  9.286612e+01
  8.717969e+00,  8.669981e+01
  8.803782e+00,  7.993163e+01
  8.452357e+00,  7.228050e+01
  7.713830e+00,  6.326088e+01
  6.686635e+00,  5.201959e+01
  5.526879e+00,  3.702347e+01
  4.476356e+00,  1.580839e+01
  3.885907e+00,  3.467864e+02
  4.034345e+00,  3.152984e+02
  4.782125e+00,  2.898762e+02
  5.774200e+00,  2.715253e+02
  6.766951e+00,  2.577655e+02
  7.638824e+00,  2.467486e+02
  8.332703e+00,  2.375135e+02
  8.822407e+00,  2.296151e+02
  9.097316e+00,  2.228757e+02
  9.156629e+00,  2.172538e+02
  9.008777e+00,  2.127755e+02
  8.672813e+00,  2.094984e+02
  8.180282e+00,  2.074907e+02
  7.576861e+00,  2.068154e+02
  6.913836e+00,  2.075040e+02
  6.238970e+00,  2.095214e+02
  5.587421e+00,  2.127414e+02
  4.975144e+00,  2.169705e+02
  4.399086e+00,  2.220578e+02
  3.846499e+00,  2.280937e+02
  3.312157e+00,  2.356666e+02
  2.821500e+00,  2.460982e+02
  2.458153e+00,  2.611621e+02
  2.367723e+00,  2.806005e+02
  2.654930e+00,  2.990518e+02
  3.264935e+00,  3.114102e+02
  4.063720e+00,  3.177344e+02
  4.936223e+00,  3.200014e+02
  5.793467e+00,  3.198116e+02
  6.557741e+00,  3.181760e+02
  7.154995e+00,  3.157182e+02
  7.515061e+00,  3.128371e+02
  7.576856e+00,  3.098097e+02
  7.296114e+00,  3.068660e+02
  6.653493e+00,  3.042704e+02
  5.661754e+00,  3.024719e+02
  4.373118e+00,  3.025307e+02
  2.900538e+00,  3.078879e+02
  1.576932e+00,  3.343489e+02
  1.677053e+00,  3.666828e+01
  3.062023e+00,  5.862559e+01
  4.556750e+00,  6.152057e+01
  5.888799e+00,  5.885965e+01
  6.976533e+00,  5.362625e+01
  7.798797e+00,  4.675099e+01
  8.370433e+00,  3.865375e+01
  8.724566e+00,  2.964272e+01
  8.892181e+00,  2.003818e+01
  8.883343e+00,  1.017824e+01
  8.678098e+00,  3.551477e-01
  8.232088e+00,  3.507254e+02
  7.494773e+00,  3.412195e+02
  6.433314e+00,  3.314047e+02
  5.058040e+00,  3.200696e+02
  3.465116e+00,  3.034624e+02
  2.046206e+00,  2.668061e+02
  2.196568e+00,  2.009429e+02
  3.845791e+00,  1.685843e+02
  5.712910e+00,  1.546133e+02
  7.407666e+00,  1.461596e+02
  8.769994e+00,  1.399252e+02
  9.715411e+00,  1.347784e+02
  1.021553e+01,  1.302139e+02
  1.029367e+01,  1.259640e+02
  1.001805e+01,  1.218741e+02
  9.490671e+00,  1.178721e+02
  8.831941e+00,  1.139795e+02
  8.163016e+00,  1.103444e+02
  7.588895e+00,  1.072597e+02
  7.186343e+00,  1.051104e+02
  6.999144e+00,  1.042150e+02
  7.038677e+00,  1.046344e+02
  7.284809e+00,  1.061194e+02
  7.686347e+00,  1.082590e+02
  8.165965e+00,  1.106959e+02
  8.632580e+00,  1.132426e+02
  8.998214e+00,  1.158771e+02
  9.194358e+00,  1.186873e+02
  9.184297e+00,  1.218174e+02
  8.969495e+00,  1.254254e+02
  8.588842e+00,  1.296369e+02
  8.109805e+00,  1.344752e+02
  7.611240e+00,  1.397599e+02
  7.160630e+00,  1.450140e+02
  6.794610e+00,  1.494727e+02
  6.515611e+00,  1.522606e+02
  6.309135e+00,  1.526625e+02
  6.168822e+00,  1.503432e+02
  6.107942e+00,  1.454730e+02
  6.141743e+00,  1.387699e+02
  6.253545e+00,  1.313118e+02
  6.372573e+00,  1.241273e+02
  6.383270e+00,  1.178732e+02
  6.157136e+00,  1.128279e+02
  5.586248e+00,  1.091045e+02
  4.607776e+00,  1.069774e+02
  3.221234e+00,  1.077191e+02
  1.533831e+00,  1.199687e+02
  1.002462e+00,  2.237791e+02
  2.965977e+00,  2.531789e+02
  5.058144e+00,  2.567760e+02
  6.945496e+00,  2.567669e+02
  8.449065e+00,  2.555282e+02
  9.437398e+00,  2.535928e+02
  9.834298e+00,  2.510604e+02
  9.628287e+00,  2.478429e+02
  8.876201e+00,  2.436959e+02
  7.699841e+00,  2.381630e+02
  6.276715e+00,  2.304356e+02
  4.826782e+00,  2.191420e+02
  3.591034e+00,  2.024180e+02
  2.763881e+00,  1.798466e+02
  2.322769e+00,  1.562282e+02
  1.969506e+00,  1.378128e+02
  1.401350e+00,  1.257454e+02
  4.897816e-01,  1.209514e+02
  7.548859e-01,  2.856275e+02
  2.214341e+00,  2.836747e+02
  3.736842e+00,  2.808006e+02
  5.145923e+00,  2.782681e+02
  6.274632e+00,  2.760471e+02
  6.988247e+00,  2.740116e+02
  7.202293e+00,  2.720006e+02
  6.893933e+00,  2.697781e+02
  6.106159e+00,  2.669201e+02
  4.946788e+00,  2.625110e+02
  3.592188e+00,  2.541934e+02
  2.339788e+00,  2.350966e+02
  1.799941e+00,  1.948935e+02
  2.321456e+00,  1.609097e+02
  3.161906e+00,  1.489840e+02
  3.888784e+00,  1.476752e+02
  4.436507e+00,  1.517710e+02
  4.869137e+00,  1.591638e+02
  5.282937e+00,  1.682617e+02
  5.732248e+00,  1.774261e+02
  6.188711e+00,  1.853079e+02
  6.557328e+00,  1.911688e+02
  6.726337e+00,  1.947385e+02
  6.613478e+00,  1.958851e+02
  6.197868e+00,  1.943056e+02
  5.540308e+00,  1.892797e+02
  4.798306e+00,  1.795799e+02
  4.223542e+00,  1.642729e+02
  4.062321e+00,  1.455110e+02
  4.325649e+00,  1.290656e+02
  4.762164e+00,  1.184400e+02
  5.101026e+00,  1.133661e+02
  5.187304e+00,  1.128300e+02
  4.990760e+00,  1.164735e+02
  4.593539e+00,  1.246844e+02
  4.174342e+00,  1.380574e+02
  3.948251e+00,  1.557886e+02
  4.015304e+00,  1.743318e+02
  4.252576e+00,  1.900825e+02
  4.424745e+00,  2.024067e+02
  4.340452e+00,  2.126746e+02
  3.913372e+00,  2.230107e+02
  3.186630e+00,  2.368139e+02
  2.412155e+00,  2.610883e+02
  2.220498e+00,  3.009527e+02
  2.989467e+00,  3.332787e+02
  4.151519e+00,  3.484862e+02
  5.221366e+00,  3.547346e+02
  5.964691e+00,  3.561832e+02
  6.282825e+00,  3.540634e+02
  6.194767e+00,  3.482471e+02
  5.856838e+00,  3.378282e+02
  5.578566e+00,  3.220932e+02
  5.729888e+00,  3.029548e+02
  6.454981e+00,  2.854345e+02
  7.539572e+00,  2.727679e+02
  8.637805e+00,  2.647313e+02
  9.464810e+00,  2.600811e+02
  9.840232e+00,  2.578684e+02
  9.684514e+00,  2.575893e+02
  9.009101e+00,  2.591012e+02
  7.903864e+00,  2.625866e+02
  6.520741e+00,  2.686192e+02
  5.054444e+00,  2.783547e+02
  3.721394e+00,  2.937786e+02
  2.727126e+00,  3.172421e+02
  2.179508e+00,  3.483325e+02
  1.986608e+00,  2.220456e+01
  2.002579e+00,  5.543638e+01
  1.744147e+00,  7.523507e+01
##END=
