##TITLE= E:\桌面\nmr\ogm\sjd\matlabcod\1\2_5_xjhsjd
##JCAMP-DX= 5.00 Bruker JCAMP library
##DATA TYPE= Shape Data
##ORIGIN= Colm's GRAPE Pulses 
##OWNER= Dawei.Lu
##DATE= 02-Aug-2025
##TIME= 11:35
##MINX= 7.397380e-02
##MAXX= 1.154814e+01
##MINY= 8.391059e-02
##MAXY= 3.598450e+02
##$SHAPE_EXMODE= None
##$SHAPE_TOTROT= 9.000000e+01
##$SHAPE_BWFAC= 1.000000e+00
##$SHAPE_INTEGFAC= 1.000000e+00
##$SHAPE_MODE= 1
##PULSE_WIDTH= 5000
##Calibration_Power= 12500
##NPOINTS= 1000
##XYPOINTS= (XY..XY)
  2.658581e+00,  1.173825e+02
  3.985598e+00,  1.057890e+02
  5.590891e+00,  9.464554e+01
  6.326797e+00,  8.974737e+01
  6.598489e+00,  8.624997e+01
  6.452508e+00,  8.415269e+01
  5.919357e+00,  8.402877e+01
  5.079679e+00,  8.717780e+01
  4.111984e+00,  9.634837e+01
  3.385211e+00,  1.157249e+02
  3.430397e+00,  1.425569e+02
  4.316120e+00,  1.623985e+02
  5.573483e+00,  1.718003e+02
  6.827685e+00,  1.748902e+02
  7.882064e+00,  1.744691e+02
  8.641933e+00,  1.718481e+02
  9.079400e+00,  1.676271e+02
  9.217407e+00,  1.621056e+02
  9.115053e+00,  1.554956e+02
  8.848075e+00,  1.480599e+02
  8.485089e+00,  1.402042e+02
  8.066129e+00,  1.325008e+02
  7.593747e+00,  1.256319e+02
  7.043254e+00,  1.203026e+02
  6.388297e+00,  1.172197e+02
  5.630996e+00,  1.171949e+02
  4.828316e+00,  1.213221e+02
  4.109647e+00,  1.309174e+02
  3.660507e+00,  1.462487e+02
  3.604985e+00,  1.640769e+02
  3.852677e+00,  1.794133e+02
  4.168936e+00,  1.905687e+02
  4.351056e+00,  1.986919e+02
  4.288947e+00,  2.054536e+02
  3.959913e+00,  2.124511e+02
  3.420714e+00,  2.215360e+02
  2.812158e+00,  2.353308e+02
  2.367997e+00,  2.563842e+02
  2.319020e+00,  2.812641e+02
  2.621179e+00,  3.002341e+02
  3.010694e+00,  3.103330e+02
  3.290474e+00,  3.137511e+02
  3.389380e+00,  3.122009e+02
  3.335392e+00,  3.062661e+02
  3.231365e+00,  2.962001e+02
  3.211814e+00,  2.832152e+02
  3.358539e+00,  2.702282e+02
  3.637462e+00,  2.602936e+02
  3.941109e+00,  2.547709e+02
  4.177069e+00,  2.537278e+02
  4.319892e+00,  2.569196e+02
  4.422479e+00,  2.639789e+02
  4.591378e+00,  2.739515e+02
  4.915138e+00,  2.849165e+02
  5.386112e+00,  2.947203e+02
  5.891363e+00,  3.021192e+02
  6.270038e+00,  3.068792e+02
  6.373162e+00,  3.091591e+02
  6.099920e+00,  3.089817e+02
  5.419967e+00,  3.058298e+02
  4.399696e+00,  2.979149e+02
  3.275847e+00,  2.802620e+02
  2.665158e+00,  2.450938e+02
  3.256885e+00,  2.074252e+02
  4.568575e+00,  1.864810e+02
  5.911398e+00,  1.753163e+02
  6.948927e+00,  1.680613e+02
  7.515207e+00,  1.622342e+02
  7.544690e+00,  1.565525e+02
  7.060099e+00,  1.499933e+02
  6.174860e+00,  1.412754e+02
  5.105419e+00,  1.283966e+02
  4.191237e+00,  1.088148e+02
  3.823309e+00,  8.331540e+01
  4.078027e+00,  6.017445e+01
  4.576575e+00,  4.505133e+01
  4.920968e+00,  3.680466e+01
  4.900065e+00,  3.350408e+01
  4.462767e+00,  3.461617e+01
  3.695139e+00,  4.149831e+01
  2.857709e+00,  5.850224e+01
  2.477689e+00,  8.971249e+01
  2.944124e+00,  1.204117e+02
  3.834422e+00,  1.376214e+02
  4.638115e+00,  1.461934e+02
  5.093076e+00,  1.505595e+02
  5.084349e+00,  1.525544e+02
  4.592807e+00,  1.526625e+02
  3.679614e+00,  1.502345e+02
  2.492210e+00,  1.419152e+02
  1.394144e+00,  1.121619e+02
  1.485098e+00,  5.019175e+01
  2.570636e+00,  2.613981e+01
  3.643900e+00,  2.087147e+01
  4.455425e+00,  2.172630e+01
  4.956816e+00,  2.599294e+01
  5.191638e+00,  3.301551e+01
  5.266460e+00,  4.248593e+01
  5.308953e+00,  5.371621e+01
  5.403553e+00,  6.535908e+01
  5.540381e+00,  7.583539e+01
  5.625059e+00,  8.403713e+01
  5.537717e+00,  8.945707e+01
  5.192803e+00,  9.178281e+01
  4.578565e+00,  9.030285e+01
  3.788971e+00,  8.317148e+01
  3.075524e+00,  6.694911e+01
  2.857406e+00,  4.141311e+01
  3.322362e+00,  1.854818e+01
  4.123388e+00,  6.074249e+00
  4.879152e+00,  1.322181e+00
  5.390268e+00,  1.440894e+00
  5.595342e+00,  5.258805e+00
  5.540118e+00,  1.258089e+01
  5.359985e+00,  2.349409e+01
  5.238369e+00,  3.749000e+01
  5.310942e+00,  5.270684e+01
  5.563204e+00,  6.663843e+01
  5.838502e+00,  7.782941e+01
  5.941618e+00,  8.620725e+01
  5.722393e+00,  9.229171e+01
  5.107403e+00,  9.659419e+01
  4.103516e+00,  9.936171e+01
  2.790398e+00,  1.002214e+02
  1.312918e+00,  9.544601e+01
  3.796963e-01,  3.441881e+02
  1.584302e+00,  3.038515e+02
  2.551609e+00,  3.014814e+02
  3.039755e+00,  3.024664e+02
  2.960838e+00,  3.054828e+02
  2.310195e+00,  3.125128e+02
  1.259773e+00,  3.371387e+02
  1.252699e+00,  6.380997e+01
  2.993916e+00,  9.379304e+01
  5.023725e+00,  1.015452e+02
  6.971077e+00,  1.047159e+02
  8.616130e+00,  1.061392e+02
  9.792736e+00,  1.065487e+02
  1.039545e+01,  1.061124e+02
  1.039146e+01,  1.047253e+02
  9.828613e+00,  1.020373e+02
  8.840470e+00,  9.737300e+01
  7.652297e+00,  8.962595e+01
  6.586130e+00,  7.750610e+01
  6.012929e+00,  6.121478e+01
  6.140772e+00,  4.475568e+01
  6.819413e+00,  3.294043e+01
  7.730517e+00,  2.684026e+01
  8.641299e+00,  2.519450e+01
  9.443386e+00,  2.655414e+01
  1.010154e+01,  2.977207e+01
  1.060183e+01,  3.394086e+01
  1.091915e+01,  3.832410e+01
  1.100679e+01,  4.233082e+01
  1.080733e+01,  4.548835e+01
  1.027606e+01,  4.737295e+01
  9.407482e+00,  4.748523e+01
  8.260224e+00,  4.505910e+01
  6.982697e+00,  3.881539e+01
  5.841806e+00,  2.699306e+01
  5.205130e+00,  9.199308e+00
  5.304589e+00,  3.501744e+02
  5.941537e+00,  3.362700e+02
  6.702886e+00,  3.286982e+02
  7.282277e+00,  3.259212e+02
  7.529963e+00,  3.266309e+02
  7.415665e+00,  3.302198e+02
  6.998173e+00,  3.365949e+02
  6.401410e+00,  3.459401e+02
  5.783698e+00,  3.583650e+02
  5.286563e+00,  1.335293e+01
  4.966862e+00,  2.942766e+01
  4.763477e+00,  4.481644e+01
  4.545782e+00,  5.857675e+01
  4.196944e+00,  7.085771e+01
  3.662605e+00,  8.249910e+01
  2.958402e+00,  9.482847e+01
  2.158491e+00,  1.100878e+02
  1.389074e+00,  1.333951e+02
  8.691084e-01,  1.771029e+02
  8.790672e-01,  2.361367e+02
  1.210486e+00,  2.768836e+02
  1.629138e+00,  3.068288e+02
  2.178609e+00,  3.320508e+02
  2.922725e+00,  3.523017e+02
  3.828414e+00,  7.453812e+00
  4.780398e+00,  1.849792e+01
  5.628623e+00,  2.658382e+01
  6.222864e+00,  3.256061e+01
  6.436212e+00,  3.694297e+01
  6.182555e+00,  3.994796e+01
  5.429404e+00,  4.143345e+01
  4.208088e+00,  4.046875e+01
  2.638992e+00,  3.290679e+01
  1.222588e+00,  3.505852e+02
  2.048032e+00,  2.774305e+02
  3.931501e+00,  2.622907e+02
  5.735478e+00,  2.588423e+02
  7.216232e+00,  2.584199e+02
  8.244007e+00,  2.592335e+02
  8.750849e+00,  2.607170e+02
  8.726528e+00,  2.626379e+02
  8.214316e+00,  2.648527e+02
  7.301522e+00,  2.672115e+02
  6.106069e+00,  2.694514e+02
  4.761669e+00,  2.709766e+02
  3.407733e+00,  2.702473e+02
  2.203851e+00,  2.627927e+02
  1.441203e+00,  2.373481e+02
  1.549009e+00,  2.015304e+02
  2.209745e+00,  1.874633e+02
  2.954626e+00,  1.869547e+02
  3.636186e+00,  1.915093e+02
  4.188747e+00,  1.980719e+02
  4.552643e+00,  2.055675e+02
  4.670468e+00,  2.137985e+02
  4.503270e+00,  2.231809e+02
  4.055606e+00,  2.349024e+02
  3.417487e+00,  2.515767e+02
  2.854020e+00,  2.777565e+02
  2.862817e+00,  3.130746e+02
  3.676284e+00,  3.427680e+02
  4.939233e+00,  1.012189e+00
  6.278991e+00,  1.215755e+01
  7.466323e+00,  1.947658e+01
  8.356584e+00,  2.449196e+01
  8.862821e+00,  2.784292e+01
  8.951646e+00,  2.969590e+01
  8.643418e+00,  2.988691e+01
  8.016514e+00,  2.792572e+01
  7.216088e+00,  2.296783e+01
  6.464922e+00,  1.402267e+01
  6.045701e+00,  1.036187e+00
  6.178395e+00,  3.465626e+02
  6.843542e+00,  3.345196e+02
  7.813304e+00,  3.266215e+02
  8.831847e+00,  3.223014e+02
  9.702518e+00,  3.204391e+02
  1.028990e+01,  3.201218e+02
  1.050639e+01,  3.207111e+02
  1.030404e+01,  3.217523e+02
  9.671633e+00,  3.228771e+02
  8.634239e+00,  3.237071e+02
  7.253687e+00,  3.237052e+02
  5.631147e+00,  3.218278e+02
  3.922434e+00,  3.154037e+02
  2.426536e+00,  2.960460e+02
  1.902204e+00,  2.510175e+02
  2.670370e+00,  2.174062e+02
  3.698188e+00,  2.062335e+02
  4.485320e+00,  2.036106e+02
  4.890123e+00,  2.047679e+02
  4.882561e+00,  2.083834e+02
  4.496021e+00,  2.144236e+02
  3.819679e+00,  2.238651e+02
  3.012224e+00,  2.392903e+02
  2.354126e+00,  2.653880e+02
  2.243232e+00,  3.011380e+02
  2.736260e+00,  3.306554e+02
  3.448676e+00,  3.488928e+02
  4.087185e+00,  5.019078e-01
  4.514029e+00,  8.605853e+00
  4.671319e+00,  1.450654e+01
  4.547619e+00,  1.852843e+01
  4.167634e+00,  2.028565e+01
  3.596419e+00,  1.848702e+01
  2.968435e+00,  1.034838e+01
  2.556716e+00,  3.522916e+02
  2.730558e+00,  3.285399e+02
  3.529252e+00,  3.119029e+02
  4.662290e+00,  3.044048e+02
  5.888958e+00,  3.022620e+02
  7.060724e+00,  3.028983e+02
  8.075453e+00,  3.050192e+02
  8.857780e+00,  3.079671e+02
  9.354553e+00,  3.113819e+02
  9.535374e+00,  3.150396e+02
  9.394367e+00,  3.187648e+02
  8.947502e+00,  3.223804e+02
  8.229858e+00,  3.256593e+02
  7.292789e+00,  3.282558e+02
  6.202102e+00,  3.295850e+02
  5.040746e+00,  3.285810e+02
  3.923333e+00,  3.232338e+02
  3.033329e+00,  3.102646e+02
  2.639236e+00,  2.885417e+02
  2.855329e+00,  2.670351e+02
  3.407999e+00,  2.538912e+02
  3.967413e+00,  2.474410e+02
  4.332501e+00,  2.444545e+02
  4.388398e+00,  2.429180e+02
  4.072424e+00,  2.415065e+02
  3.368197e+00,  2.387411e+02
  2.322889e+00,  2.309375e+02
  1.206799e+00,  1.989843e+02
  1.515038e+00,  1.229155e+02
  3.120580e+00,  1.000032e+02
  4.882128e+00,  9.369933e+01
  6.522102e+00,  9.126902e+01
  7.878556e+00,  9.013748e+01
  8.829202e+00,  8.945580e+01
  9.292935e+00,  8.881322e+01
  9.238947e+00,  8.790965e+01
  8.689057e+00,  8.640872e+01
  7.718332e+00,  8.379869e+01
  6.455705e+00,  7.915735e+01
  5.091591e+00,  7.069814e+01
  3.906622e+00,  5.530069e+01
  3.284253e+00,  3.116612e+01
  3.428252e+00,  6.521577e+00
  4.019681e+00,  3.509701e+02
  4.647979e+00,  3.435790e+02
  5.107369e+00,  3.410654e+02
  5.332443e+00,  3.413973e+02
  5.325256e+00,  3.434024e+02
  5.116130e+00,  3.462311e+02
  4.741331e+00,  3.490458e+02
  4.233584e+00,  3.508072e+02
  3.628511e+00,  3.500060e+02
  2.993355e+00,  3.441839e+02
  2.486445e+00,  3.297952e+02
  2.388283e+00,  3.068865e+02
  2.842425e+00,  2.860715e+02
  3.631434e+00,  2.740533e+02
  4.475338e+00,  2.684790e+02
  5.182170e+00,  2.665224e+02
  5.626976e+00,  2.667331e+02
  5.737338e+00,  2.685414e+02
  5.489625e+00,  2.719272e+02
  4.912548e+00,  2.773951e+02
  4.096188e+00,  2.862722e+02
  3.216087e+00,  3.014147e+02
  2.583834e+00,  3.268539e+02
  2.560502e+00,  3.587994e+02
  3.078118e+00,  2.327268e+01
  3.732446e+00,  3.794666e+01
  4.252880e+00,  4.697340e+01
  4.525948e+00,  5.309566e+01
  4.529651e+00,  5.764629e+01
  4.300618e+00,  6.123454e+01
  3.914668e+00,  6.403757e+01
  3.470087e+00,  6.585021e+01
  3.072644e+00,  6.607025e+01
  2.824961e+00,  6.394639e+01
  2.817815e+00,  5.946713e+01
  3.110220e+00,  5.410099e+01
  3.703031e+00,  4.967208e+01
  4.537195e+00,  4.683645e+01
  5.512607e+00,  4.528976e+01
  6.505024e+00,  4.453339e+01
  7.379796e+00,  4.419473e+01
  8.007541e+00,  4.404955e+01
  8.282457e+00,  4.397631e+01
  8.133671e+00,  4.390796e+01
  7.534451e+00,  4.380392e+01
  6.506734e+00,  4.363114e+01
  5.119405e+00,  4.334099e+01
  3.480613e+00,  4.280391e+01
  1.725409e+00,  4.138177e+01
  7.397380e-02,  3.106339e+02
  1.566179e+00,  2.260434e+02
  2.843121e+00,  2.245013e+02
  3.758472e+00,  2.237387e+02
  4.278131e+00,  2.231037e+02
  4.417275e+00,  2.224347e+02
  4.237311e+00,  2.216309e+02
  3.837291e+00,  2.205780e+02
  3.340656e+00,  2.191265e+02
  2.878916e+00,  2.171292e+02
  2.573911e+00,  2.146299e+02
  2.520209e+00,  2.121332e+02
  2.771070e+00,  2.103726e+02
  3.332463e+00,  2.095425e+02
  4.163372e+00,  2.092466e+02
  5.179372e+00,  2.090534e+02
  6.261371e+00,  2.087281e+02
  7.270716e+00,  2.081750e+02
  8.069403e+00,  2.073555e+02
  8.535706e+00,  2.062287e+02
  8.580038e+00,  2.047232e+02
  8.158049e+00,  2.027049e+02
  7.278620e+00,  1.999122e+02
  6.006665e+00,  1.957857e+02
  4.464494e+00,  1.889279e+02
  2.853011e+00,  1.749184e+02
  1.635862e+00,  1.373164e+02
  1.830990e+00,  7.823721e+01
  2.849213e+00,  5.181915e+01
  3.743590e+00,  4.015788e+01
  4.285032e+00,  3.264279e+01
  4.435532e+00,  2.618874e+01
  4.239016e+00,  1.938547e+01
  3.796961e+00,  1.115891e+01
  3.252222e+00,  4.823883e-01
  2.762564e+00,  3.468614e+02
  2.443234e+00,  3.318397e+02
  2.294480e+00,  3.195781e+02
  2.223066e+00,  3.141221e+02
  2.173061e+00,  3.175056e+02
  2.221214e+00,  3.296878e+02
  2.532965e+00,  3.464112e+02
  3.172410e+00,  9.684766e-01
  4.034238e+00,  1.087868e+01
  4.957171e+00,  1.716939e+01
  5.798261e+00,  2.124002e+01
  6.450784e+00,  2.402082e+01
  6.848927e+00,  2.605130e+01
  6.969642e+00,  2.762921e+01
  6.831053e+00,  2.889522e+01
  6.486518e+00,  2.986219e+01
  6.014723e+00,  3.040850e+01
  5.507457e+00,  3.026060e+01
  5.057620e+00,  2.901941e+01
  4.749425e+00,  2.632153e+01
  4.649120e+00,  2.216293e+01
  4.791465e+00,  1.712880e+01
  5.164588e+00,  1.213328e+01
  5.706501e+00,  7.856609e+00
  6.318041e+00,  4.506203e+00
  6.882445e+00,  1.978586e+00
  7.283661e+00,  8.391059e-02
  7.422168e+00,  3.586696e+02
  7.228402e+00,  3.576696e+02
  6.673064e+00,  3.571410e+02
  5.773444e+00,  3.573519e+02
  4.596566e+00,  3.590535e+02
  3.266432e+00,  4.424986e+00
  2.016496e+00,  2.083473e+01
  1.448269e+00,  6.431963e+01
  2.020368e+00,  1.006095e+02
  2.890446e+00,  1.101412e+02
  3.622867e+00,  1.087266e+02
  4.160183e+00,  1.017619e+02
  4.573556e+00,  9.100433e+01
  4.984179e+00,  7.779728e+01
  5.484941e+00,  6.384845e+01
  6.073407e+00,  5.075627e+01
  6.648113e+00,  3.931795e+01
  7.059023e+00,  2.951131e+01
  7.162121e+00,  2.087029e+01
  6.855130e+00,  1.272785e+01
  6.098022e+00,  4.171042e+00
  4.929192e+00,  3.535610e+02
  3.504948e+00,  3.367056e+02
  2.304064e+00,  3.009160e+02
  2.489706e+00,  2.455511e+02
  3.918467e+00,  2.145872e+02
  5.526044e+00,  1.995577e+02
  6.902480e+00,  1.897818e+02
  7.884073e+00,  1.818124e+02
  8.407983e+00,  1.742471e+02
  8.487657e+00,  1.662764e+02
  8.205965e+00,  1.572779e+02
  7.701398e+00,  1.467490e+02
  7.142171e+00,  1.344603e+02
  6.679683e+00,  1.207872e+02
  6.387244e+00,  1.068853e+02
  6.226066e+00,  9.422453e+01
  6.078868e+00,  8.380157e+01
  5.821547e+00,  7.589243e+01
  5.374356e+00,  7.036013e+01
  4.716853e+00,  6.701577e+01
  3.881019e+00,  6.585925e+01
  2.936516e+00,  6.734234e+01
  1.976904e+00,  7.311014e+01
  1.123527e+00,  8.926989e+01
  6.381492e-01,  1.371386e+02
  8.317781e-01,  1.906879e+02
  1.188963e+00,  2.116685e+02
  1.431852e+00,  2.221682e+02
  1.527389e+00,  2.289732e+02
  1.483568e+00,  2.330474e+02
  1.316433e+00,  2.330108e+02
  1.064742e+00,  2.243804e+02
  8.813511e-01,  1.976336e+02
  1.108657e+00,  1.605322e+02
  1.777003e+00,  1.401224e+02
  2.659735e+00,  1.311866e+02
  3.605430e+00,  1.264401e+02
  4.496022e+00,  1.230800e+02
  5.223009e+00,  1.199601e+02
  5.692296e+00,  1.164745e+02
  5.836510e+00,  1.121509e+02
  5.628343e+00,  1.064295e+02
  5.093650e+00,  9.843041e+01
  4.327488e+00,  8.657116e+01
  3.522705e+00,  6.808826e+01
  3.001530e+00,  4.035066e+01
  3.067974e+00,  8.140051e+00
  3.619786e+00,  3.415376e+02
  4.304868e+00,  3.216183e+02
  4.897538e+00,  3.048812e+02
  5.343497e+00,  2.886178e+02
  5.719674e+00,  2.714196e+02
  6.182599e+00,  2.532286e+02
  6.873814e+00,  2.352750e+02
  7.817073e+00,  2.191232e+02
  8.897746e+00,  2.055396e+02
  9.924750e+00,  1.943825e+02
  1.069984e+01,  1.851034e+02
  1.105994e+01,  1.771070e+02
  1.089908e+01,  1.698565e+02
  1.017992e+01,  1.628429e+02
  8.934545e+00,  1.554834e+02
  7.261653e+00,  1.468750e+02
  5.328380e+00,  1.350766e+02
  3.416453e+00,  1.144271e+02
  2.216074e+00,  6.913856e+01
  2.746171e+00,  1.548369e+01
  4.090905e+00,  3.488433e+02
  5.358789e+00,  3.335891e+02
  6.338038e+00,  3.217176e+02
  7.014846e+00,  3.106967e+02
  7.454494e+00,  2.996342e+02
  7.753366e+00,  2.883794e+02
  7.995570e+00,  2.772683e+02
  8.216741e+00,  2.669030e+02
  8.392740e+00,  2.578709e+02
  8.458734e+00,  2.505488e+02
  8.343181e+00,  2.450882e+02
  7.997040e+00,  2.415179e+02
  7.409333e+00,  2.398649e+02
  6.609949e+00,  2.402540e+02
  5.664056e+00,  2.429985e+02
  4.662738e+00,  2.487109e+02
  3.713965e+00,  2.584225e+02
  2.936182e+00,  2.734796e+02
  2.444355e+00,  2.942899e+02
  2.287915e+00,  3.176061e+02
  2.385671e+00,  3.379484e+02
  2.594807e+00,  3.529671e+02
  2.810877e+00,  3.130853e+00
  2.979205e+00,  9.215242e+00
  3.076415e+00,  1.153829e+01
  3.103781e+00,  1.004110e+01
  3.090904e+00,  4.549693e+00
  3.095704e+00,  3.552135e+02
  3.183127e+00,  3.430457e+02
  3.380133e+00,  3.298674e+02
  3.644089e+00,  3.172444e+02
  3.879604e+00,  3.056052e+02
  3.982910e+00,  2.943351e+02
  3.883422e+00,  2.820895e+02
  3.585208e+00,  2.666853e+02
  3.232694e+00,  2.448817e+02
  3.184395e+00,  2.151513e+02
  3.814992e+00,  1.850557e+02
  5.067751e+00,  1.629985e+02
  6.624329e+00,  1.481240e+02
  8.205447e+00,  1.373323e+02
  9.603712e+00,  1.286132e+02
  1.066950e+01,  1.208190e+02
  1.131241e+01,  1.132283e+02
  1.150417e+01,  1.053058e+02
  1.128152e+01,  9.658711e+01
  1.074336e+01,  8.664842e+01
  1.003670e+01,  7.516792e+01
  9.325120e+00,  6.210447e+01
  8.736500e+00,  4.792459e+01
  8.307101e+00,  3.360706e+01
  7.964341e+00,  2.022245e+01
  7.570983e+00,  8.427414e+00
  6.995010e+00,  3.583473e+02
  6.157912e+00,  3.497848e+02
  5.050012e+00,  3.424605e+02
  3.724192e+00,  3.362017e+02
  2.279679e+00,  3.313340e+02
  8.469624e-01,  3.324814e+02
  5.230627e-01,  1.129898e+02
  1.589491e+00,  1.188366e+02
  2.383533e+00,  1.117260e+02
  2.891973e+00,  1.009202e+02
  3.197636e+00,  8.656751e+01
  3.464663e+00,  6.887869e+01
  3.877684e+00,  4.975103e+01
  4.523976e+00,  3.220352e+01
  5.342483e+00,  1.798906e+01
  6.192368e+00,  7.027043e+00
  6.930393e+00,  3.585045e+02
  7.447882e+00,  3.516014e+02
  7.683149e+00,  3.456550e+02
  7.623897e+00,  3.401190e+02
  7.304546e+00,  3.344892e+02
  6.800108e+00,  3.282464e+02
  6.217336e+00,  3.208598e+02
  5.681937e+00,  3.119323e+02
  5.316219e+00,  3.015668e+02
  5.202231e+00,  2.907173e+02
  5.347153e+00,  2.808646e+02
  5.686511e+00,  2.730478e+02
  6.122223e+00,  2.673830e+02
  6.555141e+00,  2.633783e+02
  6.897115e+00,  2.603776e+02
  7.074117e+00,  2.577805e+02
  7.030275e+00,  2.550829e+02
  6.734494e+00,  2.518332e+02
  6.187666e+00,  2.475510e+02
  5.428344e+00,  2.416085e+02
  4.535952e+00,  2.330586e+02
  3.631468e+00,  2.204438e+02
  2.870473e+00,  2.020105e+02
  2.396579e+00,  1.777335e+02
  2.214606e+00,  1.520313e+02
  2.141345e+00,  1.292983e+02
  1.985539e+00,  1.084230e+02
  1.703618e+00,  8.396744e+01
  1.492531e+00,  4.808635e+01
  1.763434e+00,  6.571142e+00
  2.542795e+00,  3.386946e+02
  3.504235e+00,  3.225825e+02
  4.396941e+00,  3.120770e+02
  5.051316e+00,  3.041486e+02
  5.350826e+00,  2.973074e+02
  5.231210e+00,  2.905666e+02
  4.687588e+00,  2.828643e+02
  3.786820e+00,  2.722988e+02
  2.709128e+00,  2.539950e+02
  1.932998e+00,  2.161492e+02
  2.255422e+00,  1.680577e+02
  3.332454e+00,  1.418091e+02
  4.446850e+00,  1.283462e+02
  5.305782e+00,  1.195377e+02
  5.789615e+00,  1.124412e+02
  5.864856e+00,  1.057299e+02
  5.565279e+00,  9.852560e+01
  4.983230e+00,  8.998085e+01
  4.259649e+00,  7.912572e+01
  3.565760e+00,  6.511405e+01
  3.052419e+00,  4.837581e+01
  2.761089e+00,  3.198347e+01
  2.585851e+00,  2.017729e+01
  2.383217e+00,  1.577622e+01
  2.117549e+00,  2.109345e+01
  1.953124e+00,  3.852278e+01
  2.196715e+00,  6.242193e+01
  2.899028e+00,  7.981506e+01
  3.812310e+00,  8.879037e+01
  4.697072e+00,  9.275651e+01
  5.387967e+00,  9.393983e+01
  5.780320e+00,  9.333476e+01
  5.826108e+00,  9.125903e+01
  5.535258e+00,  8.759336e+01
  4.976724e+00,  8.180923e+01
  4.278479e+00,  7.291672e+01
  3.623307e+00,  5.970598e+01
  3.212931e+00,  4.231878e+01
  3.147566e+00,  2.462150e+01
  3.324135e+00,  1.166783e+01
  3.553554e+00,  5.047798e+00
  3.716377e+00,  3.980995e+00
  3.792496e+00,  7.409212e+00
  3.827909e+00,  1.428151e+01
  3.881599e+00,  2.317127e+01
  3.967915e+00,  3.232197e+01
  4.033058e+00,  4.026539e+01
  3.980662e+00,  4.625377e+01
  3.716602e+00,  5.006164e+01
  3.182372e+00,  5.146022e+01
  2.373306e+00,  4.933123e+01
  1.364985e+00,  3.764791e+01
  6.703770e-01,  3.315583e+02
  1.541752e+00,  2.729327e+02
  2.730786e+00,  2.606702e+02
  3.779307e+00,  2.552036e+02
  4.553355e+00,  2.510671e+02
  4.982041e+00,  2.467280e+02
  5.051842e+00,  2.412635e+02
  4.816080e+00,  2.336861e+02
  4.406160e+00,  2.227570e+02
  4.033825e+00,  2.074870e+02
  3.934259e+00,  1.890549e+02
  4.202704e+00,  1.718085e+02
  4.708056e+00,  1.593476e+02
  5.234098e+00,  1.520108e+02
  5.616513e+00,  1.487722e+02
  5.772512e+00,  1.487404e+02
  5.689923e+00,  1.514195e+02
  5.410539e+00,  1.565797e+02
  5.003994e+00,  1.640574e+02
  4.537535e+00,  1.735662e+02
  4.046673e+00,  1.846357e+02
  3.521713e+00,  1.968681e+02
  2.925876e+00,  2.106344e+02
  2.249438e+00,  2.285208e+02
  1.630709e+00,  2.587081e+02
  1.583679e+00,  3.066613e+02
  2.372678e+00,  3.409223e+02
  3.506858e+00,  3.564158e+02
  4.653936e+00,  3.444713e+00
  5.643969e+00,  6.146090e+00
  6.377425e+00,  5.901991e+00
  6.816817e+00,  3.085523e+00
  6.996580e+00,  3.576411e+02
  7.028947e+00,  3.494386e+02
  7.086220e+00,  3.387504e+02
  7.336300e+00,  3.267426e+02
  7.846466e+00,  3.152754e+02
  8.539295e+00,  3.058739e+02
  9.244948e+00,  2.991032e+02
  9.784182e+00,  2.948548e+02
  1.002162e+01,  2.928341e+02
  9.888041e+00,  2.928269e+02
  9.386910e+00,  2.947932e+02
  8.586690e+00,  2.988712e+02
  7.607075e+00,  3.053439e+02
  6.596769e+00,  3.145128e+02
  5.697366e+00,  3.263761e+02
  4.991598e+00,  3.401782e+02
  4.459484e+00,  3.543965e+02
  3.991696e+00,  7.603170e+00
  3.462155e+00,  1.935709e+01
  2.795663e+00,  3.039317e+01
  1.996060e+00,  4.303814e+01
  1.169915e+00,  6.515542e+01
  7.315409e-01,  1.233752e+02
  1.146990e+00,  1.737799e+02
  1.678699e+00,  1.896707e+02
  1.969005e+00,  1.948151e+02
  1.929043e+00,  1.937876e+02
  1.586595e+00,  1.837444e+02
  1.223246e+00,  1.520423e+02
  1.601030e+00,  1.057916e+02
  2.743669e+00,  8.440577e+01
  4.155706e+00,  7.687965e+01
  5.584788e+00,  7.425051e+01
  6.868173e+00,  7.368745e+01
  7.880217e+00,  7.413603e+01
  8.529303e+00,  7.511362e+01
  8.759365e+00,  7.632050e+01
  8.551121e+00,  7.748857e+01
  7.921478e+00,  7.827824e+01
  6.922171e+00,  7.812990e+01
  5.642099e+00,  7.592638e+01
  4.227815e+00,  6.904651e+01
  2.976415e+00,  5.097308e+01
  2.548128e+00,  1.550208e+01
  3.322801e+00,  3.454457e+02
  4.611353e+00,  3.323312e+02
  5.885786e+00,  3.274503e+02
  6.919062e+00,  3.260038e+02
  7.589965e+00,  3.260781e+02
  7.827731e+00,  3.268001e+02
  7.601827e+00,  3.276727e+02
  6.922029e+00,  3.282986e+02
  5.839868e+00,  3.281705e+02
  4.450191e+00,  3.262644e+02
  2.902018e+00,  3.195106e+02
  1.505324e+00,  2.939665e+02
  1.357348e+00,  2.262935e+02
  2.400192e+00,  1.972787e+02
  3.363465e+00,  1.895393e+02
  3.939226e+00,  1.869973e+02
  4.031752e+00,  1.861340e+02
  3.618097e+00,  1.855793e+02
  2.732135e+00,  1.838521e+02
  1.475378e+00,  1.751405e+02
  6.103465e-01,  8.597342e+01
  2.100843e+00,  3.756173e+01
  3.878012e+00,  3.326961e+01
  5.575987e+00,  3.389461e+01
  7.061445e+00,  3.614088e+01
  8.240257e+00,  3.924589e+01
  9.053336e+00,  4.293826e+01
  9.476780e+00,  4.708349e+01
  9.518962e+00,  5.157923e+01
  9.214244e+00,  5.630642e+01
  8.614655e+00,  6.109235e+01
  7.781779e+00,  6.566760e+01
  6.781453e+00,  6.959653e+01
  5.684015e+00,  7.214097e+01
  4.573705e+00,  7.197852e+01
  3.574291e+00,  6.675291e+01
  2.892913e+00,  5.355575e+01
  2.779281e+00,  3.466067e+01
  3.230258e+00,  2.035860e+01
  3.967846e+00,  1.464361e+01
  4.762096e+00,  1.491456e+01
  5.493681e+00,  1.866243e+01
  6.102215e+00,  2.447047e+01
  6.553271e+00,  3.157519e+01
  6.823567e+00,  3.956255e+01
  6.895830e+00,  4.823828e+01
  6.760237e+00,  5.759138e+01
  6.420984e+00,  6.780798e+01
  5.906700e+00,  7.931698e+01
  5.283155e+00,  9.283416e+01
  4.664357e+00,  1.092513e+02
  4.205312e+00,  1.289259e+02
  4.036497e+00,  1.502246e+02
  4.148093e+00,  1.695853e+02
  4.373231e+00,  1.844349e+02
  4.505456e+00,  1.943502e+02
  4.394445e+00,  1.995693e+02
  3.983432e+00,  1.995673e+02
  3.351115e+00,  1.918396e+02
  2.829644e+00,  1.713523e+02
  3.046505e+00,  1.412388e+02
  4.163715e+00,  1.197647e+02
  5.698623e+00,  1.095087e+02
  7.241523e+00,  1.051296e+02
  8.531360e+00,  1.036276e+02
  9.388393e+00,  1.037017e+02
  9.696141e+00,  1.047926e+02
  9.400763e+00,  1.067037e+02
  8.512802e+00,  1.094885e+02
  7.106071e+00,  1.135193e+02
  5.315311e+00,  1.199194e+02
  3.352494e+00,  1.326162e+02
  1.723463e+00,  1.705547e+02
  2.014451e+00,  2.410510e+02
  3.513581e+00,  2.675331e+02
  4.891803e+00,  2.781873e+02
  5.883100e+00,  2.845973e+02
  6.418622e+00,  2.892737e+02
  6.501138e+00,  2.928416e+02
  6.180773e+00,  2.952149e+02
  5.545521e+00,  2.957204e+02
  4.725566e+00,  2.928287e+02
  3.929266e+00,  2.837581e+02
  3.510037e+00,  2.661153e+02
  3.844177e+00,  2.453481e+02
  4.897455e+00,  2.313120e+02
  6.337023e+00,  2.247826e+02
  7.881946e+00,  2.226454e+02
  9.329254e+00,  2.227243e+02
  1.051204e+01,  2.238741e+02
  1.128800e+01,  2.255054e+02
  1.154814e+01,  2.273043e+02
  1.122568e+01,  2.290823e+02
  1.030537e+01,  2.306905e+02
  8.828999e+00,  2.319381e+02
  6.894925e+00,  2.324292e+02
  4.654274e+00,  2.309660e+02
  2.329800e+00,  2.215423e+02
  9.459627e-01,  1.422725e+02
  2.584468e+00,  9.057812e+01
  4.330523e+00,  8.503755e+01
  5.662086e+00,  8.548946e+01
  6.501560e+00,  8.807579e+01
  6.856240e+00,  9.197320e+01
  6.790992e+00,  9.691183e+01
  6.407340e+00,  1.026725e+02
  5.815986e+00,  1.088274e+02
  5.107803e+00,  1.144910e+02
  4.339389e+00,  1.180243e+02
  3.559852e+00,  1.165352e+02
  2.914037e+00,  1.052575e+02
  2.792481e+00,  8.200741e+01
  3.535261e+00,  5.965667e+01
  4.898861e+00,  4.765805e+01
  6.484151e+00,  4.252826e+01
  7.996640e+00,  4.068331e+01
  9.210443e+00,  4.043088e+01
  9.945480e+00,  4.103357e+01
  1.007363e+01,  4.218796e+01
  9.531320e+00,  4.382661e+01
  8.328217e+00,  4.608730e+01
  6.549265e+00,  4.947536e+01
  4.354546e+00,  5.573812e+01
  2.034459e+00,  7.487441e+01
  1.344078e+00,  1.713090e+02
  3.336597e+00,  2.075244e+02
  5.256963e+00,  2.165831e+02
  6.711347e+00,  2.215483e+02
  7.591899e+00,  2.254381e+02
  7.882526e+00,  2.291198e+02
  7.640931e+00,  2.329811e+02
  6.984042e+00,  2.372283e+02
  6.066309e+00,  2.418922e+02
  5.051118e+00,  2.466439e+02
  4.081372e+00,  2.503681e+02
  3.268698e+00,  2.505278e+02
  2.738746e+00,  2.432197e+02
  2.707257e+00,  2.277318e+02
  3.328563e+00,  2.126238e+02
  4.464076e+00,  2.040843e+02
  5.857449e+00,  2.005585e+02
  7.275644e+00,  1.996685e+02
  8.510243e+00,  2.001263e+02
  9.379282e+00,  2.013688e+02
  9.742276e+00,  2.032149e+02
  9.517500e+00,  2.057244e+02
  8.695856e+00,  2.092061e+02
  7.350681e+00,  2.144078e+02
  5.651350e+00,  2.231546e+02
  3.918781e+00,  2.403362e+02
  2.834500e+00,  2.757050e+02
  3.186998e+00,  3.170408e+02
  4.302687e+00,  3.392291e+02
  5.291161e+00,  3.496945e+02
  5.811814e+00,  3.551782e+02
  5.761955e+00,  3.580999e+02
  5.159227e+00,  3.591697e+02
  4.107843e+00,  3.580410e+02
  2.788007e+00,  3.523712e+02
  1.513658e+00,  3.311518e+02
  1.176284e+00,  2.695835e+02
  1.967314e+00,  2.373737e+02
  2.713056e+00,  2.313907e+02
  3.109492e+00,  2.340458e+02
  3.157738e+00,  2.427376e+02
  3.020945e+00,  2.583432e+02
  3.005739e+00,  2.809045e+02
  3.383572e+00,  3.048223e+02
  4.103998e+00,  3.234764e+02
  4.895200e+00,  3.363573e+02
  5.505715e+00,  3.456266e+02
  5.773952e+00,  3.531519e+02
  5.630082e+00,  3.148633e-01
  5.094444e+00,  8.436731e+00
  4.280521e+00,  1.931988e+01
  3.407571e+00,  3.581579e+01
  2.805422e+00,  6.053553e+01
  2.731855e+00,  8.844968e+01
  3.002689e+00,  1.090371e+02
  3.206481e+00,  1.206751e+02
  3.077719e+00,  1.258178e+02
  2.526371e+00,  1.248381e+02
  1.639499e+00,  1.113495e+02
  1.107493e+00,  5.465565e+01
  2.137552e+00,  6.957327e+00
  3.683470e+00,  3.546156e+02
  5.159063e+00,  3.505121e+02
  6.327294e+00,  3.490471e+02
  7.033939e+00,  3.488476e+02
  7.192203e+00,  3.495657e+02
  6.788864e+00,  3.512971e+02
  5.888502e+00,  3.545722e+02
  4.636668e+00,  7.924063e-01
  3.280604e+00,  1.365959e+01
  2.266718e+00,  4.149167e+01
  2.196018e+00,  8.080043e+01
  2.785539e+00,  1.042813e+02
  3.298627e+00,  1.130363e+02
  3.428347e+00,  1.138938e+02
  3.134447e+00,  1.080781e+02
  2.584364e+00,  9.219159e+01
  2.276602e+00,  6.051761e+01
  2.818383e+00,  2.611883e+01
  3.978646e+00,  6.347657e+00
  5.223836e+00,  3.563597e+02
  6.228923e+00,  3.508873e+02
  6.803605e+00,  3.477011e+02
  6.845969e+00,  3.459182e+02
  6.332488e+00,  3.452758e+02
  5.314099e+00,  3.459976e+02
  3.912149e+00,  3.492376e+02
  2.332317e+00,  3.598450e+02
  1.127712e+00,  4.556808e+01
  1.728316e+00,  1.109835e+02
  2.912090e+00,  1.268374e+02
  3.801826e+00,  1.307262e+02
  4.235180e+00,  1.306490e+02
  4.185685e+00,  1.278799e+02
  3.715635e+00,  1.217311e+02
  2.990618e+00,  1.094475e+02
  2.352206e+00,  8.538809e+01
  2.331392e+00,  5.097861e+01
  3.005382e+00,  2.567455e+01
  3.899411e+00,  1.322491e+01
  4.687033e+00,  7.826510e+00
  5.232633e+00,  6.265552e+00
  5.503854e+00,  7.196587e+00
  5.532602e+00,  9.996306e+00
  5.388663e+00,  1.420640e+01
  5.150740e+00,  1.920511e+01
  4.876729e+00,  2.402497e+01
  4.587270e+00,  2.737045e+01
  4.278219e+00,  2.778252e+01
  3.962005e+00,  2.378412e+01
  3.717052e+00,  1.420526e+01
  3.698640e+00,  3.595054e+02
  4.039461e+00,  3.432238e+02
  4.705269e+00,  3.294679e+02
  5.517313e+00,  3.194649e+02
  6.272136e+00,  3.124670e+02
  6.802878e+00,  3.074921e+02
  6.994364e+00,  3.038665e+02
  6.787045e+00,  3.012367e+02
  6.178068e+00,  2.995324e+02
  5.219515e+00,  2.990380e+02
  4.015648e+00,  3.007648e+02
  2.731374e+00,  3.078784e+02
  1.676659e+00,  3.306630e+02
  1.501974e+00,  1.560561e+01
  2.147374e+00,  4.007322e+01
  2.852855e+00,  4.457880e+01
  3.374316e+00,  4.054787e+01
  3.710477e+00,  3.144078e+01
  3.954549e+00,  1.858603e+01
  4.226524e+00,  3.400853e+00
  4.597344e+00,  3.478078e+02
  5.040057e+00,  3.334193e+02
  5.449762e+00,  3.208151e+02
  5.700128e+00,  3.097124e+02
  5.688489e+00,  2.994125e+02
  5.360087e+00,  2.889716e+02
  4.718339e+00,  2.769817e+02
  3.800284e+00,  2.604007e+02
  2.529720e+00,  2.246185e+02
##END=
