##TITLE= E:\桌面\nmr\ogm\sjd\matlabcod\1\2_6_xjhsjd
##JCAMP-DX= 5.00 Bruker JCAMP library
##DATA TYPE= Shape Data
##ORIGIN= Colm's GRAPE Pulses 
##OWNER= Dawei.Lu
##DATE= 02-Aug-2025
##TIME= 11:38
##MINX= 2.533527e-01
##MAXX= 1.353759e+01
##MINY= 6.979674e-02
##MAXY= 3.597295e+02
##$SHAPE_EXMODE= None
##$SHAPE_TOTROT= 9.000000e+01
##$SHAPE_BWFAC= 1.000000e+00
##$SHAPE_INTEGFAC= 1.000000e+00
##$SHAPE_MODE= 1
##PULSE_WIDTH= 5000
##Calibration_Power= 12500
##NPOINTS= 1000
##XYPOINTS= (XY..XY)
  1.935785e+00,  3.135352e+02
  2.731962e+00,  3.294067e+02
  3.546742e+00,  3.416847e+02
  2.893474e+00,  3.592986e+02
  2.200296e+00,  2.650397e+01
  1.979746e+00,  6.818791e+01
  2.603455e+00,  1.058566e+02
  3.734782e+00,  1.270789e+02
  4.983034e+00,  1.387550e+02
  6.125461e+00,  1.455922e+02
  7.014018e+00,  1.494925e+02
  7.548540e+00,  1.511687e+02
  7.680942e+00,  1.507530e+02
  7.427366e+00,  1.479673e+02
  6.882767e+00,  1.421427e+02
  6.234877e+00,  1.323361e+02
  5.756064e+00,  1.181180e+02
  5.703749e+00,  1.013347e+02
  6.123449e+00,  8.603456e+01
  6.808337e+00,  7.485859e+01
  7.483600e+00,  6.779816e+01
  7.942600e+00,  6.389188e+01
  8.071379e+00,  6.230818e+01
  7.835868e+00,  6.253830e+01
  7.264775e+00,  6.433422e+01
  6.432148e+00,  6.762955e+01
  5.438649e+00,  7.247256e+01
  4.391079e+00,  7.894188e+01
  3.380669e+00,  8.698470e+01
  2.462435e+00,  9.608784e+01
  1.643033e+00,  1.045734e+02
  8.953834e-01,  1.066198e+02
  3.559353e-01,  5.683891e+01
  8.900208e-01,  3.561705e+02
  1.758217e+00,  3.533851e+02
  2.681121e+00,  3.570110e+02
  3.587105e+00,  1.603453e+00
  4.411256e+00,  6.139691e+00
  5.096327e+00,  1.033210e+01
  5.599525e+00,  1.402858e+01
  5.896379e+00,  1.704574e+01
  5.981945e+00,  1.909413e+01
  5.871747e+00,  1.972201e+01
  5.606068e+00,  1.826451e+01
  5.260869e+00,  1.384474e+01
  4.963128e+00,  5.635547e+00
  4.887531e+00,  3.537595e+02
  5.186949e+00,  3.403311e+02
  5.881023e+00,  3.283766e+02
  6.844326e+00,  3.193751e+02
  7.894520e+00,  3.130628e+02
  8.858290e+00,  3.086075e+02
  9.593848e+00,  3.052569e+02
  9.996030e+00,  3.024490e+02
  1.000093e+01,  2.997572e+02
  9.590507e+00,  2.968108e+02
  8.795295e+00,  2.932127e+02
  7.694165e+00,  2.884387e+02
  6.411785e+00,  2.816950e+02
  5.114940e+00,  2.717488e+02
  4.004146e+00,  2.570424e+02
  3.268333e+00,  2.372955e+02
  2.943752e+00,  2.165042e+02
  2.818694e+00,  2.004195e+02
  2.615836e+00,  1.910711e+02
  2.181066e+00,  1.888636e+02
  1.532708e+00,  1.984018e+02
  1.067507e+00,  2.391595e+02
  1.645632e+00,  2.861992e+02
  2.802515e+00,  3.010071e+02
  4.011212e+00,  3.047160e+02
  5.069143e+00,  3.044993e+02
  5.858807e+00,  3.021515e+02
  6.316690e+00,  2.980676e+02
  6.436599e+00,  2.920980e+02
  6.276847e+00,  2.837772e+02
  5.964528e+00,  2.724982e+02
  5.685305e+00,  2.579719e+02
  5.628866e+00,  2.411085e+02
  5.882618e+00,  2.242317e+02
  6.370527e+00,  2.094963e+02
  6.918788e+00,  1.975153e+02
  7.356543e+00,  1.877659e+02
  7.565396e+00,  1.793998e+02
  7.489309e+00,  1.715821e+02
  7.131884e+00,  1.635072e+02
  6.552130e+00,  1.543135e+02
  5.861225e+00,  1.430270e+02
  5.216304e+00,  1.287497e+02
  4.791679e+00,  1.114525e+02
  4.698122e+00,  9.299762e+01
  4.895735e+00,  7.626555e+01
  5.223528e+00,  6.274471e+01
  5.508437e+00,  5.212900e+01
  5.627064e+00,  4.341078e+01
  5.513752e+00,  3.552643e+01
  5.153998e+00,  2.741932e+01
  4.581226e+00,  1.783238e+01
  3.883693e+00,  4.937076e+00
  3.228266e+00,  3.460803e+02
  2.878463e+00,  3.197145e+02
  3.049390e+00,  2.912365e+02
  3.639233e+00,  2.686262e+02
  4.375815e+00,  2.524036e+02
  5.060784e+00,  2.398396e+02
  5.592985e+00,  2.287826e+02
  5.941226e+00,  2.178790e+02
  6.128980e+00,  2.062654e+02
  6.223217e+00,  1.934543e+02
  6.315408e+00,  1.794026e+02
  6.488403e+00,  1.645918e+02
  6.778346e+00,  1.498615e+02
  7.156788e+00,  1.359721e+02
  7.546732e+00,  1.232622e+02
  7.856662e+00,  1.116402e+02
  8.009893e+00,  1.007607e+02
  7.961098e+00,  9.017709e+01
  7.702229e+00,  7.941663e+01
  7.261390e+00,  6.800464e+01
  6.696565e+00,  5.548479e+01
  6.084363e+00,  4.147697e+01
  5.502866e+00,  2.580178e+01
  5.009208e+00,  8.628382e+00
  4.619596e+00,  3.504702e+02
  4.307338e+00,  3.318711e+02
  4.026858e+00,  3.129589e+02
  3.751514e+00,  2.932394e+02
  3.505016e+00,  2.718357e+02
  3.366128e+00,  2.482572e+02
  3.433033e+00,  2.235548e+02
  3.746901e+00,  2.002890e+02
  4.251806e+00,  1.804100e+02
  4.838444e+00,  1.641035e+02
  5.400023e+00,  1.506126e+02
  5.854872e+00,  1.390938e+02
  6.148845e+00,  1.288954e+02
  6.251890e+00,  1.195667e+02
  6.153265e+00,  1.108073e+02
  5.856484e+00,  1.024192e+02
  5.374679e+00,  9.426543e+01
  4.727037e+00,  8.623220e+01
  3.936572e+00,  7.817634e+01
  3.029139e+00,  6.981227e+01
  2.033794e+00,  6.029247e+01
  9.898238e-01,  4.513905e+01
  3.132155e-01,  2.965911e+02
  1.281255e+00,  2.407207e+02
  2.348259e+00,  2.286305e+02
  3.376467e+00,  2.201828e+02
  4.338289e+00,  2.126937e+02
  5.216371e+00,  2.054888e+02
  6.001591e+00,  1.982740e+02
  6.695729e+00,  1.908732e+02
  7.309018e+00,  1.831878e+02
  7.857318e+00,  1.751812e+02
  8.358440e+00,  1.668725e+02
  8.827233e+00,  1.583269e+02
  9.270593e+00,  1.496358e+02
  9.684100e+00,  1.408873e+02
  1.005186e+01,  1.321364e+02
  1.035018e+01,  1.233833e+02
  1.055422e+01,  1.145683e+02
  1.064602e+01,  1.055809e+02
  1.062155e+01,  9.628112e+01
  1.049467e+01,  8.653293e+01
  1.029605e+01,  7.624844e+01
  1.006569e+01,  6.543932e+01
  9.839358e+00,  5.425583e+01
  9.632779e+00,  4.298088e+01
  9.430508e+00,  3.195951e+01
  9.186327e+00,  2.149028e+01
  8.835778e+00,  1.173844e+01
  8.314959e+00,  2.705953e+00
  7.578142e+00,  3.542409e+02
  6.609792e+00,  3.460376e+02
  5.430351e+00,  3.375604e+02
  4.098993e+00,  3.277369e+02
  2.721966e+00,  3.137858e+02
  1.511664e+00,  2.853897e+02
  1.137852e+00,  2.207640e+02
  1.810053e+00,  1.773305e+02
  2.544338e+00,  1.587333e+02
  3.026360e+00,  1.464255e+02
  3.195916e+00,  1.352649e+02
  3.074527e+00,  1.228566e+02
  2.750979e+00,  1.069072e+02
  2.395383e+00,  8.467944e+01
  2.251823e+00,  5.561759e+01
  2.474759e+00,  2.626512e+01
  2.950652e+00,  3.093858e+00
  3.468276e+00,  3.454439e+02
  3.891182e+00,  3.305247e+02
  4.175133e+00,  3.162028e+02
  4.354742e+00,  3.011424e+02
  4.525463e+00,  2.848522e+02
  4.801569e+00,  2.679460e+02
  5.248207e+00,  2.519183e+02
  5.835934e+00,  2.381171e+02
  6.459068e+00,  2.270026e+02
  6.986379e+00,  2.183254e+02
  7.299941e+00,  2.115860e+02
  7.315445e+00,  2.062932e+02
  6.992820e+00,  2.020375e+02
  6.333461e+00,  1.984647e+02
  5.375768e+00,  1.951973e+02
  4.188934e+00,  1.916556e+02
  2.866704e+00,  1.864523e+02
  1.537414e+00,  1.739328e+02
  6.537701e-01,  1.117053e+02
  1.371054e+00,  4.739293e+01
  2.350043e+00,  3.530280e+01
  3.148956e+00,  3.133828e+01
  3.711379e+00,  2.946181e+01
  4.029374e+00,  2.805985e+01
  4.119535e+00,  2.627255e+01
  4.019338e+00,  2.333979e+01
  3.788993e+00,  1.841614e+01
  3.515938e+00,  1.062868e+01
  3.312686e+00,  3.595973e+02
  3.285038e+00,  3.464478e+02
  3.465664e+00,  3.338660e+02
  3.782822e+00,  3.240960e+02
  4.108994e+00,  3.176681e+02
  4.321120e+00,  3.141475e+02
  4.328436e+00,  3.130626e+02
  4.082264e+00,  3.143295e+02
  3.584032e+00,  3.185660e+02
  2.903407e+00,  3.278286e+02
  2.233660e+00,  3.469535e+02
  1.979284e+00,  1.957597e+01
  2.413937e+00,  4.988564e+01
  3.194642e+00,  6.632623e+01
  3.939599e+00,  7.406328e+01
  4.446353e+00,  7.725392e+01
  4.613931e+00,  7.749803e+01
  4.412094e+00,  7.503520e+01
  3.882187e+00,  6.900198e+01
  3.160633e+00,  5.686945e+01
  2.544274e+00,  3.403041e+01
  2.487238e+00,  1.793139e+00
  3.075541e+00,  3.359376e+02
  3.884324e+00,  3.211893e+02
  4.559940e+00,  3.128622e+02
  4.914497e+00,  3.077406e+02
  4.860093e+00,  3.042835e+02
  4.380156e+00,  3.016977e+02
  3.517504e+00,  2.994410e+02
  2.364404e+00,  2.967595e+02
  1.053557e+00,  2.901964e+02
  3.550749e-01,  1.518491e+02
  1.519378e+00,  1.266325e+02
  2.456238e+00,  1.237689e+02
  3.027516e+00,  1.230627e+02
  3.172159e+00,  1.234016e+02
  2.883986e+00,  1.248951e+02
  2.214372e+00,  1.286623e+02
  1.284539e+00,  1.401160e+02
  5.594195e-01,  2.044979e+02
  1.299747e+00,  2.693998e+02
  2.281406e+00,  2.810917e+02
  3.028797e+00,  2.851404e+02
  3.407640e+00,  2.869814e+02
  3.350026e+00,  2.876872e+02
  2.843821e+00,  2.872323e+02
  1.933835e+00,  2.841244e+02
  7.578705e-01,  2.645326e+02
  9.192824e-01,  1.447943e+02
  2.385027e+00,  1.293620e+02
  3.820004e+00,  1.269439e+02
  5.053171e+00,  1.269500e+02
  5.976276e+00,  1.279688e+02
  6.524445e+00,  1.296255e+02
  6.678726e+00,  1.317817e+02
  6.464181e+00,  1.343455e+02
  5.941790e+00,  1.371752e+02
  5.195437e+00,  1.399635e+02
  4.318210e+00,  1.420265e+02
  3.406205e+00,  1.418400e+02
  2.572723e+00,  1.360921e+02
  2.019385e+00,  1.193459e+02
  2.059312e+00,  9.413007e+01
  2.710756e+00,  7.694594e+01
  3.669845e+00,  7.020983e+01
  4.709391e+00,  6.876075e+01
  5.684046e+00,  6.958115e+01
  6.477129e+00,  7.134172e+01
  6.991050e+00,  7.345840e+01
  7.154469e+00,  7.566497e+01
  6.931854e+00,  7.782488e+01
  6.329810e+00,  7.982879e+01
  5.397998e+00,  8.149701e+01
  4.224607e+00,  8.238393e+01
  2.929623e+00,  8.113332e+01
  1.674538e+00,  7.235207e+01
  8.574502e-01,  2.978817e+01
  1.257351e+00,  3.367602e+02
  2.026897e+00,  3.276886e+02
  2.697183e+00,  3.314092e+02
  3.254216e+00,  3.398620e+02
  3.749410e+00,  3.504569e+02
  4.216998e+00,  1.568470e+00
  4.637874e+00,  1.208728e+01
  4.942015e+00,  2.150117e+01
  5.034594e+00,  2.984002e+01
  4.830193e+00,  3.753517e+01
  4.281765e+00,  4.543759e+01
  3.404956e+00,  5.535833e+01
  2.323760e+00,  7.259411e+01
  1.505063e+00,  1.145458e+02
  1.957415e+00,  1.692293e+02
  3.163605e+00,  1.919916e+02
  4.335649e+00,  2.010302e+02
  5.192941e+00,  2.049941e+02
  5.598931e+00,  2.060835e+02
  5.499276e+00,  2.045880e+02
  4.929003e+00,  1.995909e+02
  4.052996e+00,  1.883456e+02
  3.281151e+00,  1.655152e+02
  3.315186e+00,  1.324337e+02
  4.329487e+00,  1.073104e+02
  5.727273e+00,  9.423510e+01
  7.024943e+00,  8.768569e+01
  7.956837e+00,  8.436002e+01
  8.377455e+00,  8.277510e+01
  8.225279e+00,  8.222232e+01
  7.509980e+00,  8.230670e+01
  6.302071e+00,  8.272944e+01
  4.719716e+00,  8.309610e+01
  2.914597e+00,  8.225655e+01
  1.076580e+00,  7.153508e+01
  8.802913e-01,  3.013991e+02
  2.405866e+00,  2.885204e+02
  3.668213e+00,  2.898407e+02
  4.576691e+00,  2.939525e+02
  5.120867e+00,  2.996715e+02
  5.332462e+00,  3.067539e+02
  5.270493e+00,  3.151293e+02
  5.003526e+00,  3.247183e+02
  4.591415e+00,  3.353749e+02
  4.072661e+00,  3.469254e+02
  3.463508e+00,  3.593316e+02
  2.770429e+00,  1.304229e+01
  2.013413e+00,  2.988924e+01
  1.272019e+00,  5.649253e+01
  8.643667e-01,  1.114472e+02
  1.224384e+00,  1.667476e+02
  1.871008e+00,  1.933982e+02
  2.457340e+00,  2.102787e+02
  2.886671e+00,  2.245943e+02
  3.140982e+00,  2.389306e+02
  3.255307e+00,  2.546325e+02
  3.308757e+00,  2.723501e+02
  3.399377e+00,  2.917857e+02
  3.596491e+00,  3.115609e+02
  3.897857e+00,  3.300775e+02
  4.238730e+00,  3.466158e+02
  4.539187e+00,  1.411836e+00
  4.743244e+00,  1.510565e+01
  4.833752e+00,  2.830089e+01
  4.827419e+00,  4.132701e+01
  4.754875e+00,  5.409790e+01
  4.632682e+00,  6.607213e+01
  4.442046e+00,  7.636173e+01
  4.131026e+00,  8.385628e+01
  3.646346e+00,  8.698896e+01
  2.999953e+00,  8.257797e+01
  2.426791e+00,  6.376421e+01
  2.594878e+00,  3.058503e+01
  3.829685e+00,  7.106270e+00
  5.658800e+00,  3.568902e+02
  7.686944e+00,  3.526413e+02
  9.660225e+00,  3.508064e+02
  1.137647e+01,  3.499225e+02
  1.266845e+01,  3.492939e+02
  1.341174e+01,  3.485001e+02
  1.353759e+01,  3.471912e+02
  1.304520e+01,  3.449658e+02
  1.201226e+01,  3.412516e+02
  1.060643e+01,  3.351681e+02
  9.101132e+00,  3.254382e+02
  7.882322e+00,  3.108615e+02
  7.352576e+00,  2.923734e+02
  7.629416e+00,  2.745131e+02
  8.395592e+00,  2.612075e+02
  9.199662e+00,  2.526908e+02
  9.710323e+00,  2.476285e+02
  9.743960e+00,  2.448059e+02
  9.228523e+00,  2.433907e+02
  8.172805e+00,  2.427934e+02
  6.644821e+00,  2.424646e+02
  4.755845e+00,  2.415090e+02
  2.655820e+00,  2.368066e+02
  7.494764e-01,  1.904872e+02
  1.955175e+00,  9.576046e+01
  3.886923e+00,  8.811618e+01
  5.557156e+00,  8.757256e+01
  6.840007e+00,  8.862087e+01
  7.665020e+00,  9.012010e+01
  7.998900e+00,  9.156850e+01
  7.845587e+00,  9.255513e+01
  7.248364e+00,  9.253865e+01
  6.295576e+00,  9.058746e+01
  5.138942e+00,  8.488057e+01
  4.044897e+00,  7.196180e+01
  3.473791e+00,  4.885014e+01
  3.824313e+00,  2.395709e+01
  4.850428e+00,  8.987627e+00
  6.078275e+00,  2.777222e+00
  7.233079e+00,  1.459253e+00
  8.184615e+00,  2.817195e+00
  8.872535e+00,  5.701476e+00
  9.271803e+00,  9.433313e+00
  9.374907e+00,  1.352374e+01
  9.182079e+00,  1.754308e+01
  8.698243e+00,  2.104319e+01
  7.936960e+00,  2.347210e+01
  6.931891e+00,  2.401515e+01
  5.758960e+00,  2.125080e+01
  4.581869e+00,  1.250895e+01
  3.737128e+00,  3.540671e+02
  3.688973e+00,  3.283774e+02
  4.464578e+00,  3.081304e+02
  5.582569e+00,  2.971030e+02
  6.633770e+00,  2.917053e+02
  7.378682e+00,  2.891258e+02
  7.676629e+00,  2.878661e+02
  7.453882e+00,  2.870459e+02
  6.696404e+00,  2.859356e+02
  5.449866e+00,  2.834521e+02
  3.834638e+00,  2.767785e+02
  2.172586e+00,  2.540883e+02
  1.856033e+00,  1.889408e+02
  3.503752e+00,  1.555269e+02
  5.466761e+00,  1.466810e+02
  7.252773e+00,  1.439584e+02
  8.686873e+00,  1.433534e+02
  9.672264e+00,  1.436023e+02
  1.016215e+01,  1.441164e+02
  1.015438e+01,  1.444861e+02
  9.688884e+00,  1.442923e+02
  8.846219e+00,  1.429736e+02
  7.749841e+00,  1.396707e+02
  6.577118e+00,  1.330612e+02
  5.578551e+00,  1.215431e+02
  5.057142e+00,  1.050125e+02
  5.184388e+00,  8.762582e+01
  5.797969e+00,  7.453744e+01
  6.561593e+00,  6.672902e+01
  7.196563e+00,  6.279009e+01
  7.524686e+00,  6.134043e+01
  7.444554e+00,  6.152523e+01
  6.913613e+00,  6.292727e+01
  5.939945e+00,  6.552730e+01
  4.581410e+00,  6.992848e+01
  2.954605e+00,  7.880636e+01
  1.357206e+00,  1.089939e+02
  1.449833e+00,  1.968355e+02
  3.017591e+00,  2.233399e+02
  4.513254e+00,  2.314066e+02
  5.669457e+00,  2.352937e+02
  6.376989e+00,  2.373803e+02
  6.589261e+00,  2.381907e+02
  6.317095e+00,  2.376123e+02
  5.631691e+00,  2.349839e+02
  4.675256e+00,  2.287273e+02
  3.697513e+00,  2.156296e+02
  3.120395e+00,  1.923743e+02
  3.342642e+00,  1.661426e+02
  4.186055e+00,  1.495253e+02
  5.211801e+00,  1.422251e+02
  6.163420e+00,  1.402725e+02
  6.931820e+00,  1.412826e+02
  7.478257e+00,  1.439753e+02
  7.794174e+00,  1.475445e+02
  7.878973e+00,  1.513664e+02
  7.729444e+00,  1.548795e+02
  7.340281e+00,  1.575163e+02
  6.714277e+00,  1.586105e+02
  5.883261e+00,  1.572201e+02
  4.936992e+00,  1.517958e+02
  4.065028e+00,  1.399350e+02
  3.581924e+00,  1.202767e+02
  3.739771e+00,  9.840825e+01
  4.385335e+00,  8.270764e+01
  5.146314e+00,  7.410787e+01
  5.745206e+00,  7.025617e+01
  6.030377e+00,  6.946429e+01
  5.941548e+00,  7.098708e+01
  5.491095e+00,  7.475922e+01
  4.755937e+00,  8.134295e+01
  3.874952e+00,  9.212441e+01
  3.051731e+00,  1.094603e+02
  2.534220e+00,  1.347460e+02
  2.449869e+00,  1.627431e+02
  2.617055e+00,  1.857422e+02
  2.763631e+00,  2.035099e+02
  2.760558e+00,  2.194849e+02
  2.635051e+00,  2.369525e+02
  2.535943e+00,  2.577755e+02
  2.643906e+00,  2.799261e+02
  2.996227e+00,  2.980831e+02
  3.449260e+00,  3.095162e+02
  3.824547e+00,  3.146842e+02
  4.012163e+00,  3.143374e+02
  4.010131e+00,  3.083578e+02
  3.955889e+00,  2.961022e+02
  4.121126e+00,  2.784622e+02
  4.747077e+00,  2.600331e+02
  5.816478e+00,  2.454587e+02
  7.104589e+00,  2.354797e+02
  8.355310e+00,  2.288626e+02
  9.354792e+00,  2.244031e+02
  9.945724e+00,  2.213140e+02
  1.003147e+01,  2.191237e+02
  9.578231e+00,  2.175532e+02
  8.613511e+00,  2.164411e+02
  7.219569e+00,  2.157110e+02
  5.521714e+00,  2.153851e+02
  3.672760e+00,  2.157263e+02
  1.836729e+00,  2.182517e+02
  2.533527e-01,  2.664427e+02
  1.269700e+00,  2.037711e+01
  2.286186e+00,  2.316052e+01
  2.899947e+00,  2.210863e+01
  3.123593e+00,  1.896836e+01
  3.030383e+00,  1.315798e+01
  2.757407e+00,  3.185815e+00
  2.512555e+00,  3.475212e+02
  2.527776e+00,  3.280569e+02
  2.886670e+00,  3.114345e+02
  3.465870e+00,  3.014208e+02
  4.103174e+00,  2.969658e+02
  4.688482e+00,  2.961049e+02
  5.154475e+00,  2.974098e+02
  5.453872e+00,  2.999601e+02
  5.545871e+00,  3.031690e+02
  5.392734e+00,  3.066920e+02
  4.964513e+00,  3.104096e+02
  4.248770e+00,  3.145025e+02
  3.262725e+00,  3.198111e+02
  2.073599e+00,  3.297077e+02
  9.436621e-01,  6.034429e+00
  1.273916e+00,  8.855630e+01
  2.549180e+00,  1.086574e+02
  3.767321e+00,  1.132870e+02
  4.739827e+00,  1.134830e+02
  5.383295e+00,  1.111470e+02
  5.673766e+00,  1.065802e+02
  5.650132e+00,  9.954573e+01
  5.416363e+00,  8.959686e+01
  5.127840e+00,  7.649789e+01
  4.941410e+00,  6.094118e+01
  4.926895e+00,  4.487505e+01
  5.007420e+00,  3.039242e+01
  5.008318e+00,  1.836013e+01
  4.753217e+00,  8.450393e+00
  4.122812e+00,  3.597295e+02
  3.074757e+00,  3.505427e+02
  1.663788e+00,  3.348194e+02
  6.889979e-01,  2.408943e+02
  2.335665e+00,  1.846667e+02
  4.319557e+00,  1.733850e+02
  6.202845e+00,  1.669042e+02
  7.814307e+00,  1.616642e+02
  9.029149e+00,  1.567221e+02
  9.771795e+00,  1.516293e+02
  1.002324e+01,  1.460611e+02
  9.823186e+00,  1.397116e+02
  9.264941e+00,  1.322649e+02
  8.481935e+00,  1.234264e+02
  7.623683e+00,  1.130442e+02
  6.819391e+00,  1.013351e+02
  6.135074e+00,  8.907958e+01
  5.548495e+00,  7.749552e+01
  4.969645e+00,  6.778199e+01
  4.297493e+00,  6.085985e+01
  3.473345e+00,  5.776567e+01
  2.516967e+00,  6.114373e+01
  1.612732e+00,  8.033982e+01
  1.412868e+00,  1.277271e+02
  2.215166e+00,  1.588912e+02
  3.277462e+00,  1.689024e+02
  4.255574e+00,  1.717634e+02
  5.030009e+00,  1.717341e+02
  5.554280e+00,  1.700564e+02
  5.828108e+00,  1.670507e+02
  5.890095e+00,  1.626772e+02
  5.811753e+00,  1.567598e+02
  5.687986e+00,  1.491826e+02
  5.619455e+00,  1.401377e+02
  5.684364e+00,  1.303000e+02
  5.909338e+00,  1.206541e+02
  6.260570e+00,  1.120018e+02
  6.661898e+00,  1.046254e+02
  7.022160e+00,  9.834508e+01
  7.255587e+00,  9.274106e+01
  7.293768e+00,  8.730623e+01
  7.093840e+00,  8.148563e+01
  6.646246e+00,  7.462801e+01
  5.983737e+00,  6.586566e+01
  5.193541e+00,  5.394076e+01
  4.433972e+00,  3.718853e+01
  3.934171e+00,  1.465861e+01
  3.887083e+00,  3.490258e+02
  4.253629e+00,  3.257104e+02
  4.799210e+00,  3.068547e+02
  5.306776e+00,  2.911947e+02
  5.660898e+00,  2.769162e+02
  5.839740e+00,  2.626322e+02
  5.892960e+00,  2.474618e+02
  5.912336e+00,  2.311007e+02
  5.986648e+00,  2.139231e+02
  6.150639e+00,  1.967939e+02
  6.362468e+00,  1.804919e+02
  6.529290e+00,  1.652250e+02
  6.557522e+00,  1.505867e+02
  6.397052e+00,  1.357327e+02
  6.071813e+00,  1.195279e+02
  5.699775e+00,  1.007718e+02
  5.487445e+00,  7.898277e+01
  5.645755e+00,  5.573748e+01
  6.231408e+00,  3.423958e+01
  7.101256e+00,  1.645710e+01
  8.034851e+00,  2.239197e+00
  8.841966e+00,  3.505985e+02
  9.394852e+00,  3.405883e+02
  9.628704e+00,  3.314900e+02
  9.536180e+00,  3.227691e+02
  9.156321e+00,  3.140323e+02
  8.559932e+00,  3.050049e+02
  7.831827e+00,  2.955428e+02
  7.051059e+00,  2.856732e+02
  6.272935e+00,  2.756322e+02
  5.518833e+00,  2.658511e+02
  4.779123e+00,  2.568722e+02
  4.028499e+00,  2.492506e+02
  3.245786e+00,  2.435624e+02
  2.429503e+00,  2.406907e+02
  1.608590e+00,  2.429849e+02
  8.763153e-01,  2.601294e+02
  6.245854e-01,  3.189592e+02
  1.063408e+00,  3.564144e+02
  1.573981e+00,  6.446518e+00
  1.969021e+00,  9.554987e+00
  2.210235e+00,  1.006453e+01
  2.293551e+00,  8.819152e+00
  2.234122e+00,  5.532658e+00
  2.066600e+00,  3.591392e+02
  1.855952e+00,  3.477852e+02
  1.716790e+00,  3.297099e+02
  1.796127e+00,  3.070112e+02
  2.153767e+00,  2.865152e+02
  2.707900e+00,  2.715075e+02
  3.340376e+00,  2.605564e+02
  3.957753e+00,  2.516073e+02
  4.496061e+00,  2.432246e+02
  4.921016e+00,  2.344709e+02
  5.231729e+00,  2.247195e+02
  5.462278e+00,  2.136129e+02
  5.673326e+00,  2.011477e+02
  5.927824e+00,  1.877637e+02
  6.256153e+00,  1.742308e+02
  6.632078e+00,  1.612838e+02
  6.977847e+00,  1.492835e+02
  7.192407e+00,  1.381476e+02
  7.183847e+00,  1.274552e+02
  6.895607e+00,  1.165243e+02
  6.327236e+00,  1.043545e+02
  5.556760e+00,  8.941892e+01
  4.774119e+00,  6.953040e+01
  4.305408e+00,  4.321762e+01
  4.468760e+00,  1.417284e+01
  5.232295e+00,  3.495603e+02
  6.272359e+00,  3.312080e+02
  7.296487e+00,  3.171038e+02
  8.132831e+00,  3.052409e+02
  8.707881e+00,  2.943102e+02
  9.024070e+00,  2.835032e+02
  9.140576e+00,  2.723615e+02
  9.149310e+00,  2.607566e+02
  9.141161e+00,  2.489192e+02
  9.168821e+00,  2.373884e+02
  9.224497e+00,  2.268108e+02
  9.247512e+00,  2.176967e+02
  9.155706e+00,  2.103089e+02
  8.880095e+00,  2.047135e+02
  8.387860e+00,  2.008985e+02
  7.690886e+00,  1.988760e+02
  6.843222e+00,  1.987441e+02
  5.931304e+00,  2.006970e+02
  5.058773e+00,  2.049346e+02
  4.324687e+00,  2.113713e+02
  3.793595e+00,  2.191521e+02
  3.468888e+00,  2.264893e+02
  3.299677e+00,  2.314306e+02
  3.226538e+00,  2.328890e+02
  3.221441e+00,  2.309107e+02
  3.288945e+00,  2.264347e+02
  3.439133e+00,  2.209379e+02
  3.661422e+00,  2.158958e+02
  3.920490e+00,  2.122795e+02
  4.171067e+00,  2.104455e+02
  4.374508e+00,  2.103271e+02
  4.504389e+00,  2.116434e+02
  4.544208e+00,  2.140113e+02
  4.481169e+00,  2.169971e+02
  4.300575e+00,  2.201477e+02
  3.984505e+00,  2.230112e+02
  3.516040e+00,  2.251164e+02
  2.887644e+00,  2.258357e+02
  2.111950e+00,  2.238336e+02
  1.242452e+00,  2.141151e+02
  5.610284e-01,  1.625886e+02
  1.053433e+00,  9.260965e+01
  1.914144e+00,  7.700603e+01
  2.668510e+00,  7.038358e+01
  3.210112e+00,  6.529141e+01
  3.488911e+00,  5.974990e+01
  3.500853e+00,  5.255751e+01
  3.298681e+00,  4.239864e+01
  3.005673e+00,  2.771719e+01
  2.810932e+00,  7.894702e+00
  2.878014e+00,  3.459446e+02
  3.185830e+00,  3.271119e+02
  3.546788e+00,  3.133493e+02
  3.761311e+00,  3.035704e+02
  3.689928e+00,  2.962238e+02
  3.259931e+00,  2.900237e+02
  2.460839e+00,  2.834788e+02
  1.348930e+00,  2.718125e+02
  4.369758e-01,  1.823406e+02
  1.693283e+00,  1.192898e+02
  3.193160e+00,  1.102351e+02
  4.571299e+00,  1.058237e+02
  5.693326e+00,  1.026577e+02
  6.464023e+00,  9.990090e+01
  6.830766e+00,  9.716129e+01
  6.788989e+00,  9.412775e+01
  6.383418e+00,  9.043975e+01
  5.704775e+00,  8.559443e+01
  4.882868e+00,  7.887003e+01
  4.075707e+00,  6.939392e+01
  3.445600e+00,  5.680358e+01
  3.099990e+00,  4.277849e+01
  3.018502e+00,  3.119219e+01
  3.081879e+00,  2.498938e+01
  3.189331e+00,  2.453994e+01
  3.312515e+00,  2.876311e+01
  3.467263e+00,  3.599984e+01
  3.660045e+00,  4.439962e+01
  3.854172e+00,  5.244497e+01
  3.975106e+00,  5.932303e+01
  3.939505e+00,  6.482971e+01
  3.681678e+00,  6.902544e+01
  3.169011e+00,  7.193963e+01
  2.408289e+00,  7.322029e+01
  1.448407e+00,  7.070756e+01
  4.451815e-01,  3.849483e+01
  9.192638e-01,  2.898947e+02
  1.985397e+00,  2.807384e+02
  2.925372e+00,  2.799948e+02
  3.642099e+00,  2.811505e+02
  4.081216e+00,  2.831653e+02
  4.222232e+00,  2.857673e+02
  4.077461e+00,  2.888774e+02
  3.687590e+00,  2.924600e+02
  3.113498e+00,  2.964326e+02
  2.425601e+00,  3.005142e+02
  1.693299e+00,  3.037718e+02
  9.816764e-01,  3.025022e+02
  4.181496e-01,  2.727506e+02
  5.776246e-01,  2.020209e+02
  1.106679e+00,  1.921484e+02
  1.617671e+00,  1.958981e+02
  2.054989e+00,  2.027834e+02
  2.379917e+00,  2.108042e+02
  2.553195e+00,  2.196701e+02
  2.547951e+00,  2.299396e+02
  2.370684e+00,  2.430455e+02
  2.096076e+00,  2.617106e+02
  1.919339e+00,  2.888617e+02
  2.108361e+00,  3.200924e+02
  2.699027e+00,  3.444284e+02
  3.477600e+00,  6.979674e-02
  4.234764e+00,  1.028130e+01
  4.824003e+00,  1.746789e+01
  5.148109e+00,  2.291309e+01
  5.153117e+00,  2.729674e+01
  4.827499e+00,  3.099094e+01
  4.200618e+00,  3.418902e+01
  3.338065e+00,  3.692872e+01
  2.333525e+00,  3.895066e+01
  1.298820e+00,  3.873966e+01
  3.763645e-01,  1.943163e+01
  5.169288e-01,  2.603327e+02
  1.046657e+00,  2.552286e+02
  1.330253e+00,  2.625069e+02
  1.400836e+00,  2.769579e+02
  1.406070e+00,  3.001474e+02
  1.579325e+00,  3.289835e+02
  2.026962e+00,  3.534547e+02
  2.626956e+00,  1.016004e+01
  3.206256e+00,  2.174338e+01
  3.630084e+00,  3.073291e+01
  3.808366e+00,  3.873220e+01
  3.696926e+00,  4.696868e+01
  3.303941e+00,  5.689679e+01
  2.706787e+00,  7.110749e+01
  2.103096e+00,  9.478119e+01
  1.888679e+00,  1.314235e+02
  2.319069e+00,  1.651917e+02
  3.070658e+00,  1.853287e+02
  3.789330e+00,  1.971683e+02
  4.285531e+00,  2.049800e+02
  4.459307e+00,  2.106527e+02
  4.265973e+00,  2.149853e+02
  3.705456e+00,  2.182229e+02
  2.817069e+00,  2.200534e+02
  1.677452e+00,  2.183404e+02
  4.768993e-01,  1.851519e+02
  1.124928e+00,  7.504136e+01
  2.420086e+00,  6.753478e+01
  3.572084e+00,  6.694036e+01
  4.464371e+00,  6.742843e+01
  5.016500e+00,  6.779347e+01
  5.179909e+00,  6.732719e+01
  4.947173e+00,  6.513525e+01
  4.371227e+00,  5.957329e+01
  3.619894e+00,  4.724888e+01
  3.105815e+00,  2.328256e+01
  3.443085e+00,  3.529746e+02
  4.669919e+00,  3.323440e+02
  6.303822e+00,  3.219757e+02
  7.979179e+00,  3.169902e+02
  9.468967e+00,  3.146445e+02
  1.061624e+01,  3.136469e+02
  1.131320e+01,  3.133396e+02
  1.149935e+01,  3.133321e+02
  1.116325e+01,  3.133324e+02
  1.034276e+01,  3.130459e+02
  9.122507e+00,  3.120794e+02
  7.629881e+00,  3.097941e+02
  6.033206e+00,  3.050309e+02
  4.549353e+00,  2.956667e+02
  3.459171e+00,  2.788895e+02
  3.023717e+00,  2.562707e+02
  3.154079e+00,  2.379143e+02
  3.444779e+00,  2.290626e+02
  3.608775e+00,  2.278951e+02
  3.558509e+00,  2.325621e+02
  3.334418e+00,  2.426547e+02
  3.061808e+00,  2.585636e+02
  2.912811e+00,  2.798905e+02
  3.015681e+00,  3.034776e+02
  3.353008e+00,  3.251601e+02
  3.802713e+00,  3.435142e+02
  4.251418e+00,  3.593679e+02
  4.640740e+00,  1.388324e+01
  4.961797e+00,  2.781734e+01
  5.233972e+00,  4.142916e+01
  5.479063e+00,  5.456017e+01
  5.698573e+00,  6.680803e+01
  5.863899e+00,  7.773748e+01
  5.923284e+00,  8.701190e+01
  5.819663e+00,  9.437813e+01
  5.510699e+00,  9.952753e+01
  4.987409e+00,  1.018539e+02
  4.296069e+00,  1.000488e+02
  3.578808e+00,  9.156131e+01
  3.139138e+00,  7.369379e+01
  3.349806e+00,  5.113859e+01
  4.209407e+00,  3.489323e+01
  5.383270e+00,  2.672267e+01
  6.584234e+00,  2.343204e+01
  7.623347e+00,  2.266805e+01
  8.366806e+00,  2.315577e+01
  8.716167e+00,  2.417944e+01
  8.604885e+00,  2.527344e+01
  8.002374e+00,  2.602009e+01
  6.919697e+00,  2.584530e+01
  5.418276e+00,  2.355706e+01
  3.639613e+00,  1.553496e+01
  2.016081e+00,  3.458729e+02
  2.170158e+00,  2.811133e+02
  3.930496e+00,  2.551155e+02
  5.797699e+00,  2.471145e+02
  7.362257e+00,  2.436455e+02
  8.444653e+00,  2.414985e+02
  8.943275e+00,  2.394558e+02
  8.824342e+00,  2.367036e+02
  8.132052e+00,  2.322811e+02
  7.012176e+00,  2.245803e+02
  5.769507e+00,  2.107136e+02
  4.964553e+00,  1.875809e+02
  5.221568e+00,  1.601232e+02
  6.454528e+00,  1.399531e+02
  8.040105e+00,  1.284924e+02
  9.502283e+00,  1.222620e+02
  1.057417e+01,  1.188527e+02
  1.111730e+01,  1.169886e+02
  1.108190e+01,  1.159486e+02
  1.048836e+01,  1.152301e+02
  9.413074e+00,  1.143439e+02
  7.980255e+00,  1.126188e+02
  6.357294e+00,  1.088679e+02
  4.765848e+00,  1.007141e+02
  3.530154e+00,  8.399479e+01
  3.073504e+00,  5.819297e+01
  3.446031e+00,  3.663562e+01
  4.148331e+00,  2.672780e+01
  4.793748e+00,  2.483288e+01
  5.231767e+00,  2.765838e+01
  5.427384e+00,  3.366109e+01
  5.399690e+00,  4.224052e+01
  5.199172e+00,  5.329262e+01
  4.901048e+00,  6.699300e+01
  4.604024e+00,  8.354602e+01
  4.420902e+00,  1.026805e+02
  4.443230e+00,  1.230709e+02
  4.689132e+00,  1.426207e+02
  5.089030e+00,  1.597472e+02
  5.527413e+00,  1.740338e+02
  5.890384e+00,  1.857836e+02
  6.088807e+00,  1.954467e+02
  6.064797e+00,  2.033447e+02
  5.792757e+00,  2.095703e+02
  5.280157e+00,  2.138909e+02
  4.571241e+00,  2.155112e+02
  3.761421e+00,  2.126181e+02
  3.043124e+00,  2.018686e+02
  2.760861e+00,  1.815085e+02
  3.183994e+00,  1.609238e+02
  4.131887e+00,  1.495914e+02
  5.290224e+00,  1.457394e+02
  6.459833e+00,  1.458657e+02
  7.515884e+00,  1.479403e+02
  8.362079e+00,  1.508893e+02
  8.914252e+00,  1.540973e+02
  9.099132e+00,  1.571576e+02
  8.860430e+00,  1.597300e+02
  8.168383e+00,  1.614101e+02
  7.031544e+00,  1.615023e+02
  5.516184e+00,  1.583988e+02
  3.809834e+00,  1.473040e+02
  2.544843e+00,  1.135795e+02
  3.116325e+00,  6.544846e+01
  5.012971e+00,  4.439153e+01
  7.114237e+00,  3.677116e+01
  9.016850e+00,  3.350497e+01
  1.052387e+01,  3.177505e+01
  1.151622e+01,  3.045891e+01
  1.193655e+01,  2.892522e+01
  1.179237e+01,  2.664463e+01
  1.116213e+01,  2.302194e+01
  1.020278e+01,  1.729468e+01
  9.156294e+00,  8.577416e+00
  8.335753e+00,  3.563898e+02
  8.032073e+00,  3.418803e+02
  8.327226e+00,  3.281100e+02
  9.022809e+00,  3.176756e+02
  9.804776e+00,  3.110832e+02
  1.040969e+01,  3.076696e+02
  1.067123e+01,  3.066586e+02
  1.050966e+01,  3.075021e+02
  9.912838e+00,  3.099020e+02
  8.919839e+00,  3.137913e+02
  7.608419e+00,  3.193802e+02
  6.087898e+00,  3.273664e+02
  4.505127e+00,  3.395958e+02
  3.093505e+00,  8.925842e-01
  2.321000e+00,  3.896549e+01
  2.620931e+00,  8.009897e+01
  3.480523e+00,  1.042679e+02
  4.326159e+00,  1.176150e+02
  4.933683e+00,  1.257901e+02
  5.221271e+00,  1.308127e+02
  5.171985e+00,  1.330865e+02
  4.823950e+00,  1.320406e+02
  4.291523e+00,  1.261097e+02
  3.815686e+00,  1.130267e+02
  3.774617e+00,  9.329564e+01
  4.413398e+00,  7.452280e+01
  5.568430e+00,  6.261981e+01
  6.923571e+00,  5.666797e+01
  8.229663e+00,  5.434799e+01
  9.312265e+00,  5.414580e+01
  1.005006e+01,  5.523203e+01
  1.036601e+01,  5.715612e+01
  1.022516e+01,  5.966729e+01
  9.633095e+00,  6.262304e+01
  8.632483e+00,  6.594126e+01
  7.296847e+00,  6.957185e+01
  5.721761e+00,  7.347202e+01
  4.014270e+00,  7.756018e+01
  2.281774e+00,  8.151628e+01
  6.234806e-01,  8.171931e+01
  8.951168e-01,  2.785627e+02
  2.193739e+00,  2.814914e+02
  3.144703e+00,  2.868709e+02
  2.393726e+00,  2.966273e+02
##END=
