##TITLE= E:\桌面\nmr\ogm\sjd\matlabcod\1\2_7_xjhsjd
##JCAMP-DX= 5.00 Bruker JCAMP library
##DATA TYPE= Shape Data
##ORIGIN= Colm's GRAPE Pulses 
##OWNER= Dawei.Lu
##DATE= 02-Aug-2025
##TIME= 11:34
##MINX= 6.836886e-02
##MAXX= 1.310265e+01
##MINY= 1.505014e-01
##MAXY= 3.593791e+02
##$SHAPE_EXMODE= None
##$SHAPE_TOTROT= 9.000000e+01
##$SHAPE_BWFAC= 1.000000e+00
##$SHAPE_INTEGFAC= 1.000000e+00
##$SHAPE_MODE= 1
##PULSE_WIDTH= 5000
##Calibration_Power= 12500
##NPOINTS= 1000
##XYPOINTS= (XY..XY)
  3.098805e+00,  3.174356e+02
  3.594120e+00,  3.276238e+02
  3.987982e+00,  3.378291e+02
  3.081945e+00,  3.516424e+02
  2.055527e+00,  1.626297e+01
  1.595226e+00,  6.786900e+01
  2.420371e+00,  1.133526e+02
  3.801445e+00,  1.326646e+02
  5.206765e+00,  1.420114e+02
  6.419916e+00,  1.472136e+02
  7.307792e+00,  1.500334e+02
  7.786949e+00,  1.510132e+02
  7.827695e+00,  1.501623e+02
  7.464892e+00,  1.471024e+02
  6.811097e+00,  1.410504e+02
  6.070577e+00,  1.309011e+02
  5.532375e+00,  1.160848e+02
  5.462969e+00,  9.864709e+01
  5.891192e+00,  8.311758e+01
  6.582783e+00,  7.220988e+01
  7.254072e+00,  6.568702e+01
  7.705648e+00,  6.243421e+01
  7.835090e+00,  6.156632e+01
  7.617994e+00,  6.256097e+01
  7.088228e+00,  6.516118e+01
  6.319219e+00,  6.927477e+01
  5.404599e+00,  7.488584e+01
  4.437851e+00,  8.194592e+01
  3.492181e+00,  9.020432e+01
  2.604637e+00,  9.893375e+01
  1.772580e+00,  1.063502e+02
  9.774835e-01,  1.065900e+02
  4.065130e-01,  5.488877e+01
  9.874553e-01,  3.556534e+02
  1.911810e+00,  3.519597e+02
  2.875445e+00,  3.550366e+02
  3.803742e+00,  3.593280e+02
  4.633331e+00,  3.702512e+00
  5.308843e+00,  7.797186e+00
  5.788089e+00,  1.140985e+01
  6.045739e+00,  1.432552e+01
  6.075460e+00,  1.623394e+01
  5.892505e+00,  1.666038e+01
  5.539882e+00,  1.488966e+01
  5.101363e+00,  9.930364e+00
  4.719259e+00,  7.821181e-01
  4.589478e+00,  3.475737e+02
  4.872873e+00,  3.329629e+02
  5.563783e+00,  3.205494e+02
  6.501811e+00,  3.117393e+02
  7.488428e+00,  3.059542e+02
  8.351859e+00,  3.021782e+02
  8.960789e+00,  2.996008e+02
  9.224200e+00,  2.976599e+02
  9.092915e+00,  2.959541e+02
  8.561742e+00,  2.941549e+02
  7.669749e+00,  2.919215e+02
  6.497702e+00,  2.887932e+02
  5.163295e+00,  2.839943e+02
  3.817117e+00,  2.760189e+02
  2.645515e+00,  2.618728e+02
  1.871547e+00,  2.377511e+02
  1.609944e+00,  2.088517e+02
  1.587784e+00,  1.896814e+02
  1.450469e+00,  1.835738e+02
  1.101219e+00,  1.932536e+02
  8.727217e-01,  2.364093e+02
  1.480117e+00,  2.796311e+02
  2.584833e+00,  2.934292e+02
  3.801418e+00,  2.975045e+02
  4.944133e+00,  2.981136e+02
  5.880392e+00,  2.969089e+02
  6.515765e+00,  2.943203e+02
  6.801161e+00,  2.903029e+02
  6.742343e+00,  2.845147e+02
  6.408621e+00,  2.763507e+02
  5.938934e+00,  2.650353e+02
  5.534422e+00,  2.500975e+02
  5.400631e+00,  2.324790e+02
  5.623810e+00,  2.149226e+02
  6.102182e+00,  1.999437e+02
  6.634049e+00,  1.881240e+02
  7.034739e+00,  1.787691e+02
  7.183369e+00,  1.709129e+02
  7.026419e+00,  1.636614e+02
  6.571312e+00,  1.561606e+02
  5.880805e+00,  1.474456e+02
  5.071022e+00,  1.362748e+02
  4.311893e+00,  1.211921e+02
  3.807899e+00,  1.016347e+02
  3.697899e+00,  8.022318e+01
  3.917201e+00,  6.162092e+01
  4.251882e+00,  4.776351e+01
  4.505104e+00,  3.774589e+01
  4.557529e+00,  3.007160e+01
  4.356672e+00,  2.345552e+01
  3.900148e+00,  1.670579e+01
  3.228193e+00,  8.238145e+00
  2.433127e+00,  3.549019e+02
  1.722849e+00,  3.292196e+02
  1.553323e+00,  2.860344e+02
  2.110670e+00,  2.516544e+02
  2.933006e+00,  2.336916e+02
  3.719624e+00,  2.227886e+02
  4.350744e+00,  2.143594e+02
  4.778482e+00,  2.064334e+02
  4.999985e+00,  1.979244e+02
  5.052671e+00,  1.880808e+02
  5.011033e+00,  1.763966e+02
  4.974211e+00,  1.627942e+02
  5.035169e+00,  1.478910e+02
  5.237341e+00,  1.329023e+02
  5.551023e+00,  1.189812e+02
  5.892446e+00,  1.066334e+02
  6.163994e+00,  9.573176e+01
  6.285005e+00,  8.582602e+01
  6.206290e+00,  7.636737e+01
  5.914318e+00,  6.677925e+01
  5.430440e+00,  5.643404e+01
  4.807811e+00,  4.458542e+01
  4.127094e+00,  3.030569e+01
  3.489764e+00,  1.256734e+01
  3.001394e+00,  3.508127e+02
  2.730744e+00,  3.260782e+02
  2.661520e+00,  3.009589e+02
  2.709148e+00,  2.772802e+02
  2.799954e+00,  2.549135e+02
  2.920114e+00,  2.329849e+02
  3.106609e+00,  2.111667e+02
  3.407610e+00,  1.901234e+02
  3.838026e+00,  1.709653e+02
  4.363059e+00,  1.543485e+02
  4.914725e+00,  1.402213e+02
  5.416297e+00,  1.281418e+02
  5.798423e+00,  1.175976e+02
  6.006726e+00,  1.081443e+02
  6.004559e+00,  9.942820e+01
  5.773232e+00,  9.116359e+01
  5.310967e+00,  8.308956e+01
  4.631396e+00,  7.490104e+01
  3.762327e+00,  6.609731e+01
  2.746424e+00,  5.549724e+01
  1.654218e+00,  3.883760e+01
  7.503203e-01,  3.490045e+02
  1.192171e+00,  2.669255e+02
  2.290004e+00,  2.424615e+02
  3.399662e+00,  2.300787e+02
  4.429048e+00,  2.206451e+02
  5.345667e+00,  2.122000e+02
  6.137008e+00,  2.040679e+02
  6.804502e+00,  1.959471e+02
  7.361313e+00,  1.876898e+02
  7.831374e+00,  1.792400e+02
  8.242057e+00,  1.706241e+02
  8.617145e+00,  1.619326e+02
  8.971056e+00,  1.532906e+02
  9.305191e+00,  1.448209e+02
  9.607561e+00,  1.366073e+02
  9.855841e+00,  1.286702e+02
  1.002301e+01,  1.209578e+02
  1.008430e+01,  1.133513e+02
  1.002416e+01,  1.056774e+02
  9.842164e+00,  9.772753e+01
  9.556719e+00,  8.928413e+01
  9.205118e+00,  8.016396e+01
  8.838150e+00,  7.028421e+01
  8.507771e+00,  5.974207e+01
  8.249023e+00,  4.886100e+01
  8.062913e+00,  3.813796e+01
  7.910495e+00,  2.808685e+01
  7.723246e+00,  1.907760e+01
  7.423991e+00,  1.127703e+01
  6.947898e+00,  4.695895e+00
  6.257010e+00,  3.592821e+02
  5.347211e+00,  3.550240e+02
  4.249227e+00,  3.520961e+02
  3.027297e+00,  3.512617e+02
  1.784836e+00,  3.557855e+02
  7.581167e-01,  2.690662e+01
  9.190462e-01,  1.042539e+02
  1.667928e+00,  1.207571e+02
  2.218952e+00,  1.214342e+02
  2.472497e+00,  1.170617e+02
  2.432691e+00,  1.086199e+02
  2.177664e+00,  9.441387e+01
  1.894368e+00,  7.094073e+01
  1.889715e+00,  3.860975e+01
  2.321275e+00,  9.325056e+00
  2.998581e+00,  3.492174e+02
  3.687238e+00,  3.349446e+02
  4.247420e+00,  3.231167e+02
  4.619993e+00,  3.116927e+02
  4.816969e+00,  2.993610e+02
  4.919078e+00,  2.853139e+02
  5.058138e+00,  2.695225e+02
  5.361240e+00,  2.531034e+02
  5.871898e+00,  2.378571e+02
  6.519629e+00,  2.250529e+02
  7.163854e+00,  2.149191e+02
  7.654317e+00,  2.070585e+02
  7.867540e+00,  2.009240e+02
  7.723273e+00,  1.960199e+02
  7.192460e+00,  1.919338e+02
  6.292953e+00,  1.882746e+02
  5.083967e+00,  1.845309e+02
  3.659850e+00,  1.796565e+02
  2.152064e+00,  1.700664e+02
  8.699257e-01,  1.308842e+02
  1.252882e+00,  4.548662e+01
  2.390681e+00,  2.704555e+01
  3.353763e+00,  2.170920e+01
  4.034200e+00,  1.951614e+01
  4.411712e+00,  1.842937e+01
  4.502567e+00,  1.761485e+01
  4.349063e+00,  1.644830e+01
  4.014114e+00,  1.421460e+01
  3.579607e+00,  9.955811e+00
  3.149055e+00,  2.512286e+00
  2.846151e+00,  3.512332e+02
  2.778764e+00,  3.376394e+02
  2.960816e+00,  3.254722e+02
  3.294473e+00,  3.173189e+02
  3.646546e+00,  3.132518e+02
  3.907063e+00,  3.124187e+02
  4.003021e+00,  3.141821e+02
  3.900809e+00,  3.184190e+02
  3.612561e+00,  3.256237e+02
  3.210752e+00,  3.370570e+02
  2.848140e+00,  3.543179e+02
  2.735733e+00,  1.669961e+01
  2.981730e+00,  3.840660e+01
  3.457567e+00,  5.434647e+01
  3.939124e+00,  6.449524e+01
  4.248693e+00,  7.048437e+01
  4.277904e+00,  7.342136e+01
  3.982068e+00,  7.358195e+01
  3.381070e+00,  7.019829e+01
  2.578785e+00,  6.035621e+01
  1.850851e+00,  3.612334e+01
  1.776355e+00,  3.550539e+02
  2.466801e+00,  3.264631e+02
  3.337045e+00,  3.137391e+02
  4.037139e+00,  3.078654e+02
  4.409873e+00,  3.050459e+02
  4.384982e+00,  3.039108e+02
  3.954137e+00,  3.040324e+02
  3.163450e+00,  3.056142e+02
  2.109006e+00,  3.101774e+02
  9.578547e-01,  3.276270e+02
  6.367785e-01,  6.813616e+01
  1.595820e+00,  1.008795e+02
  2.418507e+00,  1.081886e+02
  2.901164e+00,  1.119003e+02
  2.976641e+00,  1.149331e+02
  2.638756e+00,  1.185856e+02
  1.941911e+00,  1.249943e+02
  1.033045e+00,  1.438824e+02
  6.892169e-01,  2.274112e+02
  1.619970e+00,  2.678357e+02
  2.604844e+00,  2.771581e+02
  3.340584e+00,  2.809620e+02
  3.702318e+00,  2.828238e+02
  3.623886e+00,  2.835102e+02
  3.094184e+00,  2.828450e+02
  2.161110e+00,  2.790997e+02
  9.782228e-01,  2.596108e+02
  9.157681e-01,  1.555226e+02
  2.361883e+00,  1.320282e+02
  3.837824e+00,  1.279759e+02
  5.122835e+00,  1.273992e+02
  6.100123e+00,  1.281667e+02
  6.700296e+00,  1.297171e+02
  6.901046e+00,  1.318477e+02
  6.725075e+00,  1.344462e+02
  6.232205e+00,  1.373742e+02
  5.506360e+00,  1.403555e+02
  4.641230e+00,  1.427885e+02
  3.731993e+00,  1.433680e+02
  2.883337e+00,  1.393560e+02
  2.265987e+00,  1.260740e+02
  2.171835e+00,  1.031845e+02
  2.721823e+00,  8.427362e+01
  3.665811e+00,  7.549495e+01
  4.750531e+00,  7.274115e+01
  5.809540e+00,  7.270553e+01
  6.712822e+00,  7.381745e+01
  7.351006e+00,  7.535777e+01
  7.640444e+00,  7.697387e+01
  7.532862e+00,  7.845517e+01
  7.022775e+00,  7.960633e+01
  6.150237e+00,  8.012474e+01
  4.999363e+00,  7.937323e+01
  3.697823e+00,  7.575095e+01
  2.439916e+00,  6.459011e+01
  1.621287e+00,  3.417027e+01
  1.790302e+00,  3.545237e+02
  2.520124e+00,  3.380241e+02
  3.248260e+00,  3.354896e+02
  3.827367e+00,  3.390035e+02
  4.249103e+00,  3.457194e+02
  4.539087e+00,  3.542710e+02
  4.713912e+00,  3.727642e+00
  4.762005e+00,  1.341787e+01
  4.643227e+00,  2.302130e+01
  4.309035e+00,  3.270251e+01
  3.732448e+00,  4.333799e+01
  2.944432e+00,  5.729283e+01
  2.109556e+00,  8.101378e+01
  1.735190e+00,  1.243365e+02
  2.318096e+00,  1.645783e+02
  3.350156e+00,  1.842329e+02
  4.336432e+00,  1.937163e+02
  5.046454e+00,  1.984950e+02
  5.357294e+00,  2.003159e+02
  5.219808e+00,  1.994139e+02
  4.667094e+00,  1.948893e+02
  3.852342e+00,  1.840931e+02
  3.150431e+00,  1.621107e+02
  3.182842e+00,  1.305550e+02
  4.102317e+00,  1.063064e+02
  5.382787e+00,  9.354844e+01
  6.583085e+00,  8.724436e+01
  7.456888e+00,  8.420512e+01
  7.869046e+00,  8.297097e+01
  7.761895e+00,  8.285198e+01
  7.142743e+00,  8.348883e+01
  6.073826e+00,  8.466094e+01
  4.659694e+00,  8.617843e+01
  3.032584e+00,  8.764214e+01
  1.337729e+00,  8.678912e+01
  3.524060e-01,  3.059844e+02
  1.780380e+00,  2.876293e+02
  2.984536e+00,  2.907688e+02
  3.896459e+00,  2.962143e+02
  4.513849e+00,  3.030124e+02
  4.865871e+00,  3.109144e+02
  4.997268e+00,  3.197121e+02
  4.950224e+00,  3.291203e+02
  4.749860e+00,  3.387894e+02
  4.399972e+00,  3.483898e+02
  3.890940e+00,  3.577156e+02
  3.214964e+00,  6.774163e+00
  2.380815e+00,  1.593406e+01
  1.423389e+00,  2.671757e+01
  4.276115e-01,  5.440728e+01
  6.878466e-01,  1.950266e+02
  1.615152e+00,  2.123579e+02
  2.397705e+00,  2.224067e+02
  2.968887e+00,  2.318232e+02
  3.303017e+00,  2.420033e+02
  3.416007e+00,  2.538459e+02
  3.369869e+00,  2.682000e+02
  3.269696e+00,  2.856848e+02
  3.241197e+00,  3.059452e+02
  3.372368e+00,  3.270814e+02
  3.659459e+00,  3.467546e+02
  4.025516e+00,  3.897290e+00
  4.382997e+00,  1.872547e+01
  4.671432e+00,  3.184108e+01
  4.860976e+00,  4.367972e+01
  4.939561e+00,  5.434825e+01
  4.896894e+00,  6.362227e+01
  4.714776e+00,  7.097140e+01
  4.371564e+00,  7.549713e+01
  3.867649e+00,  7.560453e+01
  3.287161e+00,  6.824898e+01
  2.922907e+00,  4.942851e+01
  3.274041e+00,  2.376834e+01
  4.458851e+00,  5.400756e+00
  6.133150e+00,  3.560554e+02
  7.975260e+00,  3.516048e+02
  9.753035e+00,  3.494408e+02
  1.128152e+01,  3.482821e+02
  1.241190e+01,  3.474531e+02
  1.303726e+01,  3.465252e+02
  1.310265e+01,  3.451422e+02
  1.261453e+01,  3.429094e+02
  1.164886e+01,  3.392881e+02
  1.035910e+01,  3.334901e+02
  8.985708e+00,  3.244386e+02
  7.854214e+00,  3.111913e+02
  7.295680e+00,  2.944926e+02
  7.424691e+00,  2.779300e+02
  8.010578e+00,  2.650334e+02
  8.679485e+00,  2.564693e+02
  9.132298e+00,  2.512630e+02
  9.191241e+00,  2.483183e+02
  8.776649e+00,  2.468134e+02
  7.880882e+00,  2.461358e+02
  6.549570e+00,  2.457116e+02
  4.868818e+00,  2.446658e+02
  2.962669e+00,  2.404058e+02
  1.101054e+00,  2.130527e+02
  1.498676e+00,  1.104907e+02
  3.319867e+00,  9.512911e+01
  4.987036e+00,  9.267606e+01
  6.326483e+00,  9.266756e+01
  7.251372e+00,  9.331037e+01
  7.713735e+00,  9.392731e+01
  7.704248e+00,  9.404028e+01
  7.256455e+00,  9.308398e+01
  6.454429e+00,  9.016135e+01
  5.450433e+00,  8.368711e+01
  4.502468e+00,  7.112245e+01
  4.004160e+00,  5.103501e+01
  4.270455e+00,  2.941875e+01
  5.148845e+00,  1.475866e+01
  6.256108e+00,  7.540125e+00
  7.324649e+00,  5.093409e+00
  8.214888e+00,  5.457436e+00
  8.860481e+00,  7.486993e+00
  9.234317e+00,  1.046256e+01
  9.328972e+00,  1.384976e+01
  9.145564e+00,  1.717468e+01
  8.690112e+00,  1.994713e+01
  7.977746e+00,  2.157891e+01
  7.045149e+00,  2.124268e+01
  5.973239e+00,  1.760729e+01
  4.926915e+00,  8.507768e+00
  4.205293e+00,  3.517065e+02
  4.157196e+00,  3.298183e+02
  4.793384e+00,  3.115286e+02
  5.743937e+00,  3.002841e+02
  6.646779e+00,  2.940490e+02
  7.268618e+00,  2.905913e+02
  7.471224e+00,  2.885164e+02
  7.185861e+00,  2.869182e+02
  6.405150e+00,  2.849856e+02
  5.182420e+00,  2.814631e+02
  3.650907e+00,  2.730998e+02
  2.173990e+00,  2.475658e+02
  2.035675e+00,  1.886540e+02
  3.547002e+00,  1.579685e+02
  5.354952e+00,  1.486690e+02
  7.008959e+00,  1.455203e+02
  8.344252e+00,  1.446277e+02
  9.273829e+00,  1.446736e+02
  9.757540e+00,  1.450219e+02
  9.794781e+00,  1.452271e+02
  9.421386e+00,  1.448454e+02
  8.708852e+00,  1.433133e+02
  7.767782e+00,  1.398294e+02
  6.758012e+00,  1.332769e+02
  5.900163e+00,  1.225022e+02
  5.446684e+00,  1.076967e+02
  5.537426e+00,  9.206374e+01
  6.053058e+00,  7.958603e+01
  6.714695e+00,  7.145069e+01
  7.263984e+00,  6.680852e+01
  7.522077e+00,  6.456557e+01
  7.383401e+00,  6.396680e+01
  6.803755e+00,  6.462318e+01
  5.792992e+00,  6.652072e+01
  4.412913e+00,  7.026863e+01
  2.784067e+00,  7.864794e+01
  1.213908e+00,  1.105737e+02
  1.439677e+00,  2.005098e+02
  2.974403e+00,  2.238224e+02
  4.382875e+00,  2.308266e+02
  5.439035e+00,  2.340896e+02
  6.051657e+00,  2.356895e+02
  6.189908e+00,  2.360458e+02
  5.878998e+00,  2.349670e+02
  5.202524e+00,  2.316903e+02
  4.313105e+00,  2.245076e+02
  3.466710e+00,  2.103148e+02
  3.054470e+00,  1.873142e+02
  3.353940e+00,  1.638852e+02
  4.149285e+00,  1.496806e+02
  5.082981e+00,  1.436435e+02
  5.953712e+00,  1.424001e+02
  6.675740e+00,  1.438462e+02
  7.216518e+00,  1.467621e+02
  7.562100e+00,  1.503306e+02
  7.699292e+00,  1.539130e+02
  7.610717e+00,  1.569532e+02
  7.280985e+00,  1.589087e+02
  6.710568e+00,  1.591458e+02
  5.937584e+00,  1.567654e+02
  5.064283e+00,  1.503496e+02
  4.288364e+00,  1.380115e+02
  3.895900e+00,  1.194575e+02
  4.069428e+00,  9.985513e+01
  4.651898e+00,  8.550927e+01
  5.320271e+00,  7.723592e+01
  5.825929e+00,  7.331609e+01
  6.030338e+00,  7.238136e+01
  5.881718e+00,  7.379603e+01
  5.398354e+00,  7.752225e+01
  4.659186e+00,  8.410301e+01
  3.798576e+00,  9.482722e+01
  3.003988e+00,  1.117859e+02
  2.490813e+00,  1.361166e+02
  2.363947e+00,  1.633307e+02
  2.470629e+00,  1.865560e+02
  2.577470e+00,  2.051604e+02
  2.574484e+00,  2.221389e+02
  2.492249e+00,  2.403645e+02
  2.458488e+00,  2.609334e+02
  2.600860e+00,  2.814511e+02
  2.918264e+00,  2.977234e+02
  3.283789e+00,  3.079043e+02
  3.556746e+00,  3.122825e+02
  3.660097e+00,  3.112034e+02
  3.619180e+00,  3.042646e+02
  3.592031e+00,  2.909254e+02
  3.840192e+00,  2.729979e+02
  4.537275e+00,  2.557640e+02
  5.605572e+00,  2.429924e+02
  6.823862e+00,  2.346124e+02
  7.969293e+00,  2.292891e+02
  8.862246e+00,  2.259363e+02
  9.374182e+00,  2.238829e+02
  9.430633e+00,  2.227463e+02
  9.012421e+00,  2.223260e+02
  8.153359e+00,  2.225509e+02
  6.933524e+00,  2.234780e+02
  5.468651e+00,  2.253685e+02
  3.897840e+00,  2.289843e+02
  2.376586e+00,  2.368621e+02
  1.123155e+00,  2.612147e+02
  8.290726e-01,  3.338557e+02
  1.414257e+00,  7.800627e+00
  1.865336e+00,  1.640275e+01
  2.033068e+00,  1.785703e+01
  1.955870e+00,  1.440008e+01
  1.749179e+00,  4.541289e+00
  1.613592e+00,  3.462559e+02
  1.774345e+00,  3.245083e+02
  2.260354e+00,  3.094832e+02
  2.928496e+00,  3.026552e+02
  3.652046e+00,  3.009194e+02
  4.347913e+00,  3.018913e+02
  4.951061e+00,  3.042157e+02
  5.399585e+00,  3.071375e+02
  5.631996e+00,  3.102451e+02
  5.592530e+00,  3.133497e+02
  5.240754e+00,  3.164434e+02
  4.562208e+00,  3.197423e+02
  3.578089e+00,  3.239494e+02
  2.357900e+00,  3.315660e+02
  1.101780e+00,  3.575222e+02
  1.066812e+00,  8.574415e+01
  2.321982e+00,  1.120712e+02
  3.554544e+00,  1.174071e+02
  4.538406e+00,  1.177066e+02
  5.190116e+00,  1.153582e+02
  5.490140e+00,  1.107375e+02
  5.483435e+00,  1.036119e+02
  5.280651e+00,  9.354575e+01
  5.042366e+00,  8.039028e+01
  4.924314e+00,  6.504027e+01
  4.986353e+00,  4.961574e+01
  5.141476e+00,  3.616896e+01
  5.213812e+00,  2.545712e+01
  5.031496e+00,  1.720205e+01
  4.478134e+00,  1.081656e+01
  3.506534e+00,  5.786009e+00
  2.136123e+00,  1.828706e+00
  4.440034e-01,  9.504780e-01
  1.452093e+00,  1.730871e+02
  3.402393e+00,  1.706100e+02
  5.253291e+00,  1.677317e+02
  6.860411e+00,  1.646782e+02
  8.107316e+00,  1.613661e+02
  8.919368e+00,  1.576536e+02
  9.272907e+00,  1.533570e+02
  9.198651e+00,  1.482466e+02
  8.778596e+00,  1.420513e+02
  8.135571e+00,  1.344983e+02
  7.413488e+00,  1.254374e+02
  6.745485e+00,  1.150740e+02
  6.212740e+00,  1.041935e+02
  5.814557e+00,  9.406076e+01
  5.479580e+00,  8.592456e+01
  5.116003e+00,  8.063047e+01
  4.662546e+00,  7.871698e+01
  4.115185e+00,  8.079523e+01
  3.539024e+00,  8.785257e+01
  3.068740e+00,  1.009305e+02
  2.869235e+00,  1.190345e+02
  3.006893e+00,  1.372558e+02
  3.369439e+00,  1.510864e+02
  3.784285e+00,  1.599861e+02
  4.129418e+00,  1.650841e+02
  4.347046e+00,  1.672847e+02
  4.429642e+00,  1.669588e+02
  4.409554e+00,  1.640900e+02
  4.352868e+00,  1.585285e+02
  4.349884e+00,  1.503878e+02
  4.490393e+00,  1.404782e+02
  4.823023e+00,  1.302549e+02
  5.327456e+00,  1.210362e+02
  5.925368e+00,  1.133517e+02
  6.512471e+00,  1.070366e+02
  6.984510e+00,  1.016242e+02
  7.252473e+00,  9.658989e+01
  7.252606e+00,  9.141261e+01
  6.955011e+00,  8.552982e+01
  6.372183e+00,  7.822250e+01
  5.569092e+00,  6.841677e+01
  4.679311e+00,  5.442271e+01
  3.926961e+00,  3.414539e+01
  3.592528e+00,  7.757070e+00
  3.792953e+00,  3.411789e+02
  4.320326e+00,  3.198190e+02
  4.881121e+00,  3.032956e+02
  5.291439e+00,  2.892942e+02
  5.484516e+00,  2.759096e+02
  5.483809e+00,  2.618031e+02
  5.379858e+00,  2.461394e+02
  5.296097e+00,  2.287947e+02
  5.330477e+00,  2.105900e+02
  5.495242e+00,  1.928913e+02
  5.709422e+00,  1.766338e+02
  5.851708e+00,  1.618172e+02
  5.822282e+00,  1.477107e+02
  5.582996e+00,  1.331457e+02
  5.182745e+00,  1.166206e+02
  4.777762e+00,  9.656651e+01
  4.619293e+00,  7.271719e+01
  4.920364e+00,  4.813241e+01
  5.661894e+00,  2.709323e+01
  6.630181e+00,  1.088115e+01
  7.594807e+00,  3.584522e+02
  8.387335e+00,  3.484694e+02
  8.906372e+00,  3.399329e+02
  9.110025e+00,  3.321478e+02
  9.006112e+00,  3.246259e+02
  8.641270e+00,  3.170123e+02
  8.088051e+00,  3.090553e+02
  7.429453e+00,  3.006199e+02
  6.741941e+00,  2.917293e+02
  6.079768e+00,  2.826057e+02
  5.465343e+00,  2.736566e+02
  4.890356e+00,  2.653766e+02
  4.327792e+00,  2.582065e+02
  3.748459e+00,  2.524409e+02
  3.133819e+00,  2.482380e+02
  2.481299e+00,  2.457277e+02
  1.803508e+00,  2.452697e+02
  1.125945e+00,  2.483820e+02
  4.993503e-01,  2.647837e+02
  3.177920e-01,  3.593791e+02
  7.700983e-01,  3.264304e+01
  1.184879e+00,  3.832536e+01
  1.478195e+00,  3.886928e+01
  1.626168e+00,  3.654729e+01
  1.623729e+00,  3.106385e+01
  1.494077e+00,  2.072058e+01
  1.317116e+00,  2.149754e+00
  1.270165e+00,  3.332496e+02
  1.533774e+00,  3.030771e+02
  2.065552e+00,  2.815194e+02
  2.712669e+00,  2.669287e+02
  3.360570e+00,  2.556752e+02
  3.938718e+00,  2.456064e+02
  4.411540e+00,  2.355475e+02
  4.776487e+00,  2.248346e+02
  5.060670e+00,  2.131568e+02
  5.309123e+00,  2.005538e+02
  5.562694e+00,  1.874076e+02
  5.833113e+00,  1.742913e+02
  6.090248e+00,  1.616944e+02
  6.270191e+00,  1.498083e+02
  6.297835e+00,  1.384775e+02
  6.111878e+00,  1.272393e+02
  5.686166e+00,  1.153142e+02
  5.049272e+00,  1.014526e+02
  4.310767e+00,  8.363812e+01
  3.701012e+00,  5.932035e+01
  3.553935e+00,  2.897995e+01
  4.030707e+00,  1.505014e-01
  4.916951e+00,  3.382801e+02
  5.911348e+00,  3.221258e+02
  6.818024e+00,  3.091913e+02
  7.540105e+00,  2.977972e+02
  8.051869e+00,  2.869632e+02
  8.378813e+00,  2.761520e+02
  8.578605e+00,  2.651587e+02
  8.716960e+00,  2.540783e+02
  8.840674e+00,  2.432545e+02
  8.958056e+00,  2.331494e+02
  9.037297e+00,  2.241743e+02
  9.022969e+00,  2.165812e+02
  8.859939e+00,  2.104580e+02
  8.513128e+00,  2.057902e+02
  7.977840e+00,  2.025300e+02
  7.280938e+00,  2.006449e+02
  6.475317e+00,  2.001389e+02
  5.630194e+00,  2.010423e+02
  4.819086e+00,  2.033563e+02
  4.106845e+00,  2.069297e+02
  3.537519e+00,  2.112876e+02
  3.127092e+00,  2.155519e+02
  2.866880e+00,  2.186769e+02
  2.737459e+00,  2.199748e+02
  2.721483e+00,  2.195229e+02
  2.804582e+00,  2.181034e+02
  2.968546e+00,  2.167375e+02
  3.188241e+00,  2.161971e+02
  3.435480e+00,  2.168080e+02
  3.684488e+00,  2.185151e+02
  3.911555e+00,  2.210353e+02
  4.091934e+00,  2.239835e+02
  4.196770e+00,  2.269603e+02
  4.192851e+00,  2.296006e+02
  4.046435e+00,  2.315788e+02
  3.730358e+00,  2.325614e+02
  3.232604e+00,  2.320695e+02
  2.565399e+00,  2.290985e+02
  1.779620e+00,  2.207249e+02
  1.030279e+00,  1.953069e+02
  8.947539e-01,  1.332226e+02
  1.535891e+00,  9.763351e+01
  2.259862e+00,  8.412019e+01
  2.832060e+00,  7.593999e+01
  3.175038e+00,  6.869704e+01
  3.271117e+00,  6.052810e+01
  3.158742e+00,  4.997380e+01
  2.940827e+00,  3.556870e+01
  2.779671e+00,  1.667128e+01
  2.826453e+00,  3.555577e+02
  3.088931e+00,  3.367427e+02
  3.419389e+00,  3.224811e+02
  3.636368e+00,  3.121633e+02
  3.601872e+00,  3.044416e+02
  3.236891e+00,  2.981400e+02
  2.519499e+00,  2.920514e+02
  1.484659e+00,  2.831973e+02
  3.571428e-01,  2.262797e+02
  1.357041e+00,  1.243122e+02
  2.820715e+00,  1.146033e+02
  4.195629e+00,  1.101174e+02
  5.350995e+00,  1.068472e+02
  6.190270e+00,  1.039300e+02
  6.655069e+00,  1.009708e+02
  6.731715e+00,  9.765392e+01
  6.453966e+00,  9.361630e+01
  5.901527e+00,  8.836975e+01
  5.194800e+00,  8.125996e+01
  4.484427e+00,  7.158924e+01
  3.925999e+00,  5.922919e+01
  3.622744e+00,  4.571538e+01
  3.561063e+00,  3.411481e+01
  3.630656e+00,  2.676376e+01
  3.720135e+00,  2.411390e+01
  3.774034e+00,  2.555554e+01
  3.787189e+00,  3.016237e+01
  3.772929e+00,  3.687151e+01
  3.731413e+00,  4.456281e+01
  3.634537e+00,  5.226997e+01
  3.433587e+00,  5.939362e+01
  3.079207e+00,  6.571236e+01
  2.540291e+00,  7.128123e+01
  1.815037e+00,  7.637428e+01
  9.337499e-01,  8.192041e+01
  6.836886e-02,  2.173117e+02
  1.051306e+00,  2.634417e+02
  1.989335e+00,  2.680403e+02
  2.783235e+00,  2.718137e+02
  3.367366e+00,  2.755209e+02
  3.700841e+00,  2.794319e+02
  3.772576e+00,  2.837440e+02
  3.601820e+00,  2.886456e+02
  3.233692e+00,  2.943227e+02
  2.729970e+00,  3.009268e+02
  2.156083e+00,  3.084704e+02
  1.566443e+00,  3.165453e+02
  9.930317e-01,  3.234100e+02
  4.536545e-01,  3.197039e+02
  2.785171e-01,  2.305313e+02
  8.034090e-01,  2.064125e+02
  1.402369e+00,  2.094003e+02
  1.987446e+00,  2.152662e+02
  2.493736e+00,  2.215252e+02
  2.850550e+00,  2.278942e+02
  2.996371e+00,  2.347309e+02
  2.895222e+00,  2.428777e+02
  2.557694e+00,  2.541041e+02
  2.082363e+00,  2.723464e+02
  1.754345e+00,  3.037819e+02
  2.001133e+00,  3.412397e+02
  2.777212e+00,  5.910696e+00
  3.712935e+00,  1.945632e+01
  4.561981e+00,  2.753703e+01
  5.178853e+00,  3.285483e+01
  5.475663e+00,  3.656213e+01
  5.411885e+00,  3.913576e+01
  4.992535e+00,  4.067617e+01
  4.266254e+00,  4.092049e+01
  3.322709e+00,  3.893628e+01
  2.297017e+00,  3.191017e+01
  1.422321e+00,  1.094170e+01
  1.176551e+00,  3.270654e+02
  1.608134e+00,  2.983824e+02
  2.106768e+00,  2.906132e+02
  2.427640e+00,  2.918692e+02
  2.538679e+00,  2.984513e+02
  2.492856e+00,  3.097028e+02
  2.393613e+00,  3.255967e+02
  2.354778e+00,  3.451095e+02
  2.433471e+00,  5.580245e+00
  2.592615e+00,  2.451687e+01
  2.744418e+00,  4.144348e+01
  2.818116e+00,  5.741297e+01
  2.796018e+00,  7.397399e+01
  2.724300e+00,  9.254965e+01
  2.702256e+00,  1.135804e+02
  2.828333e+00,  1.354313e+02
  3.116952e+00,  1.551912e+02
  3.481088e+00,  1.712558e+02
  3.794469e+00,  1.838604e+02
  3.946060e+00,  1.939222e+02
  3.860319e+00,  2.023171e+02
  3.501207e+00,  2.097553e+02
  2.870969e+00,  2.169244e+02
  2.007032e+00,  2.250016e+02
  9.849327e-01,  2.392181e+02
  3.637435e-01,  3.502314e+02
  1.383421e+00,  3.805096e+01
  2.428837e+00,  4.777313e+01
  3.312967e+00,  5.371318e+01
  3.958320e+00,  5.828648e+01
  4.310777e+00,  6.189584e+01
  4.339418e+00,  6.439678e+01
  4.040410e+00,  6.517119e+01
  3.447637e+00,  6.267782e+01
  2.675687e+00,  5.290867e+01
  2.078914e+00,  2.698649e+01
  2.370838e+00,  3.496919e+02
  3.578540e+00,  3.285250e+02
  5.154222e+00,  3.204121e+02
  6.790831e+00,  3.176650e+02
  8.312068e+00,  3.171736e+02
  9.584901e+00,  3.176751e+02
  1.050328e+01,  3.185660e+02
  1.099056e+01,  3.194933e+02
  1.100575e+01,  3.201871e+02
  1.054930e+01,  3.203674e+02
  9.666981e+00,  3.196598e+02
  8.452633e+00,  3.174765e+02
  7.052464e+00,  3.128220e+02
  5.675582e+00,  3.040611e+02
  4.604613e+00,  2.893183e+02
  4.123008e+00,  2.696040e+02
  4.245161e+00,  2.515653e+02
  4.641016e+00,  2.401619e+02
  4.967535e+00,  2.349049e+02
  5.033957e+00,  2.340586e+02
  4.772803e+00,  2.366513e+02
  4.199149e+00,  2.427117e+02
  3.396921e+00,  2.536627e+02
  2.549294e+00,  2.737035e+02
  2.054176e+00,  3.094272e+02
  2.375642e+00,  3.497937e+02
  3.280801e+00,  1.577343e+01
  4.326420e+00,  3.160708e+01
  5.298849e+00,  4.291035e+01
  6.099612e+00,  5.207330e+01
  6.676490e+00,  6.005272e+01
  7.000770e+00,  6.721793e+01
  7.058624e+00,  7.365837e+01
  6.848285e+00,  7.929032e+01
  6.381064e+00,  8.386595e+01
  5.685840e+00,  8.689230e+01
  4.818383e+00,  8.739981e+01
  3.882216e+00,  8.342858e+01
  3.078117e+00,  7.147156e+01
  2.753203e+00,  4.983667e+01
  3.141591e+00,  2.850228e+01
  4.006058e+00,  1.683422e+01
  5.009304e+00,  1.275437e+01
  5.951562e+00,  1.276170e+01
  6.718477e+00,  1.488723e+01
  7.233722e+00,  1.810446e+01
  7.440759e+00,  2.183307e+01
  7.297736e+00,  2.571121e+01
  6.779654e+00,  2.946301e+01
  5.882365e+00,  3.280000e+01
  4.627365e+00,  3.524547e+01
  3.068362e+00,  3.543296e+01
  1.324853e+00,  2.464689e+01
  9.227583e-01,  2.687750e+02
  2.750929e+00,  2.464366e+02
  4.550727e+00,  2.440996e+02
  6.090640e+00,  2.440715e+02
  7.232891e+00,  2.443397e+02
  7.874720e+00,  2.442182e+02
  7.958776e+00,  2.431832e+02
  7.488669e+00,  2.405063e+02
  6.551948e+00,  2.348350e+02
  5.371037e+00,  2.234184e+02
  4.423154e+00,  2.018730e+02
  4.439045e+00,  1.720289e+02
  5.586322e+00,  1.484975e+02
  7.248211e+00,  1.354898e+02
  8.889505e+00,  1.286989e+02
  1.020864e+01,  1.250455e+02
  1.103718e+01,  1.229898e+02
  1.129377e+01,  1.217049e+02
  1.096785e+01,  1.206373e+02
  1.010972e+01,  1.192703e+02
  8.826878e+00,  1.169258e+02
  7.283275e+00,  1.124763e+02
  5.712542e+00,  1.038617e+02
  4.457954e+00,  8.794904e+01
  3.947477e+00,  6.465190e+01
  4.285947e+00,  4.360674e+01
  5.036062e+00,  3.174014e+01
  5.760948e+00,  2.716318e+01
  6.237557e+00,  2.708353e+01
  6.377003e+00,  3.000571e+01
  6.164470e+00,  3.538190e+01
  5.636967e+00,  4.335495e+01
  4.883545e+00,  5.483529e+01
  4.068501e+00,  7.179767e+01
  3.475735e+00,  9.662659e+01
  3.450188e+00,  1.268324e+02
  4.041895e+00,  1.529317e+02
  4.938930e+00,  1.710519e+02
  5.831107e+00,  1.833910e+02
  6.524359e+00,  1.922326e+02
  6.907622e+00,  1.988393e+02
  6.928039e+00,  2.037850e+02
  6.581785e+00,  2.071953e+02
  5.911722e+00,  2.087723e+02
  5.010529e+00,  2.075765e+02
  4.036160e+00,  2.015649e+02
  3.255631e+00,  1.875060e+02
  3.039991e+00,  1.658473e+02
  3.520054e+00,  1.473332e+02
  4.398732e+00,  1.382880e+02
  5.375885e+00,  1.361389e+02
  6.297581e+00,  1.378480e+02
  7.089597e+00,  1.416230e+02
  7.705064e+00,  1.464089e+02
  8.098791e+00,  1.515159e+02
  8.218453e+00,  1.564510e+02
  8.008073e+00,  1.608232e+02
  7.419713e+00,  1.642435e+02
  6.429462e+00,  1.661339e+02
  5.057938e+00,  1.651925e+02
  3.417834e+00,  1.572296e+02
  1.996058e+00,  1.245109e+02
  2.460626e+00,  6.497714e+01
  4.406141e+00,  4.305861e+01
  6.536550e+00,  3.639173e+01
  8.473471e+00,  3.381229e+01
  1.002629e+01,  3.251249e+01
  1.107034e+01,  3.146443e+01
  1.153931e+01,  3.010191e+01
  1.143239e+01,  2.793566e+01
  1.082239e+01,  2.438887e+01
  9.864131e+00,  1.868645e+01
  8.802134e+00,  9.878205e+00
  7.959313e+00,  3.573762e+02
  7.643304e+00,  3.423387e+02
  7.945200e+00,  3.281062e+02
  8.659133e+00,  3.175065e+02
  9.463286e+00,  3.110118e+02
  1.009564e+01,  3.078468e+02
  1.039601e+01,  3.071580e+02
  1.029006e+01,  3.083494e+02
  9.767006e+00,  3.110810e+02
  8.861579e+00,  3.152330e+02
  7.640882e+00,  3.209312e+02
  6.197345e+00,  3.287179e+02
  4.653676e+00,  3.401104e+02
  3.204039e+00,  3.593153e+02
  2.267818e+00,  3.532967e+01
  2.427859e+00,  8.011250e+01
  3.312366e+00,  1.071109e+02
  4.247434e+00,  1.211516e+02
  4.954000e+00,  1.292361e+02
  5.324547e+00,  1.338592e+02
  5.327245e+00,  1.355892e+02
  4.994942e+00,  1.339260e+02
  4.447682e+00,  1.273243e+02
  3.944638e+00,  1.134818e+02
  3.891304e+00,  9.291357e+01
  4.542585e+00,  7.346685e+01
  5.711355e+00,  6.114533e+01
  7.056669e+00,  5.493578e+01
  8.318816e+00,  5.247667e+01
  9.324932e+00,  5.225350e+01
  9.964461e+00,  5.344609e+01
  1.017723e+01,  5.561242e+01
  9.947332e+00,  5.850689e+01
  9.297235e+00,  6.198817e+01
  8.280277e+00,  6.597257e+01
  6.971741e+00,  7.041076e+01
  5.459386e+00,  7.527920e+01
  3.834432e+00,  8.059359e+01
  2.183898e+00,  8.652911e+01
  5.858245e-01,  9.556902e+01
  9.015153e-01,  2.736685e+02
  2.214929e+00,  2.812735e+02
  3.240679e+00,  2.875156e+02
  2.856663e+00,  2.973348e+02
##END=
