##TITLE= E:\桌面\nmr\ogm\sjd\matlabcod\1_unitary\2_8_xjhsjd
##JCAMP-DX= 5.00 Bruker JCAMP library
##DATA TYPE= Shape Data
##ORIGIN= Colm's GRAPE Pulses 
##OWNER= Dawei.Lu
##DATE= 02-Aug-2025
##TIME= 13:23
##MINX= 1.389589e+00
##MAXX= 2.438631e+01
##MINY= 2.757109e+00
##MAXY= 3.598349e+02
##$SHAPE_EXMODE= None
##$SHAPE_TOTROT= 9.000000e+01
##$SHAPE_BWFAC= 1.000000e+00
##$SHAPE_INTEGFAC= 1.000000e+00
##$SHAPE_MODE= 1
##PULSE_WIDTH= 2000
##Calibration_Power= 12500
##NPOINTS= 200
##XYPOINTS= (XY..XY)
  5.323876e+00,  3.122665e+02
  2.005943e+00,  2.606181e+02
  6.218992e+00,  1.666342e+02
  9.012206e+00,  1.523713e+02
  9.124180e+00,  1.383793e+02
  7.400194e+00,  1.147869e+02
  6.460088e+00,  7.515674e+01
  7.672212e+00,  4.249978e+01
  8.728826e+00,  2.844613e+01
  8.250416e+00,  2.468911e+01
  6.432279e+00,  2.600366e+01
  3.936053e+00,  2.694247e+01
  1.389589e+00,  2.757109e+00
  2.001106e+00,  2.582417e+02
  3.863615e+00,  2.377673e+02
  4.524120e+00,  2.158535e+02
  4.913330e+00,  1.737258e+02
  7.589104e+00,  1.307765e+02
  1.160887e+01,  1.058011e+02
  1.436538e+01,  8.778330e+01
  1.432179e+01,  6.891924e+01
  1.176890e+01,  4.241315e+01
  9.215915e+00,  3.596527e+02
  9.342191e+00,  3.087054e+02
  1.048064e+01,  2.666191e+02
  1.109029e+01,  2.252388e+02
  1.280113e+01,  1.815980e+02
  1.614831e+01,  1.462333e+02
  1.865285e+01,  1.203199e+02
  1.817165e+01,  9.821058e+01
  1.458386e+01,  7.423238e+01
  9.770501e+00,  4.046737e+01
  6.736281e+00,  3.475375e+02
  6.396003e+00,  2.899371e+02
  6.863330e+00,  2.387845e+02
  8.468325e+00,  1.931650e+02
  1.096857e+01,  1.626560e+02
  1.250136e+01,  1.456155e+02
  1.213249e+01,  1.381243e+02
  1.063570e+01,  1.391886e+02
  9.708579e+00,  1.453669e+02
  1.004733e+01,  1.455997e+02
  1.106764e+01,  1.339705e+02
  1.225687e+01,  1.151839e+02
  1.267907e+01,  9.534821e+01
  1.085977e+01,  7.572239e+01
  6.106879e+00,  4.935207e+01
  3.051302e+00,  2.906798e+02
  1.011026e+01,  2.353191e+02
  1.651371e+01,  2.111794e+02
  2.065508e+01,  1.872435e+02
  2.303276e+01,  1.610761e+02
  2.438631e+01,  1.344944e+02
  2.415329e+01,  1.098901e+02
  2.103406e+01,  8.709274e+01
  1.478251e+01,  6.233655e+01
  7.432896e+00,  2.021697e+01
  6.217046e+00,  2.871672e+02
  1.069257e+01,  2.368203e+02
  1.372454e+01,  2.043870e+02
  1.547334e+01,  1.733491e+02
  1.679651e+01,  1.451035e+02
  1.695935e+01,  1.228612e+02
  1.477607e+01,  1.068398e+02
  1.033175e+01,  9.714850e+01
  5.311147e+00,  1.008317e+02
  3.091331e+00,  1.446860e+02
  4.272107e+00,  1.613517e+02
  5.302103e+00,  1.397784e+02
  6.411314e+00,  1.103064e+02
  7.040425e+00,  8.712186e+01
  5.824360e+00,  7.032858e+01
  2.428639e+00,  5.695991e+01
  2.081622e+00,  2.227882e+02
  5.911058e+00,  2.088719e+02
  7.653551e+00,  1.900871e+02
  7.396231e+00,  1.608659e+02
  7.225772e+00,  1.173558e+02
  8.599093e+00,  7.612426e+01
  9.659011e+00,  4.533597e+01
  9.017741e+00,  1.480710e+01
  7.851430e+00,  3.334183e+02
  8.566853e+00,  2.876663e+02
  1.012284e+01,  2.562905e+02
  9.963363e+00,  2.351332e+02
  7.421215e+00,  2.157453e+02
  3.663295e+00,  1.841107e+02
  2.290616e+00,  9.180832e+01
  3.839794e+00,  4.057276e+01
  4.177138e+00,  9.282411e+00
  4.056478e+00,  3.292902e+02
  4.897552e+00,  2.936908e+02
  5.850628e+00,  2.787428e+02
  6.052481e+00,  2.810681e+02
  6.211921e+00,  2.965564e+02
  7.277762e+00,  3.117418e+02
  8.636443e+00,  3.150741e+02
  9.463647e+00,  3.067008e+02
  1.002090e+01,  2.894593e+02
  1.101857e+01,  2.693471e+02
  1.225171e+01,  2.530717e+02
  1.273791e+01,  2.421974e+02
  1.182342e+01,  2.350848e+02
  9.609883e+00,  2.296036e+02
  6.789412e+00,  2.233254e+02
  4.288961e+00,  2.132285e+02
  2.834304e+00,  2.008060e+02
  2.529258e+00,  2.040884e+02
  3.527549e+00,  2.234844e+02
  5.751257e+00,  2.343367e+02
  8.236711e+00,  2.354798e+02
  9.950894e+00,  2.298193e+02
  1.037238e+01,  2.170036e+02
  9.966426e+00,  1.953696e+02
  9.899944e+00,  1.672187e+02
  1.028134e+01,  1.412105e+02
  9.663756e+00,  1.211202e+02
  6.927029e+00,  1.036713e+02
  2.390787e+00,  7.343896e+01
  3.389118e+00,  2.848699e+02
  7.812154e+00,  2.598680e+02
  1.065021e+01,  2.394299e+02
  1.227277e+01,  2.158641e+02
  1.378721e+01,  1.911188e+02
  1.542905e+01,  1.703669e+02
  1.629998e+01,  1.558051e+02
  1.569424e+01,  1.465502e+02
  1.384540e+01,  1.409108e+02
  1.163388e+01,  1.363267e+02
  9.898858e+00,  1.286503e+02
  9.059333e+00,  1.146977e+02
  8.946508e+00,  9.676859e+01
  8.571016e+00,  7.879070e+01
  6.761208e+00,  5.925427e+01
  3.483549e+00,  2.126225e+01
  3.729223e+00,  2.782245e+02
  7.889497e+00,  2.391336e+02
  1.066454e+01,  2.153203e+02
  1.124707e+01,  1.885130e+02
  1.078169e+01,  1.529930e+02
  1.106399e+01,  1.115488e+02
  1.197700e+01,  7.223151e+01
  1.246633e+01,  3.327781e+01
  1.337331e+01,  3.504020e+02
  1.618861e+01,  3.100316e+02
  1.969372e+01,  2.785261e+02
  2.141662e+01,  2.527486e+02
  2.020199e+01,  2.276707e+02
  1.681063e+01,  1.987092e+02
  1.323694e+01,  1.624080e+02
  1.083389e+01,  1.203132e+02
  9.135946e+00,  7.562723e+01
  8.259603e+00,  2.467084e+01
  9.571257e+00,  3.364219e+02
  1.166284e+01,  3.051141e+02
  1.207390e+01,  2.865688e+02
  1.010713e+01,  2.770007e+02
  6.970874e+00,  2.796608e+02
  5.302293e+00,  3.007295e+02
  6.222276e+00,  3.125011e+02
  7.844752e+00,  3.014740e+02
  9.326656e+00,  2.826218e+02
  9.762008e+00,  2.656933e+02
  7.866415e+00,  2.549500e+02
  3.594562e+00,  2.679747e+02
  5.093384e+00,  3.578978e+02
  1.160173e+01,  3.598349e+02
  1.671319e+01,  3.450366e+02
  1.980250e+01,  3.234568e+02
  2.173545e+01,  2.979693e+02
  2.290989e+01,  2.726259e+02
  2.213947e+01,  2.498343e+02
  1.811687e+01,  2.281192e+02
  1.130296e+01,  2.005121e+02
  5.699291e+00,  1.362979e+02
  8.310615e+00,  6.014728e+01
  1.159373e+01,  2.578711e+01
  1.229389e+01,  3.559287e+02
  1.193647e+01,  3.224723e+02
  1.173008e+01,  2.910870e+02
  1.030260e+01,  2.686460e+02
  6.161981e+00,  2.571245e+02
  1.513767e+00,  3.417147e+02
  7.544000e+00,  2.735002e+01
  1.240108e+01,  1.850138e+01
  1.424066e+01,  3.227779e+00
  1.386508e+01,  3.414329e+02
  1.335357e+01,  3.149918e+02
  1.348222e+01,  2.926692e+02
  1.302096e+01,  2.806346e+02
  1.135422e+01,  2.793106e+02
  9.436216e+00,  2.866632e+02
  8.157199e+00,  2.933568e+02
  7.143619e+00,  2.847218e+02
  7.043211e+00,  2.540205e+02
  9.208593e+00,  2.217756e+02
  1.166799e+01,  2.017525e+02
  1.197992e+01,  1.865170e+02
  9.342732e+00,  1.662673e+02
  4.936771e+00,  8.745365e+01
##END=
