##TITLE= E:\桌面\nmr\ogm\sjd\matlabcod\1_unitary\2_9_xjhsjd
##JCAMP-DX= 5.00 Bruker JCAMP library
##DATA TYPE= Shape Data
##ORIGIN= Colm's GRAPE Pulses 
##OWNER= Dawei.Lu
##DATE= 02-Aug-2025
##TIME= 13:22
##MINX= 4.937702e-01
##MAXX= 2.135015e+01
##MINY= 4.526601e-02
##MAXY= 3.596097e+02
##$SHAPE_EXMODE= None
##$SHAPE_TOTROT= 9.000000e+01
##$SHAPE_BWFAC= 1.000000e+00
##$SHAPE_INTEGFAC= 1.000000e+00
##$SHAPE_MODE= 1
##PULSE_WIDTH= 2000
##Calibration_Power= 12500
##NPOINTS= 200
##XYPOINTS= (XY..XY)
  4.074741e+00,  2.689787e+02
  2.267946e+00,  2.809922e+02
  4.937702e-01,  2.876229e+02
  1.886169e+00,  2.342095e+02
  4.573031e+00,  2.424732e+02
  7.379318e+00,  2.445076e+02
  8.871332e+00,  2.382007e+02
  8.348098e+00,  2.194497e+02
  7.632016e+00,  1.791110e+02
  1.007519e+01,  1.347792e+02
  1.374657e+01,  1.077406e+02
  1.535331e+01,  8.751640e+01
  1.404947e+01,  6.501606e+01
  1.153676e+01,  3.306489e+01
  1.060586e+01,  3.534583e+02
  1.081542e+01,  3.222802e+02
  9.440426e+00,  3.023238e+02
  5.759911e+00,  2.890642e+02
  1.135670e+00,  2.937678e+02
  2.733776e+00,  6.725631e+01
  4.320688e+00,  4.878616e+01
  4.543556e+00,  1.024916e+01
  5.965045e+00,  3.242188e+02
  8.352529e+00,  2.961309e+02
  9.573989e+00,  2.794206e+02
  8.800904e+00,  2.665313e+02
  6.624567e+00,  2.532079e+02
  4.458280e+00,  2.353571e+02
  3.586755e+00,  2.149097e+02
  4.172325e+00,  2.051386e+02
  5.556610e+00,  2.011453e+02
  6.655954e+00,  1.926164e+02
  6.516375e+00,  1.740118e+02
  5.655637e+00,  1.354074e+02
  6.823765e+00,  8.124190e+01
  1.015906e+01,  4.249595e+01
  1.325787e+01,  1.287359e+01
  1.539320e+01,  3.427784e+02
  1.736791e+01,  3.104120e+02
  1.971043e+01,  2.791948e+02
  2.135015e+01,  2.513762e+02
  2.080591e+01,  2.251870e+02
  1.785168e+01,  1.966737e+02
  1.397113e+01,  1.607330e+02
  1.138815e+01,  1.149564e+02
  1.070767e+01,  6.630377e+01
  1.095113e+01,  1.948302e+01
  1.222862e+01,  3.350287e+02
  1.453577e+01,  2.982051e+02
  1.638178e+01,  2.700643e+02
  1.638067e+01,  2.469933e+02
  1.440482e+01,  2.253758e+02
  1.144548e+01,  2.027713e+02
  8.719991e+00,  1.795110e+02
  6.693351e+00,  1.609847e+02
  5.212368e+00,  1.542486e+02
  4.362679e+00,  1.587270e+02
  3.914608e+00,  1.603171e+02
  3.100913e+00,  1.440455e+02
  2.465749e+00,  9.187149e+01
  3.685280e+00,  3.613624e+01
  5.165919e+00,  2.889894e+00
  5.725717e+00,  3.292276e+02
  6.213337e+00,  2.854462e+02
  8.007743e+00,  2.424746e+02
  1.022642e+01,  2.096569e+02
  1.130474e+01,  1.804848e+02
  1.107991e+01,  1.473137e+02
  1.099042e+01,  1.072374e+02
  1.206026e+01,  6.760618e+01
  1.305506e+01,  3.357591e+01
  1.273121e+01,  4.526601e-02
  1.193012e+01,  3.200298e+02
  1.280680e+01,  2.763567e+02
  1.515896e+01,  2.405884e+02
  1.677131e+01,  2.125188e+02
  1.662832e+01,  1.864916e+02
  1.542602e+01,  1.588269e+02
  1.438915e+01,  1.302993e+02
  1.361354e+01,  1.056186e+02
  1.215369e+01,  8.743717e+01
  9.538499e+00,  7.491616e+01
  6.288683e+00,  6.612374e+01
  3.406458e+00,  5.734690e+01
  1.757897e+00,  3.558097e+01
  1.788010e+00,  2.349822e+00
  2.671125e+00,  3.504857e+02
  3.401569e+00,  3.432186e+02
  3.498003e+00,  3.288449e+02
  3.375932e+00,  2.989826e+02
  4.312267e+00,  2.634759e+02
  6.247832e+00,  2.438392e+02
  8.129732e+00,  2.355210e+02
  9.357061e+00,  2.314397e+02
  9.783618e+00,  2.273261e+02
  9.584889e+00,  2.198415e+02
  9.245311e+00,  2.067998e+02
  9.360720e+00,  1.896800e+02
  9.961726e+00,  1.736966e+02
  1.030869e+01,  1.618542e+02
  9.634818e+00,  1.533532e+02
  7.740539e+00,  1.459841e+02
  5.074189e+00,  1.358944e+02
  2.603143e+00,  1.103687e+02
  1.959215e+00,  5.004287e+01
  2.690627e+00,  1.825332e+01
  2.965580e+00,  4.460352e+00
  2.709862e+00,  3.445120e+02
  2.838448e+00,  3.078727e+02
  4.179845e+00,  2.781878e+02
  5.877911e+00,  2.645265e+02
  6.892969e+00,  2.579543e+02
  6.745479e+00,  2.543701e+02
  5.638874e+00,  2.524938e+02
  4.342835e+00,  2.510890e+02
  3.769008e+00,  2.456300e+02
  4.526145e+00,  2.328053e+02
  6.589283e+00,  2.186147e+02
  9.140552e+00,  2.048920e+02
  1.109208e+01,  1.888461e+02
  1.193168e+01,  1.670511e+02
  1.241270e+01,  1.373011e+02
  1.392383e+01,  1.038185e+02
  1.624769e+01,  7.408528e+01
  1.766135e+01,  4.828441e+01
  1.711121e+01,  2.208362e+01
  1.523334e+01,  3.508638e+02
  1.379997e+01,  3.134166e+02
  1.346051e+01,  2.756789e+02
  1.290270e+01,  2.411803e+02
  1.143369e+01,  2.051418e+02
  1.032123e+01,  1.627505e+02
  1.072268e+01,  1.214513e+02
  1.117899e+01,  8.966025e+01
  9.964306e+00,  6.339014e+01
  7.100528e+00,  3.393328e+01
  4.401350e+00,  3.450739e+02
  4.322959e+00,  2.811340e+02
  5.202817e+00,  2.403558e+02
  5.360759e+00,  2.089071e+02
  5.349627e+00,  1.790748e+02
  5.775149e+00,  1.579422e+02
  6.606756e+00,  1.510634e+02
  8.034578e+00,  1.523732e+02
  9.992983e+00,  1.514490e+02
  1.166316e+01,  1.434021e+02
  1.237355e+01,  1.275662e+02
  1.225785e+01,  1.044231e+02
  1.176694e+01,  7.624067e+01
  1.068598e+01,  4.542691e+01
  8.562602e+00,  7.899435e+00
  7.118313e+00,  3.090636e+02
  1.012385e+01,  2.494402e+02
  1.518893e+01,  2.137000e+02
  1.898532e+01,  1.865497e+02
  2.050217e+01,  1.598686e+02
  2.032698e+01,  1.308855e+02
  1.938794e+01,  1.001938e+02
  1.762501e+01,  6.951858e+01
  1.446573e+01,  3.719322e+01
  1.078105e+01,  3.547697e+02
  1.002462e+01,  2.976967e+02
  1.280586e+01,  2.530089e+02
  1.517788e+01,  2.239056e+02
  1.539096e+01,  1.998610e+02
  1.400075e+01,  1.758521e+02
  1.232676e+01,  1.518789e+02
  1.093368e+01,  1.327945e+02
  9.559725e+00,  1.235954e+02
  8.308615e+00,  1.248234e+02
  7.520401e+00,  1.299007e+02
  6.712521e+00,  1.280885e+02
  5.368156e+00,  1.108680e+02
  4.471266e+00,  7.123778e+01
  5.093615e+00,  2.900413e+01
  5.501653e+00,  3.596097e+02
  4.485022e+00,  3.275907e+02
  3.613431e+00,  2.692465e+02
  5.211452e+00,  2.174771e+02
  6.503316e+00,  1.932405e+02
  5.376147e+00,  1.773538e+02
  1.788780e+00,  1.570602e+02
  2.998438e+00,  3.428178e+02
  6.898950e+00,  3.232434e+02
  8.771212e+00,  3.000795e+02
  9.447710e+00,  2.659748e+02
  1.139601e+01,  2.272319e+02
  1.445017e+01,  1.980733e+02
  1.596719e+01,  1.771368e+02
  1.448008e+01,  1.578223e+02
  1.084593e+01,  1.323507e+02
  8.132374e+00,  9.155696e+01
  8.414317e+00,  5.164555e+01
  8.843003e+00,  3.166305e+01
  7.480309e+00,  2.464102e+01
  4.862725e+00,  2.582566e+01
  2.270467e+00,  3.012088e+01
  8.406701e-01,  3.372131e+02
  2.432427e+00,  2.996499e+02
  4.842713e+00,  3.271298e+02
##END=
