##TITLE= E:\桌面\nmr\ogm\sjd\matlabcod\1\2T_xjhsjd
##JCAMP-DX= 5.00 Bruker JCAMP library
##DATA TYPE= Shape Data
##ORIGIN= Colm's GRAPE Pulses 
##OWNER= Dawei.Lu
##DATE= 02-Aug-2025
##TIME= 11:28
##MINX= 1.371806e-02
##MAXX= 1.092170e+01
##MINY= 1.285750e+00
##MAXY= 3.598028e+02
##$SHAPE_EXMODE= None
##$SHAPE_TOTROT= 9.000000e+01
##$SHAPE_BWFAC= 1.000000e+00
##$SHAPE_INTEGFAC= 1.000000e+00
##$SHAPE_MODE= 1
##PULSE_WIDTH= 5000
##Calibration_Power= 12500
##NPOINTS= 1000
##XYPOINTS= (XY..XY)
  1.656824e+00,  1.345331e+02
  1.804295e+00,  1.044203e+02
  1.890698e+00,  7.043187e+01
  9.853735e-01,  2.401753e+01
  1.580401e+00,  3.065336e+02
  3.052090e+00,  2.837932e+02
  4.473678e+00,  2.727047e+02
  5.619499e+00,  2.636701e+02
  6.389385e+00,  2.543311e+02
  6.776085e+00,  2.435335e+02
  6.871312e+00,  2.304524e+02
  6.856544e+00,  2.146812e+02
  6.946687e+00,  1.967683e+02
  7.274848e+00,  1.784240e+02
  7.799341e+00,  1.614963e+02
  8.336969e+00,  1.467541e+02
  8.673268e+00,  1.338870e+02
  8.645632e+00,  1.220830e+02
  8.180370e+00,  1.103310e+02
  7.307316e+00,  9.735716e+01
  6.172846e+00,  8.130110e+01
  5.066330e+00,  5.946233e+01
  4.421814e+00,  3.024278e+01
  4.550534e+00,  3.591117e+02
  5.225355e+00,  3.341504e+02
  5.970625e+00,  3.158165e+02
  6.467308e+00,  3.012519e+02
  6.583031e+00,  2.881073e+02
  6.322401e+00,  2.746724e+02
  5.797113e+00,  2.594840e+02
  5.202055e+00,  2.413125e+02
  4.763969e+00,  2.199703e+02
  4.624017e+00,  1.974999e+02
  4.723634e+00,  1.770909e+02
  4.860150e+00,  1.602322e+02
  4.839958e+00,  1.464126e+02
  4.556691e+00,  1.344015e+02
  3.997192e+00,  1.228266e+02
  3.227425e+00,  1.099653e+02
  2.382422e+00,  9.288751e+01
  1.676040e+00,  6.620439e+01
  1.380249e+00,  2.799004e+01
  1.486448e+00,  3.548480e+02
  1.629208e+00,  3.348239e+02
  1.572812e+00,  3.225488e+02
  1.255195e+00,  3.141819e+02
  7.041150e-01,  3.082082e+02
  1.371806e-02,  4.379837e+01
  7.608698e-01,  1.164468e+02
  1.458391e+00,  1.131293e+02
  1.995677e+00,  1.100451e+02
  2.299869e+00,  1.075420e+02
  2.336709e+00,  1.059803e+02
  2.118234e+00,  1.061988e+02
  1.710330e+00,  1.103346e+02
  1.258324e+00,  1.238665e+02
  1.051517e+00,  1.531153e+02
  1.302652e+00,  1.789535e+02
  1.773353e+00,  1.862466e+02
  2.261549e+00,  1.822370e+02
  2.740869e+00,  1.720906e+02
  3.263781e+00,  1.587002e+02
  3.882037e+00,  1.443923e+02
  4.587851e+00,  1.308042e+02
  5.303439e+00,  1.185566e+02
  5.910548e+00,  1.074953e+02
  6.288170e+00,  9.709361e+01
  6.343142e+00,  8.664582e+01
  6.034123e+00,  7.521957e+01
  5.395325e+00,  6.138406e+01
  4.573271e+00,  4.270608e+01
  3.891763e+00,  1.588309e+01
  3.828093e+00,  3.420061e+02
  4.552420e+00,  3.114202e+02
  5.706781e+00,  2.891434e+02
  6.902519e+00,  2.724458e+02
  7.917683e+00,  2.584071e+02
  8.658938e+00,  2.452987e+02
  9.125639e+00,  2.321537e+02
  9.383510e+00,  2.184943e+02
  9.529401e+00,  2.042711e+02
  9.642726e+00,  1.898322e+02
  9.740411e+00,  1.757547e+02
  9.763594e+00,  1.625485e+02
  9.605476e+00,  1.504316e+02
  9.159102e+00,  1.392928e+02
  8.357948e+00,  1.287547e+02
  7.198147e+00,  1.181786e+02
  5.745947e+00,  1.064499e+02
  4.144568e+00,  9.113219e+01
  2.666970e+00,  6.550678e+01
  1.939311e+00,  1.717099e+01
  2.448596e+00,  3.305028e+02
  3.354398e+00,  3.058747e+02
  4.079408e+00,  2.904896e+02
  4.476371e+00,  2.780138e+02
  4.547458e+00,  2.659655e+02
  4.370545e+00,  2.530442e+02
  4.066390e+00,  2.385363e+02
  3.759128e+00,  2.225074e+02
  3.521656e+00,  2.061289e+02
  3.335997e+00,  1.912473e+02
  3.114435e+00,  1.792927e+02
  2.764151e+00,  1.709114e+02
  2.237907e+00,  1.667012e+02
  1.557075e+00,  1.690904e+02
  8.656251e-01,  1.905363e+02
  7.754357e-01,  2.548391e+02
  1.416785e+00,  2.852930e+02
  2.091479e+00,  2.941729e+02
  2.604967e+00,  2.985118e+02
  2.906336e+00,  3.022051e+02
  3.005343e+00,  3.067204e+02
  2.960435e+00,  3.128542e+02
  2.864051e+00,  3.207909e+02
  2.809225e+00,  3.296062e+02
  2.842432e+00,  3.371746e+02
  2.945137e+00,  3.412672e+02
  3.072721e+00,  3.406680e+02
  3.209613e+00,  3.352184e+02
  3.390433e+00,  3.256289e+02
  3.671495e+00,  3.135336e+02
  4.070204e+00,  3.010433e+02
  4.526869e+00,  2.896820e+02
  4.921638e+00,  2.798918e+02
  5.117615e+00,  2.713706e+02
  4.997756e+00,  2.634798e+02
  4.490195e+00,  2.553054e+02
  3.587396e+00,  2.451204e+02
  2.387516e+00,  2.276394e+02
  1.390875e+00,  1.797303e+02
  2.071848e+00,  1.139265e+02
  3.709223e+00,  8.964442e+01
  5.384070e+00,  7.774400e+01
  6.826886e+00,  6.913466e+01
  7.895026e+00,  6.141319e+01
  8.515619e+00,  5.355316e+01
  8.687022e+00,  4.487841e+01
  8.482624e+00,  3.480293e+01
  8.044596e+00,  2.283324e+01
  7.555988e+00,  8.806586e+00
  7.178258e+00,  3.532986e+02
  6.967197e+00,  3.377092e+02
  6.834453e+00,  3.235400e+02
  6.603086e+00,  3.115460e+02
  6.102162e+00,  3.016559e+02
  5.228349e+00,  2.933390e+02
  3.964867e+00,  2.857577e+02
  2.378139e+00,  2.769543e+02
  6.559131e-01,  2.473188e+02
  1.360495e+00,  1.130600e+02
  3.060876e+00,  1.006797e+02
  4.499335e+00,  9.503617e+01
  5.534424e+00,  9.073338e+01
  6.088581e+00,  8.675929e+01
  6.145037e+00,  8.259426e+01
  5.749579e+00,  7.770077e+01
  5.008522e+00,  7.126902e+01
  4.085571e+00,  6.190549e+01
  3.201270e+00,  4.741225e+01
  2.612744e+00,  2.639217e+01
  2.462657e+00,  3.763294e+00
  2.584899e+00,  3.481430e+02
  2.704441e+00,  3.416718e+02
  2.688899e+00,  3.431212e+02
  2.567379e+00,  3.520188e+02
  2.487978e+00,  7.964440e+00
  2.620703e+00,  2.761043e+01
  2.993360e+00,  4.535610e+01
  3.471933e+00,  5.876876e+01
  3.894744e+00,  6.867774e+01
  4.149435e+00,  7.649865e+01
  4.182674e+00,  8.328418e+01
  3.991898e+00,  8.970767e+01
  3.612718e+00,  9.614847e+01
  3.102909e+00,  1.026683e+02
  2.523768e+00,  1.087984e+02
  1.924322e+00,  1.129592e+02
  1.349086e+00,  1.107312e+02
  9.252210e-01,  9.021208e+01
  1.022574e+00,  5.154015e+01
  1.644535e+00,  3.293754e+01
  2.451160e+00,  2.875623e+01
  3.269219e+00,  2.933712e+01
  3.981086e+00,  3.163411e+01
  4.482632e+00,  3.475385e+01
  4.688445e+00,  3.857368e+01
  4.546619e+00,  4.343161e+01
  4.056480e+00,  5.027320e+01
  3.295376e+00,  6.139792e+01
  2.488678e+00,  8.232402e+01
  2.156820e+00,  1.187730e+02
  2.712573e+00,  1.527711e+02
  3.713356e+00,  1.705757e+02
  4.677667e+00,  1.789719e+02
  5.367529e+00,  1.826418e+02
  5.669957e+00,  1.832504e+02
  5.558166e+00,  1.810476e+02
  5.093582e+00,  1.753201e+02
  4.448351e+00,  1.643753e+02
  3.935844e+00,  1.463564e+02
  3.926889e+00,  1.235966e+02
  4.497892e+00,  1.041407e+02
  5.342668e+00,  9.184661e+01
  6.120988e+00,  8.520033e+01
  6.612132e+00,  8.223330e+01
  6.701026e+00,  8.182393e+01
  6.354147e+00,  8.354785e+01
  5.606671e+00,  8.756482e+01
  4.557676e+00,  9.484120e+01
  3.380938e+00,  1.080794e+02
  2.388346e+00,  1.336536e+02
  2.098627e+00,  1.742931e+02
  2.599127e+00,  2.078967e+02
  3.302999e+00,  2.273609e+02
  3.847116e+00,  2.402472e+02
  4.115312e+00,  2.508404e+02
  4.100770e+00,  2.611176e+02
  3.855619e+00,  2.722041e+02
  3.465019e+00,  2.848530e+02
  3.021576e+00,  2.994306e+02
  2.592693e+00,  3.156203e+02
  2.188053e+00,  3.322705e+02
  1.753365e+00,  3.479577e+02
  1.204792e+00,  1.971960e+00
  4.762696e-01,  1.608361e+01
  4.600799e-01,  1.960444e+02
  1.571653e+00,  2.075171e+02
  2.799874e+00,  2.151490e+02
  4.051547e+00,  2.216577e+02
  5.218954e+00,  2.275217e+02
  6.192837e+00,  2.329864e+02
  6.875482e+00,  2.382297e+02
  7.192416e+00,  2.434140e+02
  7.101743e+00,  2.487243e+02
  6.600360e+00,  2.544222e+02
  5.726973e+00,  2.609583e+02
  4.563677e+00,  2.692744e+02
  3.244463e+00,  2.818068e+02
  2.014572e+00,  3.063418e+02
  1.489876e+00,  3.579138e+02
  2.063174e+00,  4.176976e+01
  2.866437e+00,  6.151600e+01
  3.423178e+00,  7.253579e+01
  3.587877e+00,  8.044149e+01
  3.318046e+00,  8.722051e+01
  2.630979e+00,  9.409391e+01
  1.593739e+00,  1.034668e+02
  3.935496e-01,  1.470194e+02
  1.232549e+00,  2.684170e+02
  2.677894e+00,  2.810845e+02
  4.029242e+00,  2.885368e+02
  5.172113e+00,  2.951743e+02
  6.032999e+00,  3.018823e+02
  6.579284e+00,  3.090302e+02
  6.819630e+00,  3.168224e+02
  6.796193e+00,  3.253338e+02
  6.566844e+00,  3.344650e+02
  6.180571e+00,  3.438917e+02
  5.655974e+00,  3.530694e+02
  4.975845e+00,  1.285750e+00
  4.103782e+00,  7.604595e+00
  3.018379e+00,  1.017742e+01
  1.781779e+00,  1.928339e+00
  1.034654e+00,  3.056640e+02
  2.126729e+00,  2.575507e+02
  3.749762e+00,  2.494617e+02
  5.328808e+00,  2.490709e+02
  6.664795e+00,  2.508247e+02
  7.611931e+00,  2.534101e+02
  8.062948e+00,  2.564354e+02
  7.958301e+00,  2.598174e+02
  7.294015e+00,  2.636402e+02
  6.123276e+00,  2.681851e+02
  4.551984e+00,  2.742217e+02
  2.737457e+00,  2.846312e+02
  1.021157e+00,  3.226514e+02
  1.517595e+00,  6.400038e+01
  3.138772e+00,  8.525235e+01
  4.542146e+00,  9.451386e+01
  5.575100e+00,  1.014268e+02
  6.183837e+00,  1.076346e+02
  6.359042e+00,  1.135640e+02
  6.121407e+00,  1.192333e+02
  5.509189e+00,  1.243564e+02
  4.569383e+00,  1.281669e+02
  3.362657e+00,  1.285678e+02
  2.030505e+00,  1.175063e+02
  1.357709e+00,  6.413335e+01
  2.574710e+00,  2.194130e+01
  4.431597e+00,  1.359968e+01
  6.347227e+00,  1.301435e+01
  8.109491e+00,  1.460655e+01
  9.550664e+00,  1.689071e+01
  1.052516e+01,  1.934210e+01
  1.092170e+01,  2.174109e+01
  1.067874e+01,  2.397605e+01
  9.795779e+00,  2.595614e+01
  8.337330e+00,  2.753401e+01
  6.429380e+00,  2.834330e+01
  4.251528e+00,  2.717847e+01
  2.051097e+00,  1.768404e+01
  8.523842e-01,  2.948400e+02
  2.268932e+00,  2.479947e+02
  3.584446e+00,  2.442209e+02
  4.377436e+00,  2.469535e+02
  4.617477e+00,  2.533363e+02
  4.403930e+00,  2.639574e+02
  3.979911e+00,  2.806849e+02
  3.732857e+00,  3.043972e+02
  3.987204e+00,  3.300891e+02
  4.652271e+00,  3.505605e+02
  5.363138e+00,  4.874130e+00
  5.807034e+00,  1.529255e+01
  5.801273e+00,  2.387157e+01
  5.280907e+00,  3.227835e+01
  4.293251e+00,  4.265022e+01
  3.030123e+00,  5.992193e+01
  2.035088e+00,  9.773634e+01
  2.341959e+00,  1.494947e+02
  3.519475e+00,  1.757156e+02
  4.611811e+00,  1.877973e+02
  5.237247e+00,  1.949055e+02
  5.228836e+00,  2.000509e+02
  4.531878e+00,  2.046117e+02
  3.186134e+00,  2.101113e+02
  1.339163e+00,  2.245958e+02
  1.107707e+00,  1.298209e+00
  3.434160e+00,  2.035616e+01
  5.716607e+00,  2.521627e+01
  7.668986e+00,  2.799495e+01
  9.083754e+00,  2.999474e+01
  9.813228e+00,  3.153179e+01
  9.783495e+00,  3.265080e+01
  9.002427e+00,  3.320599e+01
  7.559566e+00,  3.272571e+01
  5.623548e+00,  2.982149e+01
  3.473416e+00,  1.935661e+01
  1.887227e+00,  3.374705e+02
  2.714819e+00,  2.794063e+02
  4.585056e+00,  2.637627e+02
  6.294367e+00,  2.607040e+02
  7.591591e+00,  2.615827e+02
  8.397533e+00,  2.642291e+02
  8.697879e+00,  2.678058e+02
  8.514101e+00,  2.718067e+02
  7.885790e+00,  2.757491e+02
  6.860528e+00,  2.789763e+02
  5.496407e+00,  2.802814e+02
  3.892820e+00,  2.765495e+02
  2.353517e+00,  2.563610e+02
  2.118266e+00,  2.020205e+02
  3.703790e+00,  1.722127e+02
  5.716791e+00,  1.645940e+02
  7.624948e+00,  1.631689e+02
  9.197248e+00,  1.638547e+02
  1.027637e+01,  1.653889e+02
  1.075817e+01,  1.672817e+02
  1.059730e+01,  1.693019e+02
  9.812206e+00,  1.712955e+02
  8.483572e+00,  1.730751e+02
  6.746022e+00,  1.742529e+02
  4.776968e+00,  1.737452e+02
  2.801634e+00,  1.674465e+02
  1.300120e+00,  1.323818e+02
  1.686867e+00,  6.763236e+01
  2.896630e+00,  5.458232e+01
  3.929560e+00,  5.679761e+01
  4.716404e+00,  6.425794e+01
  5.331655e+00,  7.448662e+01
  5.865154e+00,  8.604415e+01
  6.353548e+00,  9.768070e+01
  6.751515e+00,  1.085150e+02
  6.953708e+00,  1.182191e+02
  6.842893e+00,  1.269452e+02
  6.333605e+00,  1.351954e+02
  5.400865e+00,  1.438921e+02
  4.101609e+00,  1.550595e+02
  2.632886e+00,  1.751791e+02
  1.712061e+00,  2.255919e+02
  2.526611e+00,  2.789089e+02
  4.019374e+00,  2.990618e+02
  5.351460e+00,  3.079399e+02
  6.247948e+00,  3.126099e+02
  6.577187e+00,  3.148383e+02
  6.296436e+00,  3.148071e+02
  5.457716e+00,  3.115333e+02
  4.250480e+00,  3.017969e+02
  3.174090e+00,  2.775646e+02
  3.245136e+00,  2.388016e+02
  4.637598e+00,  2.136226e+02
  6.449971e+00,  2.033833e+02
  8.144507e+00,  1.997627e+02
  9.464710e+00,  1.992297e+02
  1.027334e+01,  2.004341e+02
  1.051094e+01,  2.028200e+02
  1.018233e+01,  2.061631e+02
  9.345637e+00,  2.104152e+02
  8.098871e+00,  2.156694e+02
  6.565213e+00,  2.222233e+02
  4.880677e+00,  2.308483e+02
  3.193644e+00,  2.438593e+02
  1.725004e+00,  2.705742e+02
  1.177835e+00,  3.371504e+02
  1.921440e+00,  2.514074e+01
  2.788571e+00,  4.494332e+01
  3.418588e+00,  5.755995e+01
  3.741584e+00,  6.788580e+01
  3.742557e+00,  7.736373e+01
  3.427984e+00,  8.663460e+01
  2.818268e+00,  9.627303e+01
  1.947480e+00,  1.076411e+02
  8.839854e-01,  1.291784e+02
  6.124045e-01,  2.541190e+02
  1.927291e+00,  2.875165e+02
  3.363950e+00,  2.990737e+02
  4.779608e+00,  3.074198e+02
  6.085024e+00,  3.145096e+02
  7.195308e+00,  3.208305e+02
  8.031463e+00,  3.265368e+02
  8.525347e+00,  3.316597e+02
  8.625219e+00,  3.361573e+02
  8.301576e+00,  3.399113e+02
  7.553476e+00,  3.426783e+02
  6.415854e+00,  3.439378e+02
  4.970806e+00,  3.424129e+02
  3.382571e+00,  3.342684e+02
  2.083127e+00,  3.064196e+02
  2.158248e+00,  2.556262e+02
  3.390734e+00,  2.313192e+02
  4.697540e+00,  2.239121e+02
  5.708682e+00,  2.220787e+02
  6.286737e+00,  2.225751e+02
  6.378863e+00,  2.243446e+02
  5.991456e+00,  2.270403e+02
  5.181890e+00,  2.306634e+02
  4.050255e+00,  2.355684e+02
  2.729089e+00,  2.429554e+02
  1.382936e+00,  2.583229e+02
  5.097282e-01,  3.359845e+02
  1.276916e+00,  4.520830e+01
  2.121444e+00,  6.281949e+01
  2.734864e+00,  7.581842e+01
  3.139937e+00,  8.912460e+01
  3.418707e+00,  1.036759e+02
  3.661457e+00,  1.190473e+02
  3.913041e+00,  1.340857e+02
  4.143859e+00,  1.477482e+02
  4.268946e+00,  1.596948e+02
  4.192627e+00,  1.702723e+02
  3.847113e+00,  1.803332e+02
  3.218594e+00,  1.914356e+02
  2.377039e+00,  2.072120e+02
  1.576163e+00,  2.383369e+02
  1.511889e+00,  2.921866e+02
  2.319023e+00,  3.263822e+02
  3.274005e+00,  3.415747e+02
  4.032114e+00,  3.498909e+02
  4.446379e+00,  3.552943e+02
  4.450305e+00,  3.591300e+02
  4.037595e+00,  1.842415e+00
  3.255541e+00,  3.290727e+00
  2.199216e+00,  2.103313e+00
  1.028762e+00,  3.492292e+02
  6.390979e-01,  2.548117e+02
  1.669822e+00,  2.240509e+02
  2.659674e+00,  2.220156e+02
  3.425267e+00,  2.249743e+02
  3.936697e+00,  2.302338e+02
  4.214943e+00,  2.371003e+02
  4.308428e+00,  2.451204e+02
  4.264281e+00,  2.536637e+02
  4.099421e+00,  2.618446e+02
  3.788370e+00,  2.686213e+02
  3.278870e+00,  2.727680e+02
  2.532330e+00,  2.720233e+02
  1.612229e+00,  2.582915e+02
  1.159812e+00,  2.032520e+02
  2.191110e+00,  1.591729e+02
  3.771064e+00,  1.467387e+02
  5.391040e+00,  1.417351e+02
  6.833990e+00,  1.386343e+02
  7.938964e+00,  1.358525e+02
  8.589261e+00,  1.326869e+02
  8.725297e+00,  1.286307e+02
  8.358598e+00,  1.231163e+02
  7.583423e+00,  1.153365e+02
  6.585974e+00,  1.041106e+02
  5.643351e+00,  8.813761e+01
  5.060964e+00,  6.761611e+01
  4.966810e+00,  4.633576e+01
  5.152036e+00,  2.879446e+01
  5.258350e+00,  1.599915e+01
  5.014512e+00,  6.776461e+00
  4.291051e+00,  3.598028e+02
  3.078633e+00,  3.540137e+02
  1.460861e+00,  3.476824e+02
  4.307961e-01,  1.808601e+02
  2.367749e+00,  1.667903e+02
  4.180380e+00,  1.625943e+02
  5.674121e+00,  1.591012e+02
  6.700950e+00,  1.556900e+02
  7.171691e+00,  1.520783e+02
  7.066057e+00,  1.479962e+02
  6.434467e+00,  1.430644e+02
  5.392430e+00,  1.366191e+02
  4.111395e+00,  1.272886e+02
  2.817139e+00,  1.118252e+02
  1.823698e+00,  8.287515e+01
  1.504600e+00,  3.886020e+01
  1.679629e+00,  3.854359e+00
  1.786280e+00,  3.404746e+02
  1.641727e+00,  3.170851e+02
  1.440287e+00,  2.820161e+02
  1.718395e+00,  2.381623e+02
  2.608507e+00,  2.097061e+02
  3.737509e+00,  1.948119e+02
  4.820052e+00,  1.861447e+02
  5.672985e+00,  1.805103e+02
  6.177675e+00,  1.765956e+02
  6.274882e+00,  1.738165e+02
  5.964516e+00,  1.719162e+02
  5.300866e+00,  1.708264e+02
  4.381345e+00,  1.706369e+02
  3.329815e+00,  1.716441e+02
  2.276991e+00,  1.745372e+02
  1.341366e+00,  1.810360e+02
  6.164467e-01,  1.969989e+02
  2.135730e-01,  2.579095e+02
  3.146517e-01,  3.427130e+02
  5.116305e-01,  1.720031e+01
  7.590857e-01,  3.916692e+01
  1.063615e+00,  5.025487e+01
  1.365110e+00,  5.201915e+01
  1.616793e+00,  4.581511e+01
  1.851121e+00,  3.212045e+01
  2.207596e+00,  1.288741e+01
  2.849534e+00,  3.532156e+02
  3.815367e+00,  3.372140e+02
  5.008182e+00,  3.251981e+02
  6.272922e+00,  3.159152e+02
  7.444318e+00,  3.082046e+02
  8.370680e+00,  3.012577e+02
  8.931726e+00,  2.945024e+02
  9.053490e+00,  2.874713e+02
  8.718759e+00,  2.796943e+02
  7.971976e+00,  2.705895e+02
  6.919343e+00,  2.593156e+02
  5.726970e+00,  2.445708e+02
  4.618655e+00,  2.245307e+02
  3.851487e+00,  1.979803e+02
  3.587647e+00,  1.675943e+02
  3.717721e+00,  1.390341e+02
  3.988757e+00,  1.141582e+02
  4.259485e+00,  9.133327e+01
  4.544149e+00,  6.904320e+01
  4.927721e+00,  4.725256e+01
  5.453834e+00,  2.702692e+01
  6.062997e+00,  9.262244e+00
  6.618987e+00,  3.539727e+02
  6.972784e+00,  3.405273e+02
  7.011759e+00,  3.280392e+02
  6.687402e+00,  3.154820e+02
  6.032490e+00,  3.015509e+02
  5.179303e+00,  2.843633e+02
  4.385838e+00,  2.614821e+02
  4.015658e+00,  2.324445e+02
  4.279261e+00,  2.032514e+02
  4.965903e+00,  1.802550e+02
  5.710758e+00,  1.633215e+02
  6.264620e+00,  1.500823e+02
  6.509070e+00,  1.387172e+02
  6.419691e+00,  1.280626e+02
  6.038811e+00,  1.173357e+02
  5.452110e+00,  1.059860e+02
  4.762013e+00,  9.370396e+01
  4.056966e+00,  8.056098e+01
  3.383004e+00,  6.719018e+01
  2.730621e+00,  5.477971e+01
  2.054812e+00,  4.499071e+01
  1.320503e+00,  4.111396e+01
  5.963364e-01,  6.115936e+01
  6.955093e-01,  1.431179e+02
  1.509583e+00,  1.599972e+02
  2.316634e+00,  1.610804e+02
  2.979318e+00,  1.596524e+02
  3.427290e+00,  1.580122e+02
  3.627474e+00,  1.569635e+02
  3.587786e+00,  1.570507e+02
  3.359628e+00,  1.588566e+02
  3.034903e+00,  1.630039e+02
  2.731834e+00,  1.697031e+02
  2.557083e+00,  1.776816e+02
  2.550237e+00,  1.838127e+02
  2.676063e+00,  1.851451e+02
  2.891292e+00,  1.808161e+02
  3.196665e+00,  1.718159e+02
  3.619033e+00,  1.601392e+02
  4.156942e+00,  1.478280e+02
  4.750137e+00,  1.360935e+02
  5.294675e+00,  1.251640e+02
  5.678963e+00,  1.146553e+02
  5.817309e+00,  1.038850e+02
  5.677245e+00,  9.193360e+01
  5.304000e+00,  7.757455e+01
  4.843135e+00,  5.934548e+01
  4.538583e+00,  3.655109e+01
  4.622756e+00,  1.149540e+01
  5.103476e+00,  3.487293e+02
  5.748668e+00,  3.303542e+02
  6.284095e+00,  3.155047e+02
  6.513559e+00,  3.025360e+02
  6.343388e+00,  2.898660e+02
  5.787597e+00,  2.758066e+02
  4.983764e+00,  2.580743e+02
  4.229388e+00,  2.337069e+02
  3.961489e+00,  2.024570e+02
  4.404216e+00,  1.721290e+02
  5.267986e+00,  1.490713e+02
  6.140698e+00,  1.318995e+02
  6.767943e+00,  1.176772e+02
  7.050277e+00,  1.042994e+02
  7.011634e+00,  9.029813e+01
  6.778831e+00,  7.462933e+01
  6.546433e+00,  5.692044e+01
  6.495201e+00,  3.802478e+01
  6.678984e+00,  1.987146e+01
  6.985626e+00,  4.100544e+00
  7.216149e+00,  3.511318e+02
  7.189310e+00,  3.404997e+02
  6.796486e+00,  3.314397e+02
  6.014978e+00,  3.231052e+02
  4.903435e+00,  3.144230e+02
  3.593991e+00,  3.034429e+02
  2.304671e+00,  2.850529e+02
  1.458457e+00,  2.460931e+02
  1.572451e+00,  1.977591e+02
  2.080245e+00,  1.746472e+02
  2.377861e+00,  1.658437e+02
  2.320743e+00,  1.643553e+02
  1.951876e+00,  1.703989e+02
  1.486157e+00,  1.903520e+02
  1.415248e+00,  2.282597e+02
  1.971285e+00,  2.566313e+02
  2.722572e+00,  2.683676e+02
  3.351376e+00,  2.724174e+02
  3.715121e+00,  2.727373e+02
  3.764940e+00,  2.705225e+02
  3.525451e+00,  2.657505e+02
  3.090741e+00,  2.575446e+02
  2.622381e+00,  2.444371e+02
  2.324002e+00,  2.262446e+02
  2.323302e+00,  2.078196e+02
  2.546592e+00,  1.958832e+02
  2.845915e+00,  1.921609e+02
  3.169281e+00,  1.951715e+02
  3.570500e+00,  2.025867e+02
  4.126099e+00,  2.115213e+02
  4.841013e+00,  2.194133e+02
  5.622769e+00,  2.250059e+02
  6.323541e+00,  2.281356e+02
  6.792450e+00,  2.290096e+02
  6.913158e+00,  2.277424e+02
  6.630300e+00,  2.241274e+02
  5.971783e+00,  2.174186e+02
  5.075183e+00,  2.059814e+02
  4.226438e+00,  1.872319e+02
  3.843850e+00,  1.607601e+02
  4.141858e+00,  1.342121e+02
  4.809754e+00,  1.146888e+02
  5.395390e+00,  1.012166e+02
  5.606665e+00,  9.082241e+01
  5.312898e+00,  8.109513e+01
  4.522456e+00,  6.945848e+01
  3.418164e+00,  5.097915e+01
  2.564582e+00,  1.514380e+01
  2.955104e+00,  3.291819e+02
  4.350044e+00,  3.026236e+02
  5.875690e+00,  2.891551e+02
  7.101930e+00,  2.808441e+02
  7.817913e+00,  2.746341e+02
  7.926667e+00,  2.691302e+02
  7.425747e+00,  2.633531e+02
  6.405667e+00,  2.561180e+02
  5.059762e+00,  2.452542e+02
  3.733315e+00,  2.261917e+02
  3.021854e+00,  1.939514e+02
  3.354599e+00,  1.610309e+02
  4.205154e+00,  1.421824e+02
  4.953654e+00,  1.334000e+02
  5.335694e+00,  1.301203e+02
  5.290530e+00,  1.305695e+02
  4.877656e+00,  1.344727e+02
  4.245276e+00,  1.424214e+02
  3.603836e+00,  1.552705e+02
  3.159432e+00,  1.723798e+02
  2.970437e+00,  1.896774e+02
  2.875147e+00,  2.024272e+02
  2.646911e+00,  2.086518e+02
  2.165472e+00,  2.066049e+02
  1.535776e+00,  1.880702e+02
  1.437092e+00,  1.403684e+02
  2.414410e+00,  1.075907e+02
  3.804146e+00,  9.639203e+01
  5.186751e+00,  9.239513e+01
  6.345381e+00,  9.114324e+01
  7.134316e+00,  9.124434e+01
  7.464745e+00,  9.219704e+01
  7.306646e+00,  9.382731e+01
  6.687783e+00,  9.611980e+01
  5.686341e+00,  9.917588e+01
  4.417567e+00,  1.032516e+02
  3.016448e+00,  1.089756e+02
  1.621116e+00,  1.186274e+02
  4.162433e-01,  1.585231e+02
  8.622860e-01,  2.816174e+02
  1.725488e+00,  3.000904e+02
  2.395849e+00,  3.125781e+02
  2.893408e+00,  3.245483e+02
  3.250288e+00,  3.364484e+02
  3.473474e+00,  3.479771e+02
  3.533021e+00,  3.588506e+02
  3.373757e+00,  9.150123e+00
  2.942340e+00,  1.961370e+01
  2.222091e+00,  3.263453e+01
  1.314653e+00,  5.858724e+01
  1.027985e+00,  1.326666e+02
  2.163983e+00,  1.762749e+02
  3.632467e+00,  1.902263e+02
  5.042007e+00,  1.972273e+02
  6.206606e+00,  2.015765e+02
  6.986652e+00,  2.044371e+02
  7.285109e+00,  2.061363e+02
  7.057077e+00,  2.065845e+02
  6.320386e+00,  2.052277e+02
  5.171888e+00,  2.005615e+02
  3.838871e+00,  1.885618e+02
  2.867210e+00,  1.605714e+02
  3.134929e+00,  1.226450e+02
  4.433193e+00,  1.012782e+02
  5.942589e+00,  9.300734e+01
  7.268293e+00,  9.051517e+01
  8.241092e+00,  9.085010e+01
  8.787958e+00,  9.281991e+01
  8.894105e+00,  9.585869e+01
  8.585898e+00,  9.962916e+01
  7.917733e+00,  1.038502e+02
  6.959737e+00,  1.081779e+02
  5.787353e+00,  1.120463e+02
  4.477188e+00,  1.143035e+02
  3.122263e+00,  1.120042e+02
  1.930723e+00,  9.557966e+01
  1.611620e+00,  5.043416e+01
  2.524405e+00,  2.081584e+01
  3.778041e+00,  1.346693e+01
  4.957708e+00,  1.330668e+01
  5.894331e+00,  1.569436e+01
  6.473222e+00,  1.919338e+01
  6.610682e+00,  2.334093e+01
  6.258830e+00,  2.811486e+01
  5.414752e+00,  3.391145e+01
  4.132180e+00,  4.207840e+01
  2.561398e+00,  5.798664e+01
  1.345111e+00,  1.113036e+02
  2.317187e+00,  1.779720e+02
  4.159510e+00,  1.972726e+02
  5.913176e+00,  2.057058e+02
  7.330207e+00,  2.108863e+02
  8.271026e+00,  2.145427e+02
  8.655278e+00,  2.171654e+02
  8.460667e+00,  2.187865e+02
  7.725998e+00,  2.190875e+02
  6.555867e+00,  2.172044e+02
  5.137800e+00,  2.110682e+02
  3.809749e+00,  1.960170e+02
  3.188038e+00,  1.675730e+02
  3.708054e+00,  1.398023e+02
  4.838163e+00,  1.261795e+02
  5.989330e+00,  1.220494e+02
  6.905254e+00,  1.228959e+02
  7.500978e+00,  1.267516e+02
  7.777863e+00,  1.327758e+02
  7.785062e+00,  1.405320e+02
  7.588680e+00,  1.496687e+02
  7.241998e+00,  1.597911e+02
  6.764284e+00,  1.704788e+02
  6.138659e+00,  1.814268e+02
  5.330915e+00,  1.926577e+02
  4.320389e+00,  2.048595e+02
  3.137614e+00,  2.204062e+02
  1.955030e+00,  2.479294e+02
  1.499711e+00,  3.070536e+02
  2.405106e+00,  3.531512e+02
  3.681940e+00,  1.223546e+01
  4.811405e+00,  2.250197e+01
  5.588546e+00,  2.921366e+01
  5.890320e+00,  3.389642e+01
  5.649827e+00,  3.692492e+01
  4.861195e+00,  3.789787e+01
  3.595655e+00,  3.476844e+01
  2.092861e+00,  1.778584e+01
  1.568325e+00,  3.134025e+02
  3.149416e+00,  2.757738e+02
  5.164207e+00,  2.676777e+02
  7.039231e+00,  2.662696e+02
  8.551185e+00,  2.671277e+02
  9.553010e+00,  2.690365e+02
  9.952533e+00,  2.715606e+02
  9.713781e+00,  2.745304e+02
  8.857129e+00,  2.778982e+02
  7.454237e+00,  2.817090e+02
  5.618223e+00,  2.861749e+02
  3.492106e+00,  2.921509e+02
  1.253734e+00,  3.068711e+02
  1.117570e+00,  9.498028e+01
  3.169604e+00,  1.113699e+02
  4.957122e+00,  1.177494e+02
  6.343544e+00,  1.226068e+02
  7.245344e+00,  1.267975e+02
  7.613890e+00,  1.304186e+02
  7.436928e+00,  1.332924e+02
  6.741708e+00,  1.349382e+02
  5.603176e+00,  1.342245e+02
  4.175583e+00,  1.281351e+02
  2.840145e+00,  1.077893e+02
  2.604577e+00,  6.540037e+01
  3.880604e+00,  3.683633e+01
  5.640926e+00,  2.726922e+01
  7.321474e+00,  2.505642e+01
  8.683762e+00,  2.590332e+01
  9.593854e+00,  2.833060e+01
  9.979440e+00,  3.177620e+01
  9.822753e+00,  3.604719e+01
  9.157624e+00,  4.114878e+01
  8.063474e+00,  4.724670e+01
  6.655118e+00,  5.472039e+01
  5.070342e+00,  6.438505e+01
  3.462259e+00,  7.829145e+01
  2.029248e+00,  1.032118e+02
  1.267919e+00,  1.595595e+02
  1.772634e+00,  2.175148e+02
  2.704829e+00,  2.456475e+02
  3.620238e+00,  2.640432e+02
  4.462712e+00,  2.789934e+02
  5.219183e+00,  2.918998e+02
  5.849013e+00,  3.030369e+02
  6.275709e+00,  3.124752e+02
  6.404406e+00,  3.202943e+02
  6.148584e+00,  3.265554e+02
  5.454964e+00,  3.311606e+02
  4.322423e+00,  3.334747e+02
  2.823289e+00,  3.306240e+02
  1.265671e+00,  3.023109e+02
  1.670250e+00,  2.178330e+02
  3.560557e+00,  2.005224e+02
  5.442675e+00,  1.981891e+02
  7.029607e+00,  1.990888e+02
  8.152505e+00,  2.011756e+02
  8.694938e+00,  2.038921e+02
  8.596134e+00,  2.071019e+02
  7.856258e+00,  2.108859e+02
  6.536833e+00,  2.155983e+02
  4.758373e+00,  2.223447e+02
  2.717626e+00,  2.358813e+02
  1.108179e+00,  2.954041e+02
  2.347183e+00,  1.076635e+01
  4.281362e+00,  2.685866e+01
  5.936646e+00,  3.417343e+01
  7.120911e+00,  3.906029e+01
  7.735448e+00,  4.281348e+01
  7.740387e+00,  4.574307e+01
  7.152222e+00,  4.774116e+01
  6.043521e+00,  4.822060e+01
  4.548941e+00,  4.541518e+01
  2.920697e+00,  3.319842e+01
  1.908683e+00,  3.519070e+02
  2.716965e+00,  3.061989e+02
  4.309993e+00,  2.920878e+02
  5.831958e+00,  2.892531e+02
  7.034442e+00,  2.904093e+02
  7.813415e+00,  2.935115e+02
  8.129658e+00,  2.978582e+02
  7.991479e+00,  3.031991e+02
  7.444819e+00,  3.094859e+02
  6.562549e+00,  3.168052e+02
  5.432574e+00,  3.254070e+02
  4.146745e+00,  3.358966e+02
  2.796403e+00,  3.500671e+02
  1.508007e+00,  1.585716e+01
  8.944801e-01,  9.156586e+01
  1.801958e+00,  1.492831e+02
  3.038438e+00,  1.704434e+02
  4.256947e+00,  1.838373e+02
  5.373713e+00,  1.943454e+02
  6.317858e+00,  2.031663e+02
  7.011964e+00,  2.107133e+02
  7.378218e+00,  2.171635e+02
  7.350945e+00,  2.225851e+02
  6.890503e+00,  2.269426e+02
  5.995862e+00,  2.300103e+02
  4.715103e+00,  2.310542e+02
  3.161830e+00,  2.274600e+02
  1.625828e+00,  2.057879e+02
  1.446944e+00,  1.341635e+02
  2.843694e+00,  1.064524e+02
  4.272335e+00,  1.015708e+02
  5.381719e+00,  1.021274e+02
  6.051724e+00,  1.049948e+02
  6.239071e+00,  1.094878e+02
  5.964446e+00,  1.157005e+02
  5.312141e+00,  1.242775e+02
  4.432146e+00,  1.365839e+02
  3.546840e+00,  1.549301e+02
  2.942898e+00,  1.812068e+02
  2.823969e+00,  2.114264e+02
  3.058781e+00,  2.373939e+02
  3.343862e+00,  2.575716e+02
  3.496339e+00,  2.747803e+02
  3.483626e+00,  2.916594e+02
  3.371172e+00,  3.098568e+02
  3.264275e+00,  3.297519e+02
  3.233661e+00,  3.502166e+02
  3.256566e+00,  9.548663e+00
  3.234563e+00,  2.711311e+01
  3.068216e+00,  4.389056e+01
  2.726293e+00,  6.237372e+01
  2.310621e+00,  8.690417e+01
  2.130463e+00,  1.210285e+02
  2.512281e+00,  1.554316e+02
  3.317593e+00,  1.786512e+02
  4.195076e+00,  1.928843e+02
  4.889718e+00,  2.022546e+02
  5.240357e+00,  2.089922e+02
  5.156953e+00,  2.141952e+02
  4.614756e+00,  2.184196e+02
  3.650693e+00,  2.219037e+02
  2.355789e+00,  2.244430e+02
  8.651960e-01,  2.225106e+02
  7.024286e-01,  6.595272e+01
  2.132994e+00,  6.280970e+01
  3.332929e+00,  6.630418e+01
  4.207919e+00,  7.155696e+01
  4.730251e+00,  7.845284e+01
  4.943900e+00,  8.731427e+01
  4.959552e+00,  9.839996e+01
  4.921977e+00,  1.114089e+02
  4.940780e+00,  1.250724e+02
  5.018490e+00,  1.375454e+02
  5.046849e+00,  1.474406e+02
  4.875822e+00,  1.542080e+02
  4.387998e+00,  1.575863e+02
  3.544903e+00,  1.565830e+02
  2.434341e+00,  1.468369e+02
  1.505115e+00,  1.103728e+02
  1.951041e+00,  5.451596e+01
  3.280132e+00,  3.305960e+01
  4.566388e+00,  2.503790e+01
  5.481985e+00,  2.079556e+01
  5.853465e+00,  1.769194e+01
  5.592031e+00,  1.458711e+01
  4.692878e+00,  1.040346e+01
  3.247915e+00,  2.518816e+00
  1.556214e+00,  3.360790e+02
  1.536252e+00,  2.440595e+02
  3.467419e+00,  2.154676e+02
  5.388983e+00,  2.068671e+02
  6.913376e+00,  2.019788e+02
  7.852015e+00,  1.980747e+02
  8.106121e+00,  1.941952e+02
  7.666690e+00,  1.896652e+02
  6.618784e+00,  1.835683e+02
  5.148883e+00,  1.740149e+02
  3.586655e+00,  1.561844e+02
  2.571717e+00,  1.205153e+02
  2.808700e+00,  7.822285e+01
  3.676270e+00,  5.442713e+01
  4.337870e+00,  4.218913e+01
  4.472776e+00,  3.449895e+01
  3.998809e+00,  2.839361e+01
  2.962531e+00,  2.174983e+01
  1.520333e+00,  8.310684e+00
  6.322707e-01,  2.655343e+02
  2.175582e+00,  2.186540e+02
  3.740417e+00,  2.103868e+02
  4.942392e+00,  2.062200e+02
  5.624287e+00,  2.032446e+02
  5.708218e+00,  2.007062e+02
  5.195357e+00,  1.982379e+02
  4.162458e+00,  1.954619e+02
  2.750765e+00,  1.914607e+02
  1.157901e+00,  1.805929e+02
  5.931071e-01,  4.660086e+01
  1.952954e+00,  2.224794e+01
  3.013835e+00,  1.727565e+01
  3.618682e+00,  1.445839e+01
  3.721861e+00,  1.226839e+01
  3.350082e+00,  1.025223e+01
  2.582124e+00,  8.033329e+00
  1.418305e+00,  3.785179e+00
  8.907643e-01,  2.031385e+02
##END=
