##TITLE= E:\桌面\nmr\ogm\sjd\matlabcod\1\3_10_xjhsjd
##JCAMP-DX= 5.00 Bruker JCAMP library
##DATA TYPE= Shape Data
##ORIGIN= Colm's GRAPE Pulses 
##OWNER= Dawei.Lu
##DATE= 02-Aug-2025
##TIME= 11:43
##MINX= 1.017117e-01
##MAXX= 1.516810e+01
##MINY= 3.987044e-01
##MAXY= 3.592085e+02
##$SHAPE_EXMODE= None
##$SHAPE_TOTROT= 9.000000e+01
##$SHAPE_BWFAC= 1.000000e+00
##$SHAPE_INTEGFAC= 1.000000e+00
##$SHAPE_MODE= 1
##PULSE_WIDTH= 5000
##Calibration_Power= 12500
##NPOINTS= 1000
##XYPOINTS= (XY..XY)
  1.411403e+00,  1.830346e+02
  3.603153e+00,  1.793168e+02
  5.431885e+00,  1.748978e+02
  4.234430e+00,  1.622104e+02
  2.794560e+00,  1.398953e+02
  2.005498e+00,  9.584087e+01
  2.476938e+00,  5.212525e+01
  3.360060e+00,  3.210967e+01
  3.976884e+00,  2.378399e+01
  4.127168e+00,  2.159632e+01
  3.815941e+00,  2.513248e+01
  3.240536e+00,  3.730747e+01
  2.899517e+00,  6.216566e+01
  3.394083e+00,  9.044441e+01
  4.595062e+00,  1.071531e+02
  5.981385e+00,  1.140066e+02
  7.207529e+00,  1.154266e+02
  8.091536e+00,  1.134804e+02
  8.567857e+00,  1.088701e+02
  8.676331e+00,  1.016584e+02
  8.557440e+00,  9.168756e+01
  8.428435e+00,  7.906574e+01
  8.510760e+00,  6.475793e+01
  8.913828e+00,  5.061632e+01
  9.569436e+00,  3.837342e+01
  1.028956e+01,  2.876119e+01
  1.087271e+01,  2.167113e+01
  1.116991e+01,  1.668469e+01
  1.110401e+01,  1.337492e+01
  1.066511e+01,  1.137718e+01
  9.895894e+00,  1.035298e+01
  8.872643e+00,  9.906742e+00
  7.685892e+00,  9.460960e+00
  6.426747e+00,  8.061297e+00
  5.189232e+00,  4.046058e+00
  4.105064e+00,  3.545919e+02
  3.415607e+00,  3.364826e+02
  3.425832e+00,  3.126029e+02
  4.114490e+00,  2.933262e+02
  5.114046e+00,  2.815589e+02
  6.088408e+00,  2.743198e+02
  6.807606e+00,  2.690359e+02
  7.114194e+00,  2.641241e+02
  6.918821e+00,  2.583555e+02
  6.221376e+00,  2.501892e+02
  5.163453e+00,  2.367751e+02
  4.165809e+00,  2.127730e+02
  4.064928e+00,  1.772100e+02
  5.265921e+00,  1.472522e+02
  7.116026e+00,  1.296771e+02
  8.981161e+00,  1.189912e+02
  1.049935e+01,  1.113998e+02
  1.146098e+01,  1.050645e+02
  1.176633e+01,  9.893969e+01
  1.142160e+01,  9.221152e+01
  1.054322e+01,  8.401412e+01
  9.361358e+00,  7.328788e+01
  8.211940e+00,  5.898373e+01
  7.469365e+00,  4.121829e+01
  7.343887e+00,  2.281800e+01
  7.691535e+00,  7.689032e+00
  8.152515e+00,  3.574415e+02
  8.419638e+00,  3.516645e+02
  8.341766e+00,  3.496249e+02
  7.916265e+00,  3.509542e+02
  7.257561e+00,  3.556511e+02
  6.555357e+00,  3.728881e+00
  6.003458e+00,  1.448124e+01
  5.692806e+00,  2.587929e+01
  5.544094e+00,  3.532578e+01
  5.372759e+00,  4.110098e+01
  5.019464e+00,  4.242083e+01
  4.436534e+00,  3.836585e+01
  3.737037e+00,  2.681746e+01
  3.244534e+00,  5.167422e+00
  3.370109e+00,  3.377923e+02
  4.096695e+00,  3.162318e+02
  5.007329e+00,  3.028105e+02
  5.748085e+00,  2.942895e+02
  6.111883e+00,  2.881571e+02
  5.998675e+00,  2.828870e+02
  5.395159e+00,  2.772131e+02
  4.373584e+00,  2.692513e+02
  3.126719e+00,  2.543773e+02
  2.168001e+00,  2.203880e+02
  2.475678e+00,  1.733042e+02
  3.762170e+00,  1.494389e+02
  5.184015e+00,  1.399915e+02
  6.422828e+00,  1.361352e+02
  7.364376e+00,  1.348925e+02
  7.976177e+00,  1.350636e+02
  8.271288e+00,  1.359631e+02
  8.286692e+00,  1.370077e+02
  8.067576e+00,  1.375466e+02
  7.661747e+00,  1.367731e+02
  7.130106e+00,  1.336734e+02
  6.575022e+00,  1.270613e+02
  6.173831e+00,  1.160115e+02
  6.163411e+00,  1.011407e+02
  6.702493e+00,  8.546192e+01
  7.722953e+00,  7.208352e+01
  8.983353e+00,  6.179464e+01
  1.021158e+01,  5.383106e+01
  1.117644e+01,  4.715484e+01
  1.171140e+01,  4.086672e+01
  1.173044e+01,  3.417254e+01
  1.124590e+01,  2.624477e+01
  1.038789e+01,  1.609981e+01
  9.418956e+00,  2.663291e+00
  8.711465e+00,  3.454909e+02
  8.599636e+00,  3.262521e+02
  9.120497e+00,  3.085029e+02
  9.970905e+00,  2.945690e+02
  1.075092e+01,  2.844446e+02
  1.115021e+01,  2.772113e+02
  1.099071e+01,  2.720244e+02
  1.021666e+01,  2.683340e+02
  8.875649e+00,  2.658760e+02
  7.096980e+00,  2.647045e+02
  5.068381e+00,  2.654789e+02
  3.020823e+00,  2.709667e+02
  1.314415e+00,  2.974025e+02
  1.218140e+00,  1.648732e+01
  2.171711e+00,  4.037193e+01
  2.802861e+00,  4.455201e+01
  2.967288e+00,  4.339962e+01
  2.716009e+00,  3.866080e+01
  2.187310e+00,  2.893147e+01
  1.608325e+00,  9.716699e+00
  1.301843e+00,  3.372381e+02
  1.394150e+00,  3.067843e+02
  1.548420e+00,  2.912072e+02
  1.467711e+00,  2.872217e+02
  1.078096e+00,  2.972849e+02
  7.594081e-01,  3.501061e+02
  1.554098e+00,  4.076878e+01
  2.940532e+00,  5.380148e+01
  4.487837e+00,  5.820239e+01
  5.999799e+00,  6.010482e+01
  7.321301e+00,  6.104503e+01
  8.329779e+00,  6.154520e+01
  8.942827e+00,  6.180998e+01
  9.123274e+00,  6.191029e+01
  8.879420e+00,  6.183541e+01
  8.260911e+00,  6.149554e+01
  7.351363e+00,  6.069145e+01
  6.259062e+00,  5.904393e+01
  5.107600e+00,  5.586467e+01
  4.029330e+00,  4.998278e+01
  3.162842e+00,  3.981658e+01
  2.636998e+00,  2.484018e+01
  2.493625e+00,  8.523052e+00
  2.611690e+00,  3.561056e+02
  2.801271e+00,  3.487717e+02
  2.918039e+00,  3.447704e+02
  2.871423e+00,  3.420599e+02
  2.608388e+00,  3.387125e+02
  2.118684e+00,  3.318973e+02
  1.491383e+00,  3.140744e+02
  1.187466e+00,  2.682284e+02
  1.865378e+00,  2.262740e+02
  3.045737e+00,  2.104570e+02
  4.301494e+00,  2.040405e+02
  5.432803e+00,  2.009849e+02
  6.296222e+00,  1.994418e+02
  6.781891e+00,  1.987524e+02
  6.819661e+00,  1.987037e+02
  6.388583e+00,  1.993434e+02
  5.523712e+00,  2.010276e+02
  4.319992e+00,  2.047867e+02
  2.945111e+00,  2.138098e+02
  1.742309e+00,  2.396798e+02
  1.571692e+00,  2.933065e+02
  2.417363e+00,  3.220858e+02
  3.292364e+00,  3.300254e+02
  3.880421e+00,  3.303352e+02
  4.127790e+00,  3.262303e+02
  4.096736e+00,  3.180809e+02
  3.941936e+00,  3.055532e+02
  3.873197e+00,  2.892259e+02
  4.041599e+00,  2.720027e+02
  4.414736e+00,  2.575024e+02
  4.813937e+00,  2.471898e+02
  5.046437e+00,  2.407120e+02
  4.978772e+00,  2.374349e+02
  4.554732e+00,  2.372128e+02
  3.800517e+00,  2.408959e+02
  2.846293e+00,  2.516383e+02
  2.029786e+00,  2.778489e+02
  2.006491e+00,  3.198267e+02
  2.786932e+00,  3.475627e+02
  3.701297e+00,  3.987044e-01
  4.390706e+00,  7.119575e+00
  4.704409e+00,  1.135332e+01
  4.587052e+00,  1.458839e+01
  4.050057e+00,  1.767095e+01
  3.160597e+00,  2.150729e+01
  2.035018e+00,  2.832314e+01
  8.723073e-01,  5.135454e+01
  7.418257e-01,  1.523312e+02
  1.680166e+00,  1.801103e+02
  2.437289e+00,  1.875432e+02
  2.850173e+00,  1.914479e+02
  2.874887e+00,  1.942721e+02
  2.524125e+00,  1.968016e+02
  1.857751e+00,  1.996080e+02
  9.740822e-01,  2.043164e+02
  1.017117e-01,  2.982879e+02
  9.664760e-01,  1.619496e+01
  1.746123e+00,  2.089834e+01
  2.251766e+00,  2.383159e+01
  2.401279e+00,  2.643069e+01
  2.150876e+00,  2.903813e+01
  1.497046e+00,  3.193498e+01
  4.750066e-01,  3.722628e+01
  8.512868e-01,  2.136253e+02
  2.384962e+00,  2.177500e+02
  4.020371e+00,  2.208065e+02
  5.641877e+00,  2.236807e+02
  7.135677e+00,  2.264428e+02
  8.397976e+00,  2.290565e+02
  9.342531e+00,  2.314414e+02
  9.906838e+00,  2.334783e+02
  1.005663e+01,  2.349984e+02
  9.788974e+00,  2.357576e+02
  9.135024e+00,  2.353876e+02
  8.165266e+00,  2.333026e+02
  7.001039e+00,  2.285382e+02
  5.828168e+00,  2.196138e+02
  4.908949e+00,  2.050332e+02
  4.512365e+00,  1.859034e+02
  4.673594e+00,  1.677840e+02
  5.106240e+00,  1.549554e+02
  5.467788e+00,  1.472122e+02
  5.530767e+00,  1.429535e+02
  5.182155e+00,  1.409578e+02
  4.393358e+00,  1.405436e+02
  3.199463e+00,  1.415110e+02
  1.685296e+00,  1.448233e+02
  1.504288e-01,  2.478484e+02
  1.836389e+00,  3.190612e+02
  3.547949e+00,  3.238263e+02
  5.059965e+00,  3.276260e+02
  6.271926e+00,  3.315948e+02
  7.123077e+00,  3.360002e+02
  7.595157e+00,  3.409499e+02
  7.708041e+00,  3.464694e+02
  7.508025e+00,  3.524885e+02
  7.051164e+00,  3.587987e+02
  6.386418e+00,  4.994683e+00
  5.545468e+00,  1.038182e+01
  4.547759e+00,  1.373387e+01
  3.432702e+00,  1.242265e+01
  2.357708e+00,  3.592085e+02
  1.928742e+00,  3.219459e+02
  2.785952e+00,  2.888196e+02
  4.276939e+00,  2.771183e+02
  5.866087e+00,  2.740231e+02
  7.312125e+00,  2.739910e+02
  8.452672e+00,  2.751446e+02
  9.164593e+00,  2.767193e+02
  9.366168e+00,  2.783093e+02
  9.025254e+00,  2.795887e+02
  8.165221e+00,  2.801287e+02
  6.868494e+00,  2.791263e+02
  5.286928e+00,  2.747175e+02
  3.699538e+00,  2.619387e+02
  2.738652e+00,  2.310157e+02
  3.197826e+00,  1.947545e+02
  4.515317e+00,  1.778803e+02
  5.895919e+00,  1.726946e+02
  7.020380e+00,  1.724532e+02
  7.749891e+00,  1.746230e+02
  8.014147e+00,  1.782021e+02
  7.782879e+00,  1.827970e+02
  7.058309e+00,  1.883844e+02
  5.876910e+00,  1.954259e+02
  4.325458e+00,  2.056662e+02
  2.613087e+00,  2.263097e+02
  1.652959e+00,  2.861851e+02
  2.898948e+00,  3.399568e+02
  4.806803e+00,  3.578468e+02
  6.577080e+00,  6.472209e+00
  7.955481e+00,  1.189210e+01
  8.792352e+00,  1.567134e+01
  9.002325e+00,  1.827509e+01
  8.565791e+00,  1.970816e+01
  7.534104e+00,  1.955531e+01
  6.038057e+00,  1.659789e+01
  4.322454e+00,  7.365422e+00
  2.913474e+00,  3.423104e+02
  2.835750e+00,  3.001410e+02
  4.004888e+00,  2.754389e+02
  5.335209e+00,  2.673339e+02
  6.353676e+00,  2.663641e+02
  6.919369e+00,  2.692640e+02
  7.037007e+00,  2.751236e+02
  6.808016e+00,  2.838470e+02
  6.397054e+00,  2.955021e+02
  5.978043e+00,  3.097463e+02
  5.652581e+00,  3.254096e+02
  5.385859e+00,  3.409109e+02
  5.033032e+00,  3.554073e+02
  4.439825e+00,  9.491330e+00
  3.540936e+00,  2.579591e+01
  2.486377e+00,  5.216313e+01
  2.044649e+00,  1.031709e+02
  3.080944e+00,  1.473244e+02
  4.758943e+00,  1.670589e+02
  6.385588e+00,  1.771721e+02
  7.626313e+00,  1.834182e+02
  8.264082e+00,  1.877124e+02
  8.164481e+00,  1.908003e+02
  7.279928e+00,  1.929425e+02
  5.654532e+00,  1.939850e+02
  3.423956e+00,  1.925171e+02
  8.877714e-01,  1.676274e+02
  2.161016e+00,  3.816056e+01
  4.844015e+00,  3.198659e+01
  7.182652e+00,  3.136027e+01
  8.931432e+00,  3.179113e+01
  9.924291e+00,  3.253257e+01
  1.007809e+01,  3.329845e+01
  9.400569e+00,  3.384016e+01
  7.990052e+00,  3.372348e+01
  6.029269e+00,  3.183640e+01
  3.796465e+00,  2.425476e+01
  1.917229e+00,  3.509718e+02
  2.337234e+00,  2.855389e+02
  4.139500e+00,  2.674675e+02
  5.817634e+00,  2.656081e+02
  7.118350e+00,  2.687592e+02
  8.010297e+00,  2.744197e+02
  8.530640e+00,  2.816535e+02
  8.732581e+00,  2.898481e+02
  8.646606e+00,  2.984403e+02
  8.259434e+00,  3.069143e+02
  7.519469e+00,  3.148859e+02
  6.364980e+00,  3.221755e+02
  4.760214e+00,  3.288793e+02
  2.724988e+00,  3.358239e+02
  3.822682e-01,  5.167481e+00
  2.249096e+00,  1.557302e+02
  4.815576e+00,  1.616072e+02
  7.156179e+00,  1.652831e+02
  9.055067e+00,  1.682048e+02
  1.033610e+01,  1.706552e+02
  1.088498e+01,  1.727071e+02
  1.066409e+01,  1.743268e+02
  9.718034e+00,  1.753533e+02
  8.170894e+00,  1.753729e+02
  6.220241e+00,  1.732961e+02
  4.148492e+00,  1.657719e+02
  2.466899e+00,  1.412936e+02
  2.273923e+00,  9.315243e+01
  3.369537e+00,  6.939511e+01
  4.532303e+00,  6.548352e+01
  5.443056e+00,  6.941200e+01
  6.122575e+00,  7.749339e+01
  6.681670e+00,  8.798151e+01
  7.209608e+00,  9.938452e+01
  7.701747e+00,  1.104093e+02
  8.051997e+00,  1.203012e+02
  8.102750e+00,  1.289242e+02
  7.708226e+00,  1.365942e+02
  6.782092e+00,  1.439897e+02
  5.327965e+00,  1.524932e+02
  3.478611e+00,  1.663126e+02
  1.780703e+00,  2.069854e+02
  2.359533e+00,  2.811229e+02
  4.383643e+00,  3.049778e+02
  6.294255e+00,  3.136792e+02
  7.704906e+00,  3.181627e+02
  8.427244e+00,  3.207524e+02
  8.373848e+00,  3.220896e+02
  7.553632e+00,  3.221796e+02
  6.072935e+00,  3.203488e+02
  4.144374e+00,  3.139684e+02
  2.210574e+00,  2.904522e+02
  1.881911e+00,  2.217040e+02
  3.472811e+00,  1.902509e+02
  5.056560e+00,  1.826290e+02
  6.143131e+00,  1.811004e+02
  6.597019e+00,  1.822428e+02
  6.407740e+00,  1.853178e+02
  5.657750e+00,  1.905139e+02
  4.506529e+00,  1.988791e+02
  3.181833e+00,  2.133063e+02
  2.020122e+00,  2.419409e+02
  1.612184e+00,  2.941750e+02
  2.132692e+00,  3.392978e+02
  2.948491e+00,  7.395425e+00
  3.871906e+00,  2.922469e+01
  4.990860e+00,  4.767395e+01
  6.363750e+00,  6.253456e+01
  7.918049e+00,  7.368177e+01
  9.476506e+00,  8.156093e+01
  1.082136e+01,  8.676420e+01
  1.174892e+01,  8.973228e+01
  1.210975e+01,  9.065798e+01
  1.183889e+01,  8.944697e+01
  1.098084e+01,  8.564061e+01
  9.715209e+00,  7.827484e+01
  8.380255e+00,  6.590031e+01
  7.459242e+00,  4.773061e+01
  7.356186e+00,  2.668139e+01
  7.987136e+00,  8.525772e+00
  8.852163e+00,  3.556639e+02
  9.471584e+00,  3.470434e+02
  9.554909e+00,  3.411038e+02
  8.982363e+00,  3.366932e+02
  7.765940e+00,  3.329423e+02
  6.019825e+00,  3.288584e+02
  3.942181e+00,  3.221522e+02
  1.871906e+00,  3.014193e+02
  1.344046e+00,  2.167175e+02
  2.887032e+00,  1.835561e+02
  4.308226e+00,  1.778171e+02
  5.265967e+00,  1.782838e+02
  5.729811e+00,  1.821466e+02
  5.786685e+00,  1.891069e+02
  5.613580e+00,  1.993637e+02
  5.432977e+00,  2.126268e+02
  5.415513e+00,  2.272696e+02
  5.571543e+00,  2.407990e+02
  5.753918e+00,  2.515680e+02
  5.770957e+00,  2.593389e+02
  5.483026e+00,  2.645145e+02
  4.832921e+00,  2.674527e+02
  3.845525e+00,  2.680563e+02
  2.618671e+00,  2.649252e+02
  1.338648e+00,  2.500395e+02
  7.358303e-01,  1.752931e+02
  1.559637e+00,  1.292528e+02
  2.368525e+00,  1.191202e+02
  2.828604e+00,  1.147098e+02
  2.880889e+00,  1.113523e+02
  2.547924e+00,  1.070449e+02
  1.925155e+00,  9.867755e+01
  1.232855e+00,  7.633549e+01
  1.064224e+00,  2.543850e+01
  1.689821e+00,  3.539335e+02
  2.484746e+00,  3.464047e+02
  3.210099e+00,  3.479888e+02
  3.858532e+00,  3.542464e+02
  4.513765e+00,  3.147362e+00
  5.274918e+00,  1.279762e+01
  6.180003e+00,  2.143936e+01
  7.171949e+00,  2.801177e+01
  8.123340e+00,  3.221252e+01
  8.884252e+00,  3.412811e+01
  9.324121e+00,  3.389307e+01
  9.362894e+00,  3.150363e+01
  8.987148e+00,  2.672278e+01
  8.262911e+00,  1.899472e+01
  7.346913e+00,  7.388023e+00
  6.490601e+00,  3.508548e+02
  5.996249e+00,  3.295121e+02
  6.050853e+00,  3.063116e+02
  6.558198e+00,  2.851235e+02
  7.248829e+00,  2.671446e+02
  7.898781e+00,  2.514110e+02
  8.409500e+00,  2.366225e+02
  8.794136e+00,  2.218770e+02
  9.134947e+00,  2.068393e+02
  9.524875e+00,  1.917472e+02
  1.000702e+01,  1.772186e+02
  1.054257e+01,  1.638764e+02
  1.102491e+01,  1.520560e+02
  1.132180e+01,  1.417738e+02
  1.131606e+01,  1.328581e+02
  1.093047e+01,  1.250828e+02
  1.013740e+01,  1.182468e+02
  8.957859e+00,  1.122141e+02
  7.454480e+00,  1.069479e+02
  5.721256e+00,  1.025915e+02
  3.873269e+00,  9.979857e+01
  2.044327e+00,  1.017821e+02
  5.717260e-01,  1.487958e+02
  1.418488e+00,  2.353877e+02
  2.628709e+00,  2.409806e+02
  3.540886e+00,  2.395604e+02
  4.109340e+00,  2.366230e+02
  4.335741e+00,  2.333300e+02
  4.248122e+00,  2.302173e+02
  3.894834e+00,  2.277715e+02
  3.341445e+00,  2.267043e+02
  2.671454e+00,  2.283612e+02
  1.997055e+00,  2.355908e+02
  1.493416e+00,  2.533898e+02
  1.389416e+00,  2.804600e+02
  1.674195e+00,  3.001223e+02
  2.093971e+00,  3.079169e+02
  2.494873e+00,  3.088997e+02
  2.831072e+00,  3.064317e+02
  3.104559e+00,  3.022421e+02
  3.336460e+00,  2.973981e+02
  3.552737e+00,  2.926972e+02
  3.777144e+00,  2.887363e+02
  4.029334e+00,  2.858513e+02
  4.324575e+00,  2.840504e+02
  4.671314e+00,  2.830286e+02
  5.066203e+00,  2.822927e+02
  5.485908e+00,  2.812758e+02
  5.885639e+00,  2.794513e+02
  6.207054e+00,  2.763612e+02
  6.394696e+00,  2.715549e+02
  6.419444e+00,  2.644864e+02
  6.308037e+00,  2.544489e+02
  6.174397e+00,  2.407381e+02
  6.227414e+00,  2.233997e+02
  6.693542e+00,  2.042914e+02
  7.656169e+00,  1.864185e+02
  8.990899e+00,  1.715381e+02
  1.046104e+01,  1.595809e+02
  1.182011e+01,  1.497279e+02
  1.285792e+01,  1.411399e+02
  1.342019e+01,  1.331190e+02
  1.342270e+01,  1.250582e+02
  1.286394e+01,  1.163440e+02
  1.183464e+01,  1.062551e+02
  1.052250e+01,  9.389370e+01
  9.205276e+00,  7.830535e+01
  8.202392e+00,  5.917593e+01
  7.731679e+00,  3.804164e+01
  7.732024e+00,  1.791084e+01
  7.897909e+00,  6.358183e-01
  7.903880e+00,  3.459402e+02
  7.557171e+00,  3.324313e+02
  6.834153e+00,  3.182573e+02
  5.887774e+00,  3.010321e+02
  5.064149e+00,  2.781595e+02
  4.819711e+00,  2.503917e+02
  5.304236e+00,  2.251023e+02
  6.144108e+00,  2.073211e+02
  6.871900e+00,  1.959519e+02
  7.183865e+00,  1.888694e+02
  6.935162e+00,  1.848604e+02
  6.107986e+00,  1.836830e+02
  4.799028e+00,  1.863771e+02
  3.246390e+00,  1.973784e+02
  2.063110e+00,  2.317137e+02
  2.419900e+00,  2.816025e+02
  3.692650e+00,  3.029457e+02
  4.837518e+00,  3.103618e+02
  5.513654e+00,  3.129522e+02
  5.603960e+00,  3.131923e+02
  5.101716e+00,  3.115651e+02
  4.090560e+00,  3.072659e+02
  2.755555e+00,  2.965137e+02
  1.556649e+00,  2.623804e+02
  1.773440e+00,  1.996630e+02
  3.012590e+00,  1.749806e+02
  4.170491e+00,  1.668793e+02
  4.949599e+00,  1.636516e+02
  5.250547e+00,  1.624359e+02
  5.059522e+00,  1.622127e+02
  4.424143e+00,  1.623521e+02
  3.437436e+00,  1.619441e+02
  2.227627e+00,  1.582265e+02
  1.029020e+00,  1.349261e+02
  1.072236e+00,  5.291415e+01
  2.317116e+00,  3.273661e+01
  3.644376e+00,  3.180189e+01
  4.911415e+00,  3.482739e+01
  6.061477e+00,  3.887732e+01
  7.025306e+00,  4.286032e+01
  7.709272e+00,  4.620632e+01
  8.006187e+00,  4.853621e+01
  7.819038e+00,  4.947083e+01
  7.091408e+00,  4.837572e+01
  5.845625e+00,  4.375704e+01
  4.262067e+00,  3.126507e+01
  2.993236e+00,  3.585797e+02
  3.484315e+00,  3.109042e+02
  5.451640e+00,  2.861569e+02
  7.662258e+00,  2.752581e+02
  9.567630e+00,  2.690366e+02
  1.088263e+01,  2.643744e+02
  1.144426e+01,  2.599123e+02
  1.120201e+01,  2.546984e+02
  1.023507e+01,  2.476179e+02
  8.786145e+00,  2.369000e+02
  7.326222e+00,  2.198293e+02
  6.578750e+00,  1.951546e+02
  7.056563e+00,  1.696550e+02
  8.386263e+00,  1.516588e+02
  9.832375e+00,  1.411249e+02
  1.089663e+01,  1.353927e+02
  1.133691e+01,  1.327293e+02
  1.109161e+01,  1.323217e+02
  1.023461e+01,  1.339166e+02
  8.942307e+00,  1.376214e+02
  7.456504e+00,  1.437530e+02
  6.031783e+00,  1.524863e+02
  4.854743e+00,  1.629745e+02
  3.953056e+00,  1.722424e+02
  3.209109e+00,  1.750979e+02
  2.601153e+00,  1.642012e+02
  2.585210e+00,  1.356775e+02
  3.669225e+00,  1.099291e+02
  5.491686e+00,  9.750888e+01
  7.553328e+00,  9.196305e+01
  9.501723e+00,  8.927646e+01
  1.106102e+01,  8.784761e+01
  1.201837e+01,  8.700023e+01
  1.223484e+01,  8.640260e+01
  1.165636e+01,  8.584342e+01
  1.031762e+01,  8.511338e+01
  8.337450e+00,  8.386745e+01
  5.908011e+00,  8.123403e+01
  3.291883e+00,  7.370482e+01
  1.091760e+00,  2.749019e+01
  2.148878e+00,  2.987225e+02
  3.955527e+00,  2.861840e+02
  5.220807e+00,  2.827531e+02
  5.806732e+00,  2.813909e+02
  5.704456e+00,  2.805287e+02
  4.987926e+00,  2.791538e+02
  3.803318e+00,  2.754124e+02
  2.399414e+00,  2.630067e+02
  1.485537e+00,  2.179710e+02
  2.305255e+00,  1.694740e+02
  3.829876e+00,  1.575791e+02
  5.354896e+00,  1.569966e+02
  6.739520e+00,  1.603424e+02
  7.948049e+00,  1.654146e+02
  8.963282e+00,  1.711708e+02
  9.751078e+00,  1.769375e+02
  1.024782e+01,  1.822337e+02
  1.036874e+01,  1.867101e+02
  1.003141e+01,  1.900793e+02
  9.185322e+00,  1.919899e+02
  7.840649e+00,  1.917724e+02
  6.099564e+00,  1.877669e+02
  4.231134e+00,  1.751243e+02
  2.974116e+00,  1.418337e+02
  3.499788e+00,  9.918880e+01
  5.129511e+00,  7.887022e+01
  6.763416e+00,  7.094898e+01
  7.974339e+00,  6.762464e+01
  8.583161e+00,  6.618344e+01
  8.525845e+00,  6.546154e+01
  7.824827e+00,  6.468172e+01
  6.579025e+00,  6.286803e+01
  4.965195e+00,  5.792447e+01
  3.298739e+00,  4.365708e+01
  2.372085e+00,  5.699776e+00
  3.157208e+00,  3.264635e+02
  4.763096e+00,  3.126232e+02
  6.412633e+00,  3.098868e+02
  7.878206e+00,  3.113981e+02
  9.075891e+00,  3.147814e+02
  9.957576e+00,  3.189542e+02
  1.048079e+01,  3.232761e+02
  1.060264e+01,  3.272886e+02
  1.028668e+01,  3.305976e+02
  9.517419e+00,  3.327651e+02
  8.318721e+00,  3.331232e+02
  6.778473e+00,  3.303454e+02
  5.100261e+00,  3.213300e+02
  3.754884e+00,  2.994183e+02
  3.593030e+00,  2.644656e+02
  4.702914e+00,  2.392084e+02
  6.188883e+00,  2.276470e+02
  7.482495e+00,  2.227226e+02
  8.332290e+00,  2.208269e+02
  8.628722e+00,  2.204352e+02
  8.348477e+00,  2.207917e+02
  7.533170e+00,  2.213705e+02
  6.275249e+00,  2.215459e+02
  4.708638e+00,  2.200426e+02
  3.021653e+00,  2.128969e+02
  1.641244e+00,  1.829987e+02
  1.840094e+00,  1.238630e+02
  3.177089e+00,  1.039770e+02
  4.552301e+00,  1.012018e+02
  5.735928e+00,  1.035199e+02
  6.665742e+00,  1.079313e+02
  7.311724e+00,  1.133229e+02
  7.647364e+00,  1.191370e+02
  7.643441e+00,  1.250622e+02
  7.273699e+00,  1.309521e+02
  6.526931e+00,  1.368166e+02
  5.419914e+00,  1.428822e+02
  4.007589e+00,  1.498887e+02
  2.395336e+00,  1.607558e+02
  8.753581e-01,  2.001802e+02
  1.386888e+00,  3.004284e+02
  2.832994e+00,  3.191479e+02
  4.031362e+00,  3.257971e+02
  4.807582e+00,  3.292521e+02
  5.075308e+00,  3.307820e+02
  4.810152e+00,  3.301710e+02
  4.066333e+00,  3.258664e+02
  3.038887e+00,  3.129824e+02
  2.321356e+00,  2.800829e+02
  2.919197e+00,  2.396193e+02
  4.499200e+00,  2.208805e+02
  6.294576e+00,  2.143989e+02
  7.962633e+00,  2.127867e+02
  9.323700e+00,  2.134625e+02
  1.026887e+01,  2.154070e+02
  1.073784e+01,  2.181376e+02
  1.071197e+01,  2.213766e+02
  1.020956e+01,  2.249210e+02
  9.279853e+00,  2.285733e+02
  7.995882e+00,  2.320770e+02
  6.447721e+00,  2.349991e+02
  4.739084e+00,  2.363908e+02
  2.997156e+00,  2.333682e+02
  1.476277e+00,  2.120634e+02
  1.284767e+00,  1.427184e+02
  2.394344e+00,  1.164699e+02
  3.450770e+00,  1.123647e+02
  4.175675e+00,  1.134185e+02
  4.483899e+00,  1.164093e+02
  4.345302e+00,  1.205367e+02
  3.772536e+00,  1.258299e+02
  2.821191e+00,  1.332858e+02
  1.605047e+00,  1.480355e+02
  6.544638e-01,  2.191615e+02
  1.692678e+00,  2.897516e+02
  3.122753e+00,  3.049111e+02
  4.414589e+00,  3.132597e+02
  5.435314e+00,  3.200110e+02
  6.107673e+00,  3.264169e+02
  6.400406e+00,  3.330204e+02
  6.325543e+00,  3.401638e+02
  5.931018e+00,  3.481278e+02
  5.287699e+00,  3.571891e+02
  4.473180e+00,  7.686638e+00
  3.557900e+00,  2.020768e+01
  2.602330e+00,  3.624738e+01
  1.687914e+00,  6.086421e+01
  1.098970e+00,  1.104233e+02
  1.442620e+00,  1.701524e+02
  2.355963e+00,  1.996273e+02
  3.369727e+00,  2.157351e+02
  4.323858e+00,  2.267193e+02
  5.116891e+00,  2.349950e+02
  5.660341e+00,  2.414343e+02
  5.880651e+00,  2.463742e+02
  5.730288e+00,  2.498503e+02
  5.200283e+00,  2.515547e+02
  4.333915e+00,  2.504856e+02
  3.254012e+00,  2.437500e+02
  2.269110e+00,  2.232274e+02
  2.099408e+00,  1.836897e+02
  2.986692e+00,  1.565113e+02
  4.208306e+00,  1.470814e+02
  5.352001e+00,  1.452900e+02
  6.258575e+00,  1.470418e+02
  6.861981e+00,  1.508771e+02
  7.148037e+00,  1.562133e+02
  7.138510e+00,  1.627820e+02
  6.877613e+00,  1.704137e+02
  6.417104e+00,  1.789370e+02
  5.801938e+00,  1.881352e+02
  5.060823e+00,  1.977542e+02
  4.205410e+00,  2.075604e+02
  3.238170e+00,  2.174545e+02
  2.165062e+00,  2.277606e+02
  1.009646e+00,  2.412479e+02
  2.721904e-01,  2.188343e+01
  1.423765e+00,  6.058720e+01
  2.532626e+00,  7.095418e+01
  3.481033e+00,  7.937930e+01
  4.198908e+00,  8.746587e+01
  4.640428e+00,  9.583123e+01
  4.793935e+00,  1.049835e+02
  4.688869e+00,  1.154904e+02
  4.397396e+00,  1.280079e+02
  4.027493e+00,  1.431326e+02
  3.698677e+00,  1.609142e+02
  3.490681e+00,  1.802181e+02
  3.388543e+00,  1.990186e+02
  3.286297e+00,  2.159006e+02
  3.054793e+00,  2.309875e+02
  2.605755e+00,  2.458718e+02
  1.933540e+00,  2.646886e+02
  1.234948e+00,  3.015173e+02
  1.338894e+00,  6.536364e+00
  2.397901e+00,  4.069857e+01
  3.673581e+00,  5.551010e+01
  4.867780e+00,  6.418701e+01
  5.814645e+00,  7.019887e+01
  6.391701e+00,  7.466104e+01
  6.515989e+00,  7.793772e+01
  6.151242e+00,  7.998507e+01
  5.315495e+00,  8.026529e+01
  4.093144e+00,  7.704758e+01
  2.691713e+00,  6.425715e+01
  1.803122e+00,  2.259440e+01
  2.599219e+00,  3.362753e+02
  4.186421e+00,  3.210113e+02
  5.754012e+00,  3.168657e+02
  7.036463e+00,  3.165235e+02
  7.897894e+00,  3.179006e+02
  8.263143e+00,  3.202645e+02
  8.107679e+00,  3.233459e+02
  7.454288e+00,  3.271025e+02
  6.368204e+00,  3.316890e+02
  4.948320e+00,  3.376469e+02
  3.324685e+00,  3.468040e+02
  1.705736e+00,  8.134624e+00
  1.042847e+00,  8.685262e+01
  2.204615e+00,  1.334858e+02
  3.469311e+00,  1.465229e+02
  4.431364e+00,  1.529181e+02
  4.981576e+00,  1.566518e+02
  5.075997e+00,  1.584121e+02
  4.724978e+00,  1.577591e+02
  4.009635e+00,  1.529698e+02
  3.144223e+00,  1.396387e+02
  2.649729e+00,  1.112892e+02
  3.178954e+00,  7.929594e+01
  4.494699e+00,  6.196191e+01
  6.026668e+00,  5.495190e+01
  7.454002e+00,  5.276240e+01
  8.596988e+00,  5.302259e+01
  9.349185e+00,  5.475128e+01
  9.660297e+00,  5.752808e+01
  9.529592e+00,  6.118537e+01
  8.998522e+00,  6.568907e+01
  8.140927e+00,  7.109176e+01
  7.051997e+00,  7.751540e+01
  5.837008e+00,  8.514045e+01
  4.596341e+00,  9.417315e+01
  3.409171e+00,  1.047901e+02
  2.318236e+00,  1.171092e+02
  1.323158e+00,  1.316176e+02
  4.000295e-01,  1.571530e+02
  5.563982e-01,  3.160074e+02
  1.458349e+00,  3.348046e+02
  2.329099e+00,  3.458425e+02
  3.091565e+00,  3.546460e+02
  3.651664e+00,  2.213564e+00
  3.915026e+00,  9.128540e+00
  3.807443e+00,  1.600868e+01
  3.293669e+00,  2.390448e+01
  2.401014e+00,  3.572557e+01
  1.328027e+00,  6.547067e+01
  1.300014e+00,  1.450935e+02
  2.761534e+00,  1.792638e+02
  4.465801e+00,  1.910776e+02
  6.074203e+00,  1.977430e+02
  7.413227e+00,  2.025316e+02
  8.356058e+00,  2.064189e+02
  8.819344e+00,  2.097798e+02
  8.769032e+00,  2.127587e+02
  8.223176e+00,  2.153587e+02
  7.248990e+00,  2.174189e+02
  5.953945e+00,  2.184770e+02
  4.477254e+00,  2.173176e+02
  3.000103e+00,  2.103897e+02
  1.858543e+00,  1.866945e+02
  1.764406e+00,  1.422890e+02
  2.584916e+00,  1.189099e+02
  3.515787e+00,  1.129146e+02
  4.270489e+00,  1.130305e+02
  4.748429e+00,  1.154302e+02
  4.889394e+00,  1.186019e+02
  4.646646e+00,  1.217278e+02
  3.987318e+00,  1.241063e+02
  2.903464e+00,  1.244390e+02
  1.445413e+00,  1.161214e+02
  7.548602e-01,  6.318198e+00
  2.700857e+00,  3.341528e+02
  4.904894e+00,  3.304873e+02
  7.063719e+00,  3.296060e+02
  8.987174e+00,  3.291886e+02
  1.050635e+01,  3.286058e+02
  1.148883e+01,  3.275343e+02
  1.185605e+01,  3.256839e+02
  1.159694e+01,  3.226816e+02
  1.077910e+01,  3.179631e+02
  9.562012e+00,  3.106242e+02
  8.211764e+00,  2.993220e+02
  7.108729e+00,  2.827743e+02
  6.651071e+00,  2.620293e+02
  6.947517e+00,  2.420144e+02
  7.681073e+00,  2.267437e+02
  8.426449e+00,  2.162354e+02
  8.893906e+00,  2.089875e+02
  8.946629e+00,  2.036653e+02
  8.561593e+00,  1.992782e+02
  7.797673e+00,  1.949661e+02
  6.775387e+00,  1.897335e+02
  5.668799e+00,  1.821647e+02
  4.711922e+00,  1.704000e+02
  4.191187e+00,  1.537478e+02
  4.308171e+00,  1.362283e+02
  4.982632e+00,  1.237392e+02
  5.975500e+00,  1.173498e+02
  7.094809e+00,  1.151307e+02
  8.211115e+00,  1.152071e+02
  9.215555e+00,  1.163664e+02
  9.999813e+00,  1.179028e+02
  1.045910e+01,  1.194251e+02
  1.050689e+01,  1.207206e+02
  1.009317e+01,  1.216631e+02
  9.220568e+00,  1.221422e+02
  7.946740e+00,  1.219967e+02
  6.379900e+00,  1.209037e+02
  4.668470e+00,  1.180872e+02
  2.992065e+00,  1.112797e+02
  1.592377e+00,  9.186295e+01
  1.018535e+00,  3.745870e+01
  1.428622e+00,  3.572866e+02
  1.827450e+00,  3.458381e+02
  1.927060e+00,  3.437745e+02
  1.752769e+00,  3.467085e+02
  1.417409e+00,  3.543944e+02
  1.061080e+00,  7.097260e+00
  7.704203e-01,  2.051892e+01
  5.117854e-01,  1.685464e+01
  5.266292e-01,  3.197720e+02
  1.344242e+00,  2.902206e+02
  2.705742e+00,  2.837422e+02
  4.477825e+00,  2.811329e+02
  6.532034e+00,  2.790807e+02
  8.700388e+00,  2.767981e+02
  1.079140e+01,  2.740113e+02
  1.261557e+01,  2.705605e+02
  1.401222e+01,  2.662930e+02
  1.487419e+01,  2.610254e+02
  1.516810e+01,  2.545288e+02
  1.494190e+01,  2.465178e+02
  1.432465e+01,  2.366708e+02
  1.351331e+01,  2.247207e+02
  1.273656e+01,  2.106638e+02
  1.218641e+01,  1.950249e+02
  1.193522e+01,  1.788691e+02
  1.190011e+01,  1.633171e+02
  1.189633e+01,  1.489699e+02
  1.173326e+01,  1.357851e+02
  1.128415e+01,  1.232968e+02
  1.051356e+01,  1.108199e+02
  9.478877e+00,  9.752496e+01
  8.320867e+00,  8.246659e+01
  7.243508e+00,  6.479190e+01
  6.461418e+00,  4.447464e+01
  6.088227e+00,  2.325144e+01
  6.036432e+00,  3.899056e+00
  6.075522e+00,  3.480423e+02
  5.984578e+00,  3.356733e+02
  5.634154e+00,  3.261666e+02
  4.990744e+00,  3.190230e+02
  4.096954e+00,  3.141933e+02
  3.052497e+00,  3.124987e+02
  2.008095e+00,  3.170795e+02
  1.212103e+00,  3.378403e+02
  1.066520e+00,  1.740331e+01
  1.391022e+00,  3.652241e+01
  1.673948e+00,  3.584948e+01
  1.811137e+00,  2.415410e+01
  1.925147e+00,  3.869649e+00
  2.229948e+00,  3.394243e+02
  2.827335e+00,  3.179897e+02
  3.625524e+00,  3.022625e+02
  4.465236e+00,  2.909529e+02
  5.205428e+00,  2.824073e+02
  5.742477e+00,  2.755406e+02
  6.013865e+00,  2.697115e+02
  5.998781e+00,  2.645302e+02
  5.715249e+00,  2.597355e+02
  5.213320e+00,  2.551117e+02
  4.565330e+00,  2.504139e+02
  3.855155e+00,  2.452720e+02
  3.168696e+00,  2.390591e+02
  2.587908e+00,  2.307941e+02
  2.188802e+00,  2.194582e+02
  2.034185e+00,  2.053498e+02
  2.146293e+00,  1.911088e+02
  2.488708e+00,  1.792510e+02
  2.993718e+00,  1.698564e+02
  3.590956e+00,  1.617279e+02
  4.214937e+00,  1.537273e+02
  4.810151e+00,  1.450570e+02
  5.341913e+00,  1.351624e+02
  5.810603e+00,  1.236579e+02
  6.262604e+00,  1.103875e+02
  6.786230e+00,  9.560359e+01
  7.480520e+00,  8.008262e+01
  8.403455e+00,  6.489822e+01
  9.533901e+00,  5.092007e+01
  1.077341e+01,  3.850932e+01
  1.197564e+01,  2.759413e+01
  1.297915e+01,  1.788484e+01
  1.363386e+01,  9.022391e+00
  1.382282e+01,  6.307740e-01
  1.348077e+01,  3.523074e+02
  1.260942e+01,  3.435746e+02
  1.128767e+01,  3.337936e+02
  9.677010e+00,  3.220348e+02
  8.021741e+00,  3.069654e+02
  6.616665e+00,  2.871678e+02
  5.487568e+00,  2.623652e+02
  2.600736e+00,  2.232150e+02
##END=
