##TITLE= E:\桌面\nmr\ogm\sjd\matlabcod\1\3_11_xjhsjd
##JCAMP-DX= 5.00 Bruker JCAMP library
##DATA TYPE= Shape Data
##ORIGIN= Colm's GRAPE Pulses 
##OWNER= Dawei.Lu
##DATE= 02-Aug-2025
##TIME= 11:43
##MINX= 3.601103e-02
##MAXX= 1.527405e+01
##MINY= 6.545917e-02
##MAXY= 3.597460e+02
##$SHAPE_EXMODE= None
##$SHAPE_TOTROT= 9.000000e+01
##$SHAPE_BWFAC= 1.000000e+00
##$SHAPE_INTEGFAC= 1.000000e+00
##$SHAPE_MODE= 1
##PULSE_WIDTH= 5000
##Calibration_Power= 12500
##NPOINTS= 1000
##XYPOINTS= (XY..XY)
  1.105762e+00,  2.155902e+02
  2.141998e+00,  2.107360e+02
  3.437082e+00,  2.049800e+02
  4.071094e+00,  1.972069e+02
  4.663977e+00,  1.891139e+02
  5.262600e+00,  1.808908e+02
  5.838085e+00,  1.725625e+02
  6.350324e+00,  1.640786e+02
  6.761188e+00,  1.553300e+02
  7.041121e+00,  1.461548e+02
  7.175700e+00,  1.363394e+02
  7.172470e+00,  1.256273e+02
  7.066449e+00,  1.137588e+02
  6.920407e+00,  1.005720e+02
  6.813912e+00,  8.617658e+01
  6.817080e+00,  7.110765e+01
  6.957062e+00,  5.625064e+01
  7.200232e+00,  4.247535e+01
  7.465260e+00,  3.028427e+01
  7.654912e+00,  1.975700e+01
  7.685142e+00,  1.070375e+01
  7.502597e+00,  2.824535e+00
  7.092041e+00,  3.557943e+02
  6.476766e+00,  3.492876e+02
  5.713698e+00,  3.429720e+02
  4.884185e+00,  3.364969e+02
  4.081491e+00,  3.295152e+02
  3.395776e+00,  3.218206e+02
  2.896861e+00,  3.136852e+02
  2.617457e+00,  3.061699e+02
  2.547510e+00,  3.006585e+02
  2.646430e+00,  2.976654e+02
  2.856017e+00,  2.964727e+02
  3.101425e+00,  2.959157e+02
  3.292859e+00,  2.950744e+02
  3.336967e+00,  2.933383e+02
  3.153953e+00,  2.901011e+02
  2.697024e+00,  2.841428e+02
  1.985369e+00,  2.716534e+02
  1.258075e+00,  2.373374e+02
  1.486873e+00,  1.746865e+02
  2.739088e+00,  1.455733e+02
  4.248790e+00,  1.334122e+02
  5.738428e+00,  1.259778e+02
  7.056211e+00,  1.200940e+02
  8.096897e+00,  1.146143e+02
  8.800701e+00,  1.089570e+02
  9.159957e+00,  1.027320e+02
  9.221448e+00,  9.564223e+01
  9.079788e+00,  8.750548e+01
  8.858088e+00,  7.836263e+01
  8.674542e+00,  6.861599e+01
  8.603576e+00,  5.904592e+01
  8.651970e+00,  5.058103e+01
  8.771567e+00,  4.394640e+01
  8.898646e+00,  3.947759e+01
  8.990069e+00,  3.715541e+01
  9.037122e+00,  3.670272e+01
  9.056238e+00,  3.763853e+01
  9.065910e+00,  3.931064e+01
  9.063911e+00,  4.096687e+01
  9.018953e+00,  4.186745e+01
  8.882592e+00,  4.137056e+01
  8.615368e+00,  3.893618e+01
  8.215619e+00,  3.407445e+01
  7.740658e+00,  2.633961e+01
  7.309203e+00,  1.552164e+01
  7.066686e+00,  2.113572e+00
  7.103870e+00,  3.476272e+02
  7.380175e+00,  3.339438e+02
  7.735629e+00,  3.221716e+02
  7.973838e+00,  3.123729e+02
  7.932722e+00,  3.040222e+02
  7.516712e+00,  2.963713e+02
  6.707269e+00,  2.884768e+02
  5.569036e+00,  2.788807e+02
  4.270858e+00,  2.646991e+02
  3.166890e+00,  2.401516e+02
  2.869593e+00,  2.033950e+02
  3.553972e+00,  1.733007e+02
  4.600818e+00,  1.572472e+02
  5.555626e+00,  1.490819e+02
  6.238514e+00,  1.449049e+02
  6.599701e+00,  1.429646e+02
  6.659223e+00,  1.423335e+02
  6.477779e+00,  1.423034e+02
  6.135424e+00,  1.420880e+02
  5.717819e+00,  1.406642e+02
  5.317634e+00,  1.367745e+02
  5.053479e+00,  1.292958e+02
  5.080059e+00,  1.182472e+02
  5.531781e+00,  1.056892e+02
  6.417866e+00,  9.440956e+01
  7.604088e+00,  8.566778e+01
  8.886771e+00,  7.918281e+01
  1.005547e+01,  7.420169e+01
  1.092364e+01,  7.003935e+01
  1.134782e+01,  6.615558e+01
  1.124346e+01,  6.208294e+01
  1.059728e+01,  5.731584e+01
  9.475740e+00,  5.115694e+01
  8.033588e+00,  4.247729e+01
  6.530563e+00,  2.942366e+01
  5.348687e+00,  9.830580e+00
  4.890860e+00,  3.449610e+02
  5.184226e+00,  3.224215e+02
  5.790008e+00,  3.070454e+02
  6.275465e+00,  2.977141e+02
  6.415201e+00,  2.923854e+02
  6.145926e+00,  2.898587e+02
  5.511340e+00,  2.896889e+02
  4.626646e+00,  2.919998e+02
  3.650750e+00,  2.974133e+02
  2.755923e+00,  3.067994e+02
  2.077207e+00,  3.199069e+02
  1.629096e+00,  3.325272e+02
  1.291857e+00,  3.362739e+02
  1.025414e+00,  3.198616e+02
  1.168597e+00,  2.826757e+02
  1.910680e+00,  2.589009e+02
  2.937009e+00,  2.493534e+02
  3.994020e+00,  2.451393e+02
  4.897320e+00,  2.429773e+02
  5.496208e+00,  2.417155e+02
  5.677380e+00,  2.408870e+02
  5.375363e+00,  2.402626e+02
  4.580718e+00,  2.396819e+02
  3.343395e+00,  2.389218e+02
  1.765733e+00,  2.370386e+02
  1.183071e-01,  1.411960e+02
  1.848185e+00,  6.460759e+01
  3.554785e+00,  6.312868e+01
  5.005787e+00,  6.295816e+01
  6.093519e+00,  6.319605e+01
  6.754858e+00,  6.363109e+01
  6.975291e+00,  6.413351e+01
  6.788109e+00,  6.453779e+01
  6.268795e+00,  6.456085e+01
  5.526048e+00,  6.368561e+01
  4.693166e+00,  6.098924e+01
  3.925826e+00,  5.503779e+01
  3.404811e+00,  4.455465e+01
  3.299175e+00,  3.094711e+01
  3.645763e+00,  1.909475e+01
  4.314512e+00,  1.202637e+01
  5.130169e+00,  9.060827e+00
  5.939937e+00,  8.574025e+00
  6.611450e+00,  9.385615e+00
  7.028876e+00,  1.082794e+01
  7.100156e+00,  1.256642e+01
  6.768341e+00,  1.446310e+01
  6.020999e+00,  1.651719e+01
  4.895248e+00,  1.890626e+01
  3.476609e+00,  2.219031e+01
  1.895357e+00,  2.877239e+01
  4.333850e-01,  7.600689e+01
  1.303196e+00,  1.850193e+02
  2.490871e+00,  1.948389e+02
  3.302373e+00,  1.994447e+02
  3.652866e+00,  2.034634e+02
  3.526671e+00,  2.083087e+02
  2.977994e+00,  2.157285e+02
  2.156417e+00,  2.302293e+02
  1.452862e+00,  2.652563e+02
  1.664146e+00,  3.165499e+02
  2.572479e+00,  3.420816e+02
  3.481913e+00,  3.527685e+02
  4.116010e+00,  3.581296e+02
  4.357775e+00,  1.004568e+00
  4.170813e+00,  2.197776e+00
  3.585459e+00,  1.532301e+00
  2.696656e+00,  3.574382e+02
  1.690507e+00,  3.435845e+02
  1.078037e+00,  2.983435e+02
  1.571530e+00,  2.518596e+02
  2.411765e+00,  2.387106e+02
  3.092700e+00,  2.370567e+02
  3.497869e+00,  2.404460e+02
  3.627582e+00,  2.475933e+02
  3.558524e+00,  2.585704e+02
  3.425485e+00,  2.735607e+02
  3.375066e+00,  2.916597e+02
  3.479771e+00,  3.103900e+02
  3.686630e+00,  3.273948e+02
  3.871469e+00,  3.421300e+02
  3.925657e+00,  3.554714e+02
  3.802401e+00,  8.843437e+00
  3.532250e+00,  2.388331e+01
  3.225895e+00,  4.214905e+01
  3.047845e+00,  6.385956e+01
  3.113794e+00,  8.613884e+01
  3.373083e+00,  1.049669e+02
  3.653746e+00,  1.189958e+02
  3.789793e+00,  1.290278e+02
  3.677497e+00,  1.361121e+02
  3.279328e+00,  1.407908e+02
  2.616943e+00,  1.427279e+02
  1.770559e+00,  1.392637e+02
  9.455736e-01,  1.162906e+02
  9.058661e-01,  5.150467e+01
  1.663841e+00,  2.733680e+01
  2.426035e+00,  2.466912e+01
  3.009653e+00,  2.836746e+01
  3.380889e+00,  3.558055e+01
  3.568948e+00,  4.570404e+01
  3.645155e+00,  5.851935e+01
  3.694486e+00,  7.350812e+01
  3.775505e+00,  8.964208e+01
  3.891772e+00,  1.057954e+02
  4.001489e+00,  1.213870e+02
  4.056454e+00,  1.365617e+02
  4.038306e+00,  1.518983e+02
  3.973479e+00,  1.679707e+02
  3.921538e+00,  1.848670e+02
  3.936013e+00,  2.018299e+02
  4.016310e+00,  2.174997e+02
  4.092143e+00,  2.307281e+02
  4.054542e+00,  2.410352e+02
  3.801242e+00,  2.483249e+02
  3.269989e+00,  2.522313e+02
  2.464048e+00,  2.508241e+02
  1.524313e+00,  2.350759e+02
  1.188900e+00,  1.796454e+02
  2.168335e+00,  1.427688e+02
  3.502301e+00,  1.338303e+02
  4.764705e+00,  1.322755e+02
  5.788488e+00,  1.333482e+02
  6.471257e+00,  1.357547e+02
  6.758686e+00,  1.390883e+02
  6.644344e+00,  1.432547e+02
  6.167016e+00,  1.483035e+02
  5.402310e+00,  1.543646e+02
  4.447790e+00,  1.616052e+02
  3.402683e+00,  1.701733e+02
  2.345333e+00,  1.801089e+02
  1.314915e+00,  1.912825e+02
  3.072854e-01,  2.046185e+02
  7.090280e-01,  3.245001e+01
  1.757244e+00,  4.359500e+01
  2.826490e+00,  5.314569e+01
  3.859447e+00,  6.145316e+01
  4.762526e+00,  6.875560e+01
  5.426863e+00,  7.536471e+01
  5.752575e+00,  8.166074e+01
  5.671221e+00,  8.814410e+01
  5.164820e+00,  9.561266e+01
  4.285410e+00,  1.056742e+02
  3.197721e+00,  1.223110e+02
  2.333307e+00,  1.547522e+02
  2.478041e+00,  1.996951e+02
  3.527542e+00,  2.277353e+02
  4.724986e+00,  2.415904e+02
  5.682691e+00,  2.493715e+02
  6.221626e+00,  2.542055e+02
  6.262331e+00,  2.571744e+02
  5.800900e+00,  2.584547e+02
  4.903810e+00,  2.574293e+02
  3.715925e+00,  2.518956e+02
  2.528388e+00,  2.350840e+02
  2.026866e+00,  1.965841e+02
  2.727775e+00,  1.631920e+02
  3.887761e+00,  1.509200e+02
  4.974269e+00,  1.481366e+02
  5.807016e+00,  1.494424e+02
  6.322068e+00,  1.528939e+02
  6.502695e+00,  1.576137e+02
  6.350713e+00,  1.630684e+02
  5.869160e+00,  1.688418e+02
  5.054913e+00,  1.745647e+02
  3.902457e+00,  1.798684e+02
  2.416473e+00,  1.841375e+02
  6.316445e-01,  1.814602e+02
  1.414263e+00,  2.013380e+01
  3.579267e+00,  2.103344e+01
  5.743755e+00,  2.339699e+01
  7.747337e+00,  2.557300e+01
  9.428553e+00,  2.730788e+01
  1.064421e+01,  2.848023e+01
  1.128864e+01,  2.896663e+01
  1.131163e+01,  2.857844e+01
  1.073296e+01,  2.698785e+01
  9.653571e+00,  2.360829e+01
  8.266508e+00,  1.740809e+01
  6.871553e+00,  6.805458e+00
  5.869398e+00,  3.506253e+02
  5.599625e+00,  3.315228e+02
  6.002566e+00,  3.160524e+02
  6.679279e+00,  3.073884e+02
  7.288076e+00,  3.046293e+02
  7.678625e+00,  3.062830e+02
  7.845814e+00,  3.113042e+02
  7.860984e+00,  3.188716e+02
  7.802384e+00,  3.280811e+02
  7.694181e+00,  3.379028e+02
  7.481436e+00,  3.474361e+02
  7.055445e+00,  3.561973e+02
  6.307207e+00,  4.225915e+00
  5.176188e+00,  1.215631e+01
  3.683819e+00,  2.191058e+01
  1.996890e+00,  4.197874e+01
  1.185615e+00,  1.191001e+02
  2.642152e+00,  1.674119e+02
  4.332837e+00,  1.789381e+02
  5.674417e+00,  1.832070e+02
  6.464670e+00,  1.843761e+02
  6.603882e+00,  1.830219e+02
  6.101477e+00,  1.783214e+02
  5.131589e+00,  1.676073e+02
  4.192453e+00,  1.453447e+02
  4.246160e+00,  1.117070e+02
  5.681777e+00,  8.563516e+01
  7.769309e+00,  7.228779e+01
  9.866186e+00,  6.580500e+01
  1.161130e+01,  6.267319e+01
  1.279504e+01,  6.133590e+01
  1.331180e+01,  6.104809e+01
  1.314429e+01,  6.138279e+01
  1.235081e+01,  6.201028e+01
  1.104816e+01,  6.255605e+01
  9.392620e+00,  6.243790e+01
  7.566570e+00,  6.057542e+01
  5.787199e+00,  5.480133e+01
  4.366768e+00,  4.119039e+01
  3.776089e+00,  1.778294e+01
  4.244783e+00,  3.554496e+02
  5.325174e+00,  3.434072e+02
  6.517848e+00,  3.387940e+02
  7.543566e+00,  3.378790e+02
  8.233312e+00,  3.386741e+02
  8.467515e+00,  3.401950e+02
  8.166168e+00,  3.419256e+02
  7.295755e+00,  3.435456e+02
  5.877851e+00,  3.447317e+02
  3.993620e+00,  3.447289e+02
  1.791614e+00,  3.390409e+02
  7.807554e-01,  2.074772e+02
  3.052234e+00,  1.844111e+02
  5.181552e+00,  1.829504e+02
  6.918959e+00,  1.836155e+02
  8.126685e+00,  1.849733e+02
  8.727889e+00,  1.866959e+02
  8.711069e+00,  1.886725e+02
  8.128815e+00,  1.908321e+02
  7.088606e+00,  1.930441e+02
  5.736714e+00,  1.949521e+02
  4.239668e+00,  1.955076e+02
  2.780171e+00,  1.912987e+02
  1.657897e+00,  1.702872e+02
  1.608297e+00,  1.254499e+02
  2.588123e+00,  1.053606e+02
  3.870276e+00,  1.032488e+02
  5.251312e+00,  1.061887e+02
  6.641241e+00,  1.101497e+02
  7.925075e+00,  1.137135e+02
  8.958705e+00,  1.163135e+02
  9.595686e+00,  1.176531e+02
  9.721196e+00,  1.174257e+02
  9.286819e+00,  1.150955e+02
  8.349062e+00,  1.095958e+02
  7.127473e+00,  9.886811e+01
  6.101682e+00,  8.002857e+01
  5.979880e+00,  5.420765e+01
  7.037326e+00,  3.128561e+01
  8.746575e+00,  1.666101e+01
  1.047946e+01,  8.147068e+00
  1.182705e+01,  3.117073e+00
  1.255320e+01,  6.709270e-02
  1.254612e+01,  3.582047e+02
  1.179669e+01,  3.570949e+02
  1.038310e+01,  3.564773e+02
  8.452656e+00,  3.561660e+02
  6.199247e+00,  3.559627e+02
  3.838385e+00,  3.554389e+02
  1.584846e+00,  3.522485e+02
  4.406657e-01,  2.051625e+02
  1.952879e+00,  1.868003e+02
  2.980982e+00,  1.863524e+02
  3.468911e+00,  1.874350e+02
  3.444265e+00,  1.890480e+02
  2.985834e+00,  1.907335e+02
  2.209020e+00,  1.915644e+02
  1.256333e+00,  1.874690e+02
  4.525508e-01,  1.379124e+02
  1.043843e+00,  6.620426e+01
  1.986207e+00,  6.270163e+01
  2.883952e+00,  6.843059e+01
  3.731953e+00,  7.694087e+01
  4.551148e+00,  8.644645e+01
  5.346410e+00,  9.599441e+01
  6.090028e+00,  1.050345e+02
  6.724642e+00,  1.133364e+02
  7.179088e+00,  1.209029e+02
  7.387778e+00,  1.278777e+02
  7.307006e+00,  1.344806e+02
  6.925275e+00,  1.409787e+02
  6.266893e+00,  1.476907e+02
  5.389253e+00,  1.550228e+02
  4.374983e+00,  1.635576e+02
  3.321209e+00,  1.742639e+02
  2.330398e+00,  1.890501e+02
  1.514053e+00,  2.122334e+02
  1.029957e+00,  2.513139e+02
  1.011794e+00,  2.981243e+02
  1.249999e+00,  3.306175e+02
  1.499501e+00,  3.514754e+02
  1.670447e+00,  6.151143e+00
  1.717886e+00,  1.632959e+01
  1.601628e+00,  2.160736e+01
  1.304475e+00,  1.876745e+01
  9.447931e-01,  3.553961e+02
  1.120852e+00,  3.060088e+02
  2.084974e+00,  2.817836e+02
  3.417405e+00,  2.744701e+02
  4.902781e+00,  2.722027e+02
  6.391616e+00,  2.716535e+02
  7.741823e+00,  2.717352e+02
  8.819914e+00,  2.720186e+02
  9.512968e+00,  2.723071e+02
  9.741439e+00,  2.724934e+02
  9.469176e+00,  2.725018e+02
  8.708577e+00,  2.722555e+02
  7.519821e+00,  2.716469e+02
  6.004305e+00,  2.704807e+02
  4.293605e+00,  2.683063e+02
  2.537409e+00,  2.636397e+02
  9.163163e-01,  2.458250e+02
  7.402069e-01,  1.204083e+02
  1.816341e+00,  9.790712e+01
  2.579175e+00,  8.961286e+01
  2.983942e+00,  8.168994e+01
  3.095603e+00,  7.153139e+01
  3.062259e+00,  5.760815e+01
  3.097483e+00,  3.995801e+01
  3.379718e+00,  2.180377e+01
  3.916351e+00,  7.339529e+00
  4.570415e+00,  3.579310e+02
  5.187811e+00,  3.528291e+02
  5.661607e+00,  3.510412e+02
  5.942887e+00,  3.519256e+02
  6.037000e+00,  3.551545e+02
  5.994488e+00,  5.327694e-01
  5.893933e+00,  7.769857e+00
  5.813478e+00,  1.626088e+01
  5.796644e+00,  2.504486e+01
  5.831745e+00,  3.306907e+01
  5.861599e+00,  3.955304e+01
  5.815256e+00,  4.411250e+01
  5.639041e+00,  4.662085e+01
  5.314491e+00,  4.700668e+01
  4.863794e+00,  4.511662e+01
  4.346674e+00,  4.069034e+01
  3.849428e+00,  3.353959e+01
  3.460783e+00,  2.407067e+01
  3.231487e+00,  1.384152e+01
  3.142303e+00,  5.213390e+00
  3.122621e+00,  6.651303e-02
  3.106845e+00,  3.592176e+02
  3.075454e+00,  2.805755e+00
  3.062503e+00,  1.052414e+01
  3.133366e+00,  2.130143e+01
  3.337598e+00,  3.314914e+01
  3.667482e+00,  4.402995e+01
  4.061731e+00,  5.289746e+01
  4.440954e+00,  5.968752e+01
  4.736805e+00,  6.474925e+01
  4.904453e+00,  6.845438e+01
  4.925052e+00,  7.105732e+01
  4.803879e+00,  7.266674e+01
  4.566683e+00,  7.324560e+01
  4.255428e+00,  7.261950e+01
  3.924073e+00,  7.051527e+01
  3.634062e+00,  6.669038e+01
  3.447107e+00,  6.121114e+01
  3.411773e+00,  5.475461e+01
  3.546748e+00,  4.850542e+01
  3.834407e+00,  4.351159e+01
  4.231343e+00,  4.017701e+01
  4.684036e+00,  3.834478e+01
  5.138299e+00,  3.764100e+01
  5.543601e+00,  3.770156e+01
  5.856073e+00,  3.824879e+01
  6.041609e+00,  3.909250e+01
  6.078710e+00,  4.010738e+01
  5.960360e+00,  4.120812e+01
  5.694457e+00,  4.232716e+01
  5.302709e+00,  4.339347e+01
  4.818192e+00,  4.430835e+01
  4.281935e+00,  4.491429e+01
  3.739053e+00,  4.495758e+01
  3.235094e+00,  4.406214e+01
  2.813104e+00,  4.177522e+01
  2.510809e+00,  3.779936e+01
  2.354938e+00,  3.243224e+01
  2.350810e+00,  2.678286e+01
  2.474854e+00,  2.219415e+01
  2.680402e+00,  1.942503e+01
  2.911556e+00,  1.855958e+01
  3.114527e+00,  1.942302e+01
  3.245431e+00,  2.192301e+01
  3.277879e+00,  2.620274e+01
  3.212243e+00,  3.269263e+01
  3.086402e+00,  4.204973e+01
  2.982614e+00,  5.474576e+01
  3.012804e+00,  7.003296e+01
  3.257404e+00,  8.526962e+01
  3.701538e+00,  9.760464e+01
  4.251843e+00,  1.059764e+02
  4.798568e+00,  1.107141e+02
  5.253719e+00,  1.124358e+02
  5.564579e+00,  1.115697e+02
  5.719031e+00,  1.083018e+02
  5.747460e+00,  1.026776e+02
  5.717839e+00,  9.479946e+01
  5.716599e+00,  8.510299e+01
  5.811600e+00,  7.453776e+01
  6.012486e+00,  6.435661e+01
  6.259529e+00,  5.559289e+01
  6.450026e+00,  4.875836e+01
  6.477798e+00,  4.396894e+01
  6.263268e+00,  4.123844e+01
  5.771034e+00,  4.074750e+01
  5.021469e+00,  4.313227e+01
  4.106467e+00,  4.997986e+01
  3.227334e+00,  6.454032e+01
  2.745249e+00,  8.966441e+01
  2.960531e+00,  1.170986e+02
  3.646574e+00,  1.350862e+02
  4.389377e+00,  1.445197e+02
  4.939820e+00,  1.491087e+02
  5.180548e+00,  1.508938e+02
  5.074074e+00,  1.507355e+02
  4.641582e+00,  1.488282e+02
  3.952764e+00,  1.448326e+02
  3.119030e+00,  1.376927e+02
  2.290337e+00,  1.251287e+02
  1.651969e+00,  1.037240e+02
  1.350526e+00,  7.492053e+01
  1.273691e+00,  5.039403e+01
  1.124738e+00,  3.506210e+01
  7.144003e-01,  2.532701e+01
  3.601103e-02,  2.644053e+02
  1.048356e+00,  2.010282e+02
  2.310168e+00,  1.980144e+02
  3.702798e+00,  1.964542e+02
  5.108253e+00,  1.956104e+02
  6.404857e+00,  1.952282e+02
  7.479849e+00,  1.951645e+02
  8.240520e+00,  1.953139e+02
  8.622889e+00,  1.955777e+02
  8.597147e+00,  1.958388e+02
  8.169522e+00,  1.959295e+02
  7.381278e+00,  1.955793e+02
  6.306681e+00,  1.943121e+02
  5.050238e+00,  1.911750e+02
  3.753645e+00,  1.840595e+02
  2.635049e+00,  1.682426e+02
  2.064808e+00,  1.385098e+02
  2.264950e+00,  1.082385e+02
  2.803926e+00,  9.212392e+01
  3.245689e+00,  8.544130e+01
  3.398387e+00,  8.338174e+01
  3.183861e+00,  8.401344e+01
  2.582499e+00,  8.718545e+01
  1.630046e+00,  9.604278e+01
  6.139822e-01,  1.467860e+02
  1.469260e+00,  2.341994e+02
  3.082852e+00,  2.474353e+02
  4.725043e+00,  2.518221e+02
  6.215542e+00,  2.537640e+02
  7.408024e+00,  2.544051e+02
  8.184094e+00,  2.539713e+02
  8.467928e+00,  2.523416e+02
  8.243498e+00,  2.491082e+02
  7.574114e+00,  2.434613e+02
  6.629622e+00,  2.339719e+02
  5.724276e+00,  2.187035e+02
  5.298777e+00,  1.974833e+02
  5.629502e+00,  1.757852e+02
  6.495710e+00,  1.597936e+02
  7.442144e+00,  1.500359e+02
  8.115207e+00,  1.447263e+02
  8.313985e+00,  1.425575e+02
  7.965346e+00,  1.430592e+02
  7.112209e+00,  1.465816e+02
  5.923012e+00,  1.545702e+02
  4.734545e+00,  1.700141e+02
  4.087889e+00,  1.949603e+02
  4.364138e+00,  2.211487e+02
  5.203079e+00,  2.381298e+02
  6.011379e+00,  2.465419e+02
  6.436822e+00,  2.494130e+02
  6.343019e+00,  2.480432e+02
  5.762494e+00,  2.420293e+02
  4.917031e+00,  2.291897e+02
  4.292105e+00,  2.065946e+02
  4.494728e+00,  1.784790e+02
  5.535491e+00,  1.568027e+02
  6.849049e+00,  1.438786e+02
  7.945847e+00,  1.363251e+02
  8.528237e+00,  1.316796e+02
  8.435126e+00,  1.286648e+02
  7.612712e+00,  1.266153e+02
  6.099968e+00,  1.251549e+02
  4.016779e+00,  1.240117e+02
  1.546751e+00,  1.225863e+02
  1.086643e+00,  3.048013e+02
  3.641328e+00,  3.031845e+02
  5.889077e+00,  3.025108e+02
  7.634830e+00,  3.018243e+02
  8.738691e+00,  3.008776e+02
  9.130920e+00,  2.993751e+02
  8.822420e+00,  2.968193e+02
  7.914705e+00,  2.922666e+02
  6.623220e+00,  2.838178e+02
  5.347556e+00,  2.679709e+02
  4.760515e+00,  2.424118e+02
  5.386788e+00,  2.164323e+02
  6.866849e+00,  2.003944e+02
  8.575173e+00,  1.925500e+02
  1.013370e+01,  1.891905e+02
  1.133945e+01,  1.881814e+02
  1.207674e+01,  1.883748e+02
  1.228104e+01,  1.890642e+02
  1.192702e+01,  1.897127e+02
  1.102802e+01,  1.897877e+02
  9.643416e+00,  1.885818e+02
  7.894748e+00,  1.848649e+02
  6.005087e+00,  1.760424e+02
  4.409346e+00,  1.567855e+02
  3.863089e+00,  1.246312e+02
  4.614612e+00,  9.688104e+01
  5.829566e+00,  8.246068e+01
  6.825303e+00,  7.574653e+01
  7.290807e+00,  7.279244e+01
  7.101794e+00,  7.194286e+01
  6.249618e+00,  7.263833e+01
  4.817901e+00,  7.511352e+01
  2.973274e+00,  8.148880e+01
  1.055760e+00,  1.116642e+02
  1.512858e+00,  2.228603e+02
  3.297350e+00,  2.412658e+02
  4.744232e+00,  2.488620e+02
  5.670242e+00,  2.555443e+02
  6.045949e+00,  2.635894e+02
  5.986633e+00,  2.746325e+02
  5.780695e+00,  2.900668e+02
  5.847472e+00,  3.093155e+02
  6.477671e+00,  3.280518e+02
  7.563510e+00,  3.419257e+02
  8.746498e+00,  3.502039e+02
  9.688363e+00,  3.538710e+02
  1.017829e+01,  3.536951e+02
  1.016301e+01,  3.497772e+02
  9.773204e+00,  3.416338e+02
  9.344300e+00,  3.287061e+02
  9.347939e+00,  3.118202e+02
  1.010719e+01,  2.943649e+02
  1.150848e+01,  2.798770e+02
  1.312252e+01,  2.692872e+02
  1.449377e+01,  2.618181e+02
  1.527405e+01,  2.564623e+02
  1.524667e+01,  2.524421e+02
  1.432343e+01,  2.491864e+02
  1.253568e+01,  2.461969e+02
  1.002104e+01,  2.428290e+02
  7.009207e+00,  2.376693e+02
  3.844644e+00,  2.251700e+02
  1.657299e+00,  1.651738e+02
  3.338774e+00,  9.951498e+01
  5.688262e+00,  8.658226e+01
  7.500222e+00,  8.226890e+01
  8.593601e+00,  8.034864e+01
  8.941075e+00,  7.928434e+01
  8.603640e+00,  7.832868e+01
  7.710254e+00,  7.674909e+01
  6.445637e+00,  7.336461e+01
  5.057020e+00,  6.584824e+01
  3.911170e+00,  5.006502e+01
  3.534164e+00,  2.496363e+01
  4.142969e+00,  3.063996e+00
  5.299843e+00,  3.521327e+02
  6.572381e+00,  3.484874e+02
  7.730337e+00,  3.484481e+02
  8.631332e+00,  3.500813e+02
  9.163446e+00,  3.524028e+02
  9.236187e+00,  3.548846e+02
  8.790256e+00,  3.572139e+02
  7.811137e+00,  3.591421e+02
  6.338870e+00,  3.083863e-01
  4.472154e+00,  3.597460e+02
  2.381955e+00,  3.529021e+02
  8.001300e-01,  2.841701e+02
  2.328903e+00,  2.177382e+02
  4.189937e+00,  2.114386e+02
  5.709245e+00,  2.115403e+02
  6.768750e+00,  2.137052e+02
  7.337012e+00,  2.171065e+02
  7.450297e+00,  2.215441e+02
  7.199515e+00,  2.269338e+02
  6.706372e+00,  2.330666e+02
  6.089012e+00,  2.393727e+02
  5.428361e+00,  2.446915e+02
  4.760173e+00,  2.470977e+02
  4.123360e+00,  2.438124e+02
  3.677578e+00,  2.316543e+02
  3.779888e+00,  2.114104e+02
  4.674925e+00,  1.922177e+02
  6.164232e+00,  1.797517e+02
  7.888576e+00,  1.723571e+02
  9.538193e+00,  1.675847e+02
  1.086257e+01,  1.639402e+02
  1.166688e+01,  1.605422e+02
  1.182339e+01,  1.567406e+02
  1.128972e+01,  1.518442e+02
  1.013241e+01,  1.448238e+02
  8.566523e+00,  1.338480e+02
  7.038775e+00,  1.158546e+02
  6.298070e+00,  8.909805e+01
  6.918294e+00,  6.126301e+01
  8.506266e+00,  4.159847e+01
  1.029923e+01,  2.938536e+01
  1.179283e+01,  2.140121e+01
  1.272147e+01,  1.558568e+01
  1.297199e+01,  1.076563e+01
  1.254374e+01,  6.157983e+00
  1.152952e+01,  1.067786e+00
  1.010379e+01,  3.546759e+02
  8.515701e+00,  3.458751e+02
  7.077606e+00,  3.333798e+02
  6.116585e+00,  3.169023e+02
  5.806992e+00,  2.993358e+02
  5.995456e+00,  2.853565e+02
  6.344600e+00,  2.768992e+02
  6.591737e+00,  2.732703e+02
  6.614618e+00,  2.733076e+02
  6.391109e+00,  2.761609e+02
  5.952621e+00,  2.812941e+02
  5.350216e+00,  2.883722e+02
  4.632875e+00,  2.972166e+02
  3.837984e+00,  3.078944e+02
  2.995206e+00,  3.210751e+02
  2.147745e+00,  3.391534e+02
  1.420489e+00,  9.758440e+00
  1.198159e+00,  6.225118e+01
  1.698117e+00,  1.050452e+02
  2.460276e+00,  1.275744e+02
  3.211574e+00,  1.416941e+02
  3.851824e+00,  1.522374e+02
  4.332324e+00,  1.608376e+02
  4.626864e+00,  1.680231e+02
  4.722667e+00,  1.738098e+02
  4.617323e+00,  1.778502e+02
  4.322978e+00,  1.793909e+02
  3.882836e+00,  1.770550e+02
  3.410445e+00,  1.686043e+02
  3.146754e+00,  1.521433e+02
  3.398935e+00,  1.314090e+02
  4.225285e+00,  1.149204e+02
  5.393060e+00,  1.050435e+02
  6.641261e+00,  9.961485e+01
  7.766581e+00,  9.662398e+01
  8.612779e+00,  9.490161e+01
  9.063708e+00,  9.380079e+01
  9.045645e+00,  9.293917e+01
  8.532039e+00,  9.205211e+01
  7.546578e+00,  9.089401e+01
  6.162624e+00,  8.912245e+01
  4.498732e+00,  8.601670e+01
  2.714735e+00,  7.924057e+01
  1.070694e+00,  5.332845e+01
  1.026888e+00,  3.106874e+02
  2.178411e+00,  2.848558e+02
  3.028293e+00,  2.752495e+02
  3.451440e+00,  2.668425e+02
  3.487129e+00,  2.560655e+02
  3.307267e+00,  2.401107e+02
  3.243215e+00,  2.175413e+02
  3.645249e+00,  1.931060e+02
  4.534536e+00,  1.743758e+02
  5.642719e+00,  1.625348e+02
  6.694811e+00,  1.553930e+02
  7.494160e+00,  1.511326e+02
  7.916355e+00,  1.487145e+02
  7.899319e+00,  1.475936e+02
  7.436599e+00,  1.475203e+02
  6.570684e+00,  1.484679e+02
  5.385403e+00,  1.506888e+02
  3.998899e+00,  1.550430e+02
  2.565769e+00,  1.644111e+02
  1.351471e+00,  1.911398e+02
  1.121103e+00,  2.553193e+02
  1.815190e+00,  2.881732e+02
  2.442807e+00,  2.981404e+02
  2.768286e+00,  3.009566e+02
  2.767541e+00,  2.994312e+02
  2.502064e+00,  2.927750e+02
  2.135848e+00,  2.777803e+02
  1.986238e+00,  2.520775e+02
  2.342825e+00,  2.255002e+02
  3.080179e+00,  2.088836e+02
  3.903608e+00,  2.002378e+02
  4.602506e+00,  1.957723e+02
  5.038952e+00,  1.934144e+02
  5.121854e+00,  1.921164e+02
  4.800010e+00,  1.912796e+02
  4.061994e+00,  1.904416e+02
  2.937207e+00,  1.889172e+02
  1.498937e+00,  1.838876e+02
  3.255037e-01,  6.728642e+01
  1.971820e+00,  2.103204e+01
  3.672674e+00,  1.684170e+01
  5.183881e+00,  1.459946e+01
  6.375144e+00,  1.246376e+01
  7.152297e+00,  9.869908e+00
  7.469102e+00,  6.408973e+00
  7.338224e+00,  1.597453e+00
  6.839799e+00,  3.547526e+02
  6.127497e+00,  3.449366e+02
  5.424752e+00,  3.312389e+02
  4.975612e+00,  3.139829e+02
  4.903247e+00,  2.961056e+02
  5.090028e+00,  2.813494e+02
  5.278080e+00,  2.711919e+02
  5.245775e+00,  2.653337e+02
  4.879715e+00,  2.634359e+02
  4.184937e+00,  2.661573e+02
  3.306183e+00,  2.762648e+02
  2.616090e+00,  2.992860e+02
  2.681403e+00,  3.315041e+02
  3.474428e+00,  3.533683e+02
  4.425887e+00,  3.101941e+00
  5.159711e+00,  6.145816e+00
  5.501393e+00,  5.007138e+00
  5.407591e+00,  6.545917e-02
  4.966759e+00,  3.502307e+02
  4.445659e+00,  3.332842e+02
  4.313473e+00,  3.088675e+02
  4.943379e+00,  2.840933e+02
  6.180921e+00,  2.661322e+02
  7.611984e+00,  2.545460e+02
  8.903965e+00,  2.467682e+02
  9.843432e+00,  2.410026e+02
  1.031209e+01,  2.361637e+02
  1.027387e+01,  2.315070e+02
  9.768006e+00,  2.263815e+02
  8.902520e+00,  2.200635e+02
  7.847838e+00,  2.116556e+02
  6.828167e+00,  2.001917e+02
  6.090438e+00,  1.853663e+02
  5.805967e+00,  1.688498e+02
  5.940189e+00,  1.538954e+02
  6.274595e+00,  1.425224e+02
  6.566649e+00,  1.346028e+02
  6.642277e+00,  1.290859e+02
  6.402756e+00,  1.248288e+02
  5.809411e+00,  1.206714e+02
  4.877092e+00,  1.150416e+02
  3.695758e+00,  1.047030e+02
  2.558381e+00,  8.086653e+01
  2.341755e+00,  3.480965e+01
  3.531689e+00,  1.170337e+00
  5.260482e+00,  3.467515e+02
  7.001170e+00,  3.396166e+02
  8.513780e+00,  3.351684e+02
  9.647796e+00,  3.317086e+02
  1.030765e+01,  3.284394e+02
  1.045256e+01,  3.248610e+02
  1.010093e+01,  3.205454e+02
  9.332558e+00,  3.150191e+02
  8.286478e+00,  3.076964e+02
  7.151175e+00,  2.979173e+02
  6.136340e+00,  2.853086e+02
  5.404393e+00,  2.706601e+02
  4.970848e+00,  2.564740e+02
  4.682620e+00,  2.456807e+02
  4.341708e+00,  2.401393e+02
  3.851019e+00,  2.412591e+02
  3.305791e+00,  2.514451e+02
  3.052428e+00,  2.723303e+02
  3.462993e+00,  2.959359e+02
  4.407682e+00,  3.116300e+02
  5.467184e+00,  3.196485e+02
  6.311409e+00,  3.231324e+02
  6.729888e+00,  3.238888e+02
  6.607475e+00,  3.225969e+02
  5.918681e+00,  3.191164e+02
  4.734225e+00,  3.121404e+02
  3.263100e+00,  2.969912e+02
  2.118918e+00,  2.581933e+02
  2.578052e+00,  2.038370e+02
  4.078520e+00,  1.780940e+02
  5.564595e+00,  1.655435e+02
  6.679394e+00,  1.567144e+02
  7.292338e+00,  1.484925e+02
  7.400463e+00,  1.392470e+02
  7.127061e+00,  1.276042e+02
  6.730697e+00,  1.123737e+02
  6.566435e+00,  9.363182e+01
  6.906314e+00,  7.416533e+01
  7.718004e+00,  5.770217e+01
  8.719228e+00,  4.560427e+01
  9.599709e+00,  3.720899e+01
  1.013461e+01,  3.145726e+01
  1.020046e+01,  2.752171e+01
  9.763622e+00,  2.483105e+01
  8.863316e+00,  2.296109e+01
  7.591550e+00,  2.150693e+01
  6.071644e+00,  1.989749e+01
  4.440251e+00,  1.695518e+01
  2.847945e+00,  9.304854e+00
  1.564337e+00,  3.438879e+02
  1.424792e+00,  2.858757e+02
  2.366244e+00,  2.576493e+02
  3.420515e+00,  2.494190e+02
  4.341781e+00,  2.462275e+02
  5.062504e+00,  2.439579e+02
  5.553475e+00,  2.409059e+02
  5.819320e+00,  2.359745e+02
  5.919961e+00,  2.282625e+02
  5.992767e+00,  2.172105e+02
  6.240074e+00,  2.032751e+02
  6.838510e+00,  1.884288e+02
  7.816070e+00,  1.750713e+02
  9.035543e+00,  1.643698e+02
  1.028247e+01,  1.562015e+02
  1.134512e+01,  1.499699e+02
  1.205343e+01,  1.450981e+02
  1.229656e+01,  1.411542e+02
  1.202722e+01,  1.378361e+02
  1.126137e+01,  1.349283e+02
  1.007311e+01,  1.322619e+02
  8.584525e+00,  1.296743e+02
  6.951207e+00,  1.269571e+02
  5.344719e+00,  1.237717e+02
  3.933953e+00,  1.195212e+02
  2.867500e+00,  1.133344e+02
  2.254614e+00,  1.050111e+02
  2.134086e+00,  9.722653e+01
  2.460794e+00,  9.331906e+01
  3.148113e+00,  9.243848e+01
  4.083647e+00,  9.218905e+01
  5.122341e+00,  9.133465e+01
  6.101619e+00,  8.948302e+01
  6.867819e+00,  8.645661e+01
  7.303550e+00,  8.200210e+01
  7.354220e+00,  7.564823e+01
  7.054700e+00,  6.659237e+01
  6.557355e+00,  5.369211e+01
  6.146709e+00,  3.607207e+01
  6.162217e+00,  1.501438e+01
  6.755301e+00,  3.546747e+02
  7.747742e+00,  3.382468e+02
  8.815724e+00,  3.257984e+02
  9.680471e+00,  3.160778e+02
  1.016197e+01,  3.078644e+02
  1.017932e+01,  3.001897e+02
  9.744756e+00,  2.922123e+02
  8.958209e+00,  2.830671e+02
  8.000702e+00,  2.718016e+02
  7.118159e+00,  2.576269e+02
  6.565164e+00,  2.408320e+02
  6.477151e+00,  2.237008e+02
  6.768793e+00,  2.092074e+02
  7.216762e+00,  1.986779e+02
  7.617082e+00,  1.917951e+02
  7.852335e+00,  1.877395e+02
  7.885471e+00,  1.857520e+02
  7.733329e+00,  1.851999e+02
  7.439558e+00,  1.854970e+02
  7.052333e+00,  1.860274e+02
  6.610921e+00,  1.861175e+02
  6.144101e+00,  1.850640e+02
  5.678966e+00,  1.822055e+02
  5.252511e+00,  1.770499e+02
  4.914214e+00,  1.694995e+02
  4.709052e+00,  1.601299e+02
  4.644552e+00,  1.501942e+02
  4.669568e+00,  1.410763e+02
  4.689261e+00,  1.336604e+02
  4.601965e+00,  1.282462e+02
  4.329623e+00,  1.248822e+02
  3.833569e+00,  1.237660e+02
  3.122624e+00,  1.257608e+02
  2.268378e+00,  1.337648e+02
  1.484290e+00,  1.573427e+02
  1.355860e+00,  2.050989e+02
  2.049549e+00,  2.362869e+02
  2.932966e+00,  2.482518e+02
  3.709482e+00,  2.534307e+02
  4.271382e+00,  2.560464e+02
  4.576802e+00,  2.576179e+02
  4.624935e+00,  2.588756e+02
  4.448001e+00,  2.603190e+02
  4.105306e+00,  2.624263e+02
  3.677002e+00,  2.657335e+02
  3.256549e+00,  2.707626e+02
  2.937965e+00,  2.776395e+02
  2.784655e+00,  2.854815e+02
  2.700833e+00,  2.926898e+02
  1.565465e+00,  2.981638e+02
##END=
