##TITLE= E:\桌面\nmr\ogm\sjd\matlabcod\1\3_12_xjhsjd
##JCAMP-DX= 5.00 Bruker JCAMP library
##DATA TYPE= Shape Data
##ORIGIN= Colm's GRAPE Pulses 
##OWNER= Dawei.Lu
##DATE= 02-Aug-2025
##TIME= 11:42
##MINX= 6.990389e-02
##MAXX= 1.043089e+01
##MINY= 3.909389e-01
##MAXY= 3.597708e+02
##$SHAPE_EXMODE= None
##$SHAPE_TOTROT= 9.000000e+01
##$SHAPE_BWFAC= 1.000000e+00
##$SHAPE_INTEGFAC= 1.000000e+00
##$SHAPE_MODE= 1
##PULSE_WIDTH= 5000
##Calibration_Power= 12500
##NPOINTS= 1000
##XYPOINTS= (XY..XY)
  3.528463e+00,  1.389646e+02
  3.532027e+00,  1.438105e+02
  2.892890e+00,  1.512799e+02
  1.335714e+00,  1.758792e+02
  1.070654e+00,  2.769942e+02
  2.596068e+00,  3.107480e+02
  4.129119e+00,  3.214469e+02
  5.431449e+00,  3.279365e+02
  6.408710e+00,  3.327229e+02
  7.000348e+00,  3.363466e+02
  7.174739e+00,  3.388078e+02
  6.934415e+00,  3.397873e+02
  6.326641e+00,  3.385731e+02
  5.463756e+00,  3.337779e+02
  4.564828e+00,  3.229965e+02
  4.006345e+00,  3.041437e+02
  4.173270e+00,  2.817582e+02
  5.006305e+00,  2.652750e+02
  6.100568e+00,  2.565361e+02
  7.120768e+00,  2.529783e+02
  7.869695e+00,  2.525867e+02
  8.245615e+00,  2.543284e+02
  8.217212e+00,  2.577704e+02
  7.812001e+00,  2.628393e+02
  7.107390e+00,  2.697153e+02
  6.219226e+00,  2.787773e+02
  5.284553e+00,  2.905014e+02
  4.433857e+00,  3.051707e+02
  3.748977e+00,  3.223542e+02
  3.222210e+00,  3.407007e+02
  2.762924e+00,  3.588732e+02
  2.266681e+00,  1.703649e+01
  1.693883e+00,  3.821028e+01
  1.151752e+00,  7.178507e+01
  1.044846e+00,  1.264758e+02
  1.527551e+00,  1.664355e+02
  2.131051e+00,  1.868335e+02
  2.580314e+00,  2.000169e+02
  2.751241e+00,  2.110301e+02
  2.593312e+00,  2.227181e+02
  2.138534e+00,  2.389677e+02
  1.598453e+00,  2.691278e+02
  1.615454e+00,  3.191495e+02
  2.522433e+00,  3.543721e+02
  3.786381e+00,  1.148858e+01
  5.052997e+00,  2.141531e+01
  6.130516e+00,  2.829567e+01
  6.888069e+00,  3.363196e+01
  7.238078e+00,  3.804253e+01
  7.135770e+00,  4.177799e+01
  6.579739e+00,  4.486761e+01
  5.610613e+00,  4.709215e+01
  4.309114e+00,  4.768968e+01
  2.799887e+00,  4.392861e+01
  1.351757e+00,  2.074212e+01
  1.295077e+00,  3.034598e+02
  2.631915e+00,  2.787697e+02
  3.965655e+00,  2.746479e+02
  5.038508e+00,  2.749129e+02
  5.753012e+00,  2.765599e+02
  6.053709e+00,  2.785823e+02
  5.916134e+00,  2.804041e+02
  5.347700e+00,  2.814280e+02
  4.393387e+00,  2.805951e+02
  3.155008e+00,  2.750739e+02
  1.898981e+00,  2.541546e+02
  1.609739e+00,  1.977859e+02
  2.774432e+00,  1.644147e+02
  4.211546e+00,  1.549781e+02
  5.453285e+00,  1.522884e+02
  6.308497e+00,  1.520319e+02
  6.661567e+00,  1.529286e+02
  6.451410e+00,  1.545699e+02
  5.672946e+00,  1.569812e+02
  4.380354e+00,  1.607785e+02
  2.696091e+00,  1.688250e+02
  9.809887e-01,  2.075494e+02
  1.740149e+00,  3.063013e+02
  3.652008e+00,  3.219816e+02
  5.368992e+00,  3.268386e+02
  6.675834e+00,  3.290942e+02
  7.453433e+00,  3.301159e+02
  7.649103e+00,  3.301868e+02
  7.279179e+00,  3.291847e+02
  6.430471e+00,  3.266155e+02
  5.260858e+00,  3.213481e+02
  4.008699e+00,  3.109768e+02
  3.022256e+00,  2.916228e+02
  2.685102e+00,  2.646515e+02
  2.941627e+00,  2.438759e+02
  3.311345e+00,  2.351851e+02
  3.494220e+00,  2.359323e+02
  3.472312e+00,  2.448181e+02
  3.459966e+00,  2.617813e+02
  3.803760e+00,  2.835406e+02
  4.668003e+00,  3.028561e+02
  5.882396e+00,  3.163585e+02
  7.163373e+00,  3.251695e+02
  8.266683e+00,  3.309780e+02
  9.012758e+00,  3.348604e+02
  9.287165e+00,  3.373692e+02
  9.042032e+00,  3.387040e+02
  8.298287e+00,  3.387696e+02
  7.141792e+00,  3.370859e+02
  5.723078e+00,  3.324550e+02
  4.274848e+00,  3.221317e+02
  3.174595e+00,  3.011795e+02
  2.905217e+00,  2.707969e+02
  3.410120e+00,  2.476457e+02
  4.093800e+00,  2.363949e+02
  4.572018e+00,  2.321241e+02
  4.695830e+00,  2.317186e+02
  4.430409e+00,  2.339635e+02
  3.805868e+00,  2.388016e+02
  2.903423e+00,  2.476394e+02
  1.884380e+00,  2.663513e+02
  1.237555e+00,  3.145837e+02
  1.777765e+00,  7.872372e+00
  2.848861e+00,  2.945886e+01
  3.879122e+00,  3.978095e+01
  4.682655e+00,  4.606492e+01
  5.158642e+00,  5.021490e+01
  5.244494e+00,  5.269477e+01
  4.914684e+00,  5.328143e+01
  4.192271e+00,  5.090567e+01
  3.183130e+00,  4.235241e+01
  2.217895e+00,  1.804351e+01
  2.179584e+00,  3.325862e+02
  3.329762e+00,  3.033489e+02
  4.823594e+00,  2.916123e+02
  6.198092e+00,  2.863010e+02
  7.224676e+00,  2.834359e+02
  7.759459e+00,  2.815501e+02
  7.719835e+00,  2.799487e+02
  7.084766e+00,  2.781518e+02
  5.896583e+00,  2.755787e+02
  4.261591e+00,  2.709367e+02
  2.369356e+00,  2.589285e+02
  9.613766e-01,  1.936793e+02
  2.259048e+00,  1.249372e+02
  4.010927e+00,  1.113804e+02
  5.442783e+00,  1.046908e+02
  6.402089e+00,  9.907485e+01
  6.843883e+00,  9.285138e+01
  6.817181e+00,  8.490234e+01
  6.475594e+00,  7.409723e+01
  6.079312e+00,  5.953840e+01
  5.936695e+00,  4.183108e+01
  6.225325e+00,  2.410197e+01
  6.841480e+00,  9.701983e+00
  7.504222e+00,  3.595893e+02
  7.943100e+00,  3.531328e+02
  7.980488e+00,  3.495563e+02
  7.538279e+00,  3.484968e+02
  6.632550e+00,  3.502101e+02
  5.377059e+00,  3.560153e+02
  4.022867e+00,  9.560901e+00
  3.095907e+00,  3.743181e+01
  3.283232e+00,  7.302087e+01
  4.340131e+00,  9.549448e+01
  5.541224e+00,  1.063841e+02
  6.511390e+00,  1.116822e+02
  7.098952e+00,  1.140774e+02
  7.261579e+00,  1.145917e+02
  7.028994e+00,  1.135269e+02
  6.485603e+00,  1.108031e+02
  5.755955e+00,  1.060990e+02
  4.987205e+00,  9.902599e+01
  4.321377e+00,  8.956707e+01
  3.849026e+00,  7.879809e+01
  3.561678e+00,  6.903198e+01
  3.361052e+00,  6.263187e+01
  3.134434e+00,  6.105643e+01
  2.827147e+00,  6.543316e+01
  2.486639e+00,  7.759916e+01
  2.299770e+00,  9.921197e+01
  2.528383e+00,  1.255867e+02
  3.227273e+00,  1.468918e+02
  4.216728e+00,  1.608150e+02
  5.308257e+00,  1.697731e+02
  6.362247e+00,  1.757471e+02
  7.270392e+00,  1.797718e+02
  7.945574e+00,  1.823238e+02
  8.322121e+00,  1.835758e+02
  8.361036e+00,  1.835052e+02
  8.056836e+00,  1.819204e+02
  7.444296e+00,  1.784273e+02
  6.604741e+00,  1.723493e+02
  5.672268e+00,  1.626496e+02
  4.835196e+00,  1.481453e+02
  4.302203e+00,  1.287692e+02
  4.179221e+00,  1.074061e+02
  4.351614e+00,  8.805124e+01
  4.582948e+00,  7.186190e+01
  4.689170e+00,  5.750511e+01
  4.603794e+00,  4.295617e+01
  4.385791e+00,  2.616956e+01
  4.216680e+00,  5.740974e+00
  4.337603e+00,  3.427363e+02
  4.867013e+00,  3.211508e+02
  5.688930e+00,  3.039014e+02
  6.574122e+00,  2.908531e+02
  7.316331e+00,  2.806937e+02
  7.769548e+00,  2.722092e+02
  7.851532e+00,  2.644604e+02
  7.543400e+00,  2.566451e+02
  6.889290e+00,  2.479088e+02
  5.997233e+00,  2.371336e+02
  5.043186e+00,  2.227742e+02
  4.269964e+00,  2.033306e+02
  3.919353e+00,  1.797983e+02
  4.032947e+00,  1.574143e+02
  4.383417e+00,  1.403549e+02
  4.696836e+00,  1.285400e+02
  4.800130e+00,  1.204777e+02
  4.620900e+00,  1.150630e+02
  4.158623e+00,  1.118449e+02
  3.464364e+00,  1.111082e+02
  2.632666e+00,  1.144337e+02
  1.822158e+00,  1.266635e+02
  1.355569e+00,  1.568694e+02
  1.580420e+00,  1.907732e+02
  2.196604e+00,  2.055322e+02
  2.854050e+00,  2.087336e+02
  3.444895e+00,  2.067476e+02
  3.954451e+00,  2.021265e+02
  4.397882e+00,  1.961184e+02
  4.794616e+00,  1.895128e+02
  5.152666e+00,  1.829144e+02
  5.462376e+00,  1.767641e+02
  5.699338e+00,  1.713220e+02
  5.832566e+00,  1.666877e+02
  5.833276e+00,  1.628484e+02
  5.681265e+00,  1.597301e+02
  5.368038e+00,  1.572374e+02
  4.897118e+00,  1.552826e+02
  4.282438e+00,  1.538150e+02
  3.545793e+00,  1.528730e+02
  2.714336e+00,  1.527308e+02
  1.819810e+00,  1.544902e+02
  9.102048e-01,  1.642067e+02
  3.849454e-01,  2.477703e+02
  1.144035e+00,  2.967323e+02
  2.044194e+00,  3.016074e+02
  2.914160e+00,  3.008151e+02
  3.726938e+00,  2.980308e+02
  4.466917e+00,  2.941375e+02
  5.121215e+00,  2.894798e+02
  5.676938e+00,  2.842429e+02
  6.119847e+00,  2.785422e+02
  6.434576e+00,  2.724428e+02
  6.607380e+00,  2.659637e+02
  6.631212e+00,  2.590950e+02
  6.506998e+00,  2.517870e+02
  6.245935e+00,  2.439541e+02
  5.870396e+00,  2.354948e+02
  5.411824e+00,  2.263236e+02
  4.905292e+00,  2.164211e+02
  4.381342e+00,  2.058953e+02
  3.857302e+00,  1.950299e+02
  3.332084e+00,  1.842831e+02
  2.788423e+00,  1.742389e+02
  2.202960e+00,  1.656263e+02
  1.560542e+00,  1.597858e+02
  8.746720e-01,  1.618905e+02
  3.665644e-01,  2.157300e+02
  8.599885e-01,  2.755233e+02
  1.599497e+00,  2.796846e+02
  2.304998e+00,  2.759180e+02
  2.923239e+00,  2.696776e+02
  3.432046e+00,  2.619703e+02
  3.834071e+00,  2.530154e+02
  4.156182e+00,  2.429170e+02
  4.442266e+00,  2.319276e+02
  4.736763e+00,  2.205635e+02
  5.063559e+00,  2.095314e+02
  5.412307e+00,  1.994909e+02
  5.741903e+00,  1.908393e+02
  5.994456e+00,  1.837026e+02
  6.111791e+00,  1.780251e+02
  6.048809e+00,  1.736736e+02
  5.781730e+00,  1.705098e+02
  5.311653e+00,  1.684328e+02
  4.664174e+00,  1.674062e+02
  3.885764e+00,  1.674941e+02
  3.037714e+00,  1.689359e+02
  2.188911e+00,  1.723509e+02
  1.409758e+00,  1.794030e+02
  7.745919e-01,  1.955118e+02
  4.076406e-01,  2.384726e+02
  4.305414e-01,  2.931964e+02
  5.339945e-01,  3.178645e+02
  5.395596e-01,  3.316345e+02
  4.452068e-01,  3.440290e+02
  2.888124e-01,  1.010824e+00
  1.320145e-01,  4.227375e+01
  1.404088e-01,  1.359329e+02
  2.633726e-01,  1.772909e+02
  3.890534e-01,  2.060628e+02
  5.496264e-01,  2.332643e+02
  7.902369e-01,  2.568043e+02
  1.124435e+00,  2.752584e+02
  1.536972e+00,  2.895907e+02
  2.000472e+00,  3.012036e+02
  2.484905e+00,  3.111130e+02
  2.961844e+00,  3.199302e+02
  3.406248e+00,  3.279825e+02
  3.796490e+00,  3.354058e+02
  4.113021e+00,  3.422040e+02
  4.336541e+00,  3.482882e+02
  4.447127e+00,  3.535025e+02
  4.425687e+00,  3.576336e+02
  4.258410e+00,  3.909389e-01
  3.943958e+00,  1.341197e+00
  3.502810e+00,  3.597708e+02
  2.989033e+00,  3.544698e+02
  2.504636e+00,  3.436790e+02
  2.199853e+00,  3.265252e+02
  2.189132e+00,  3.068641e+02
  2.408097e+00,  2.913463e+02
  2.668982e+00,  2.819355e+02
  2.810290e+00,  2.772241e+02
  2.735317e+00,  2.758728e+02
  2.402884e+00,  2.775570e+02
  1.823870e+00,  2.837596e+02
  1.096152e+00,  3.029404e+02
  7.696966e-01,  8.560621e+00
  1.535489e+00,  5.460499e+01
  2.577830e+00,  6.845086e+01
  3.573016e+00,  7.525457e+01
  4.402134e+00,  7.997231e+01
  4.990566e+00,  8.398492e+01
  5.294934e+00,  8.784639e+01
  5.302846e+00,  9.186045e+01
  5.032279e+00,  9.625684e+01
  4.528521e+00,  1.012695e+02
  3.858373e+00,  1.071902e+02
  3.101844e+00,  1.144227e+02
  2.341812e+00,  1.235383e+02
  1.651922e+00,  1.352868e+02
  1.082072e+00,  1.503615e+02
  6.410622e-01,  1.684557e+02
  2.859192e-01,  1.858439e+02
  6.990389e-02,  6.000225e+01
  4.553882e-01,  5.310600e+01
  9.061302e-01,  6.518986e+01
  1.393953e+00,  7.683214e+01
  1.882585e+00,  8.800253e+01
  2.339556e+00,  9.919148e+01
  2.747564e+00,  1.108065e+02
  3.109223e+00,  1.230521e+02
  3.443981e+00,  1.358652e+02
  3.778238e+00,  1.489029e+02
  4.127397e+00,  1.615921e+02
  4.480875e+00,  1.733475e+02
  4.799506e+00,  1.837696e+02
  5.024842e+00,  1.926865e+02
  5.093686e+00,  2.000661e+02
  4.952092e+00,  2.058858e+02
  4.566759e+00,  2.099823e+02
  3.934571e+00,  2.118014e+02
  3.095455e+00,  2.097268e+02
  2.173417e+00,  1.987947e+02
  1.557721e+00,  1.664073e+02
  1.923477e+00,  1.250277e+02
  2.948317e+00,  1.067895e+02
  4.070978e+00,  1.006991e+02
  5.067971e+00,  9.896383e+01
  5.826538e+00,  9.892675e+01
  6.277596e+00,  9.948100e+01
  6.384529e+00,  9.998260e+01
  6.143270e+00,  9.985497e+01
  5.586250e+00,  9.832401e+01
  4.792750e+00,  9.405469e+01
  3.917695e+00,  8.455678e+01
  3.254866e+00,  6.633141e+01
  3.216047e+00,  4.118007e+01
  3.899763e+00,  2.089790e+01
  4.961329e+00,  1.000558e+01
  6.076284e+00,  5.316540e+00
  7.056891e+00,  4.029424e+00
  7.795654e+00,  4.647104e+00
  8.231470e+00,  6.374528e+00
  8.335999e+00,  8.736611e+00
  8.107154e+00,  1.138772e+01
  7.565069e+00,  1.400017e+01
  6.749560e+00,  1.616147e+01
  5.719804e+00,  1.720865e+01
  4.559499e+00,  1.585364e+01
  3.399686e+00,  9.244599e+00
  2.495654e+00,  3.515543e+02
  2.296719e+00,  3.216461e+02
  2.901230e+00,  2.988308e+02
  3.834111e+00,  2.893945e+02
  4.759642e+00,  2.870739e+02
  5.523790e+00,  2.880560e+02
  6.041024e+00,  2.906555e+02
  6.255749e+00,  2.940782e+02
  6.133340e+00,  2.979121e+02
  5.659895e+00,  3.019273e+02
  4.844156e+00,  3.059927e+02
  3.719431e+00,  3.100413e+02
  2.344456e+00,  3.140651e+02
  8.004175e-01,  3.184259e+02
  8.139843e-01,  1.403452e+02
  2.387935e+00,  1.443813e+02
  3.808466e+00,  1.477751e+02
  4.968943e+00,  1.508854e+02
  5.779314e+00,  1.537080e+02
  6.175250e+00,  1.561727e+02
  6.125700e+00,  1.581340e+02
  5.638277e+00,  1.592949e+02
  4.763106e+00,  1.589903e+02
  3.600284e+00,  1.554738e+02
  2.341182e+00,  1.430195e+02
  1.524350e+00,  1.038274e+02
  2.035116e+00,  5.733000e+01
  3.161206e+00,  4.117553e+01
  4.206157e+00,  3.701239e+01
  4.954551e+00,  3.716613e+01
  5.315143e+00,  3.950736e+01
  5.254147e+00,  4.344902e+01
  4.783927e+00,  4.911141e+01
  3.962695e+00,  5.742044e+01
  2.910290e+00,  7.131713e+01
  1.909737e+00,  1.004385e+02
  1.740098e+00,  1.546618e+02
  2.694188e+00,  1.921875e+02
  3.960301e+00,  2.097107e+02
  5.152338e+00,  2.201656e+02
  6.120495e+00,  2.277917e+02
  6.784029e+00,  2.339892e+02
  7.099870e+00,  2.392719e+02
  7.056168e+00,  2.437840e+02
  6.670312e+00,  2.474285e+02
  5.988032e+00,  2.498317e+02
  5.085401e+00,  2.501428e+02
  4.081547e+00,  2.465399e+02
  3.181589e+00,  2.354929e+02
  2.742168e+00,  2.141632e+02
  3.058968e+00,  1.915921e+02
  3.923785e+00,  1.791483e+02
  4.978470e+00,  1.752080e+02
  6.020857e+00,  1.758580e+02
  6.947607e+00,  1.788825e+02
  7.694195e+00,  1.831328e+02
  8.210423e+00,  1.879589e+02
  8.452513e+00,  1.929493e+02
  8.383442e+00,  1.978088e+02
  7.977692e+00,  2.022817e+02
  7.227824e+00,  2.060693e+02
  6.151528e+00,  2.086852e+02
  4.800899e+00,  2.090751e+02
  3.286283e+00,  2.041257e+02
  1.910386e+00,  1.816275e+02
  1.747966e+00,  1.254135e+02
  2.979403e+00,  9.710611e+01
  4.391859e+00,  9.005340e+01
  5.585010e+00,  8.910717e+01
  6.407917e+00,  9.050803e+01
  6.780438e+00,  9.313765e+01
  6.671378e+00,  9.666553e+01
  6.096576e+00,  1.011526e+02
  5.119258e+00,  1.070908e+02
  3.853326e+00,  1.159469e+02
  2.491300e+00,  1.325567e+02
  1.501681e+00,  1.737757e+02
  1.792521e+00,  2.308103e+02
  2.751527e+00,  2.562045e+02
  3.568600e+00,  2.677952e+02
  4.006914e+00,  2.748164e+02
  3.981951e+00,  2.797695e+02
  3.477226e+00,  2.833218e+02
  2.528971e+00,  2.850151e+02
  1.229904e+00,  2.798291e+02
  5.538352e-01,  1.619372e+02
  2.172039e+00,  1.340488e+02
  3.878359e+00,  1.334051e+02
  5.454700e+00,  1.354726e+02
  6.774463e+00,  1.383497e+02
  7.738469e+00,  1.415589e+02
  8.277869e+00,  1.448950e+02
  8.357368e+00,  1.482124e+02
  7.976258e+00,  1.513431e+02
  7.167323e+00,  1.540168e+02
  5.994878e+00,  1.556902e+02
  4.556496e+00,  1.550345e+02
  3.010117e+00,  1.478895e+02
  1.776379e+00,  1.185204e+02
  2.010039e+00,  6.544975e+01
  3.358132e+00,  4.521100e+01
  4.815255e+00,  4.112326e+01
  6.104955e+00,  4.204372e+01
  7.124674e+00,  4.498793e+01
  7.821644e+00,  4.889991e+01
  8.171316e+00,  5.327786e+01
  8.170606e+00,  5.779141e+01
  7.833756e+00,  6.212876e+01
  7.189691e+00,  6.589050e+01
  6.282569e+00,  6.844032e+01
  5.179798e+00,  6.857811e+01
  4.000278e+00,  6.370492e+01
  3.004739e+00,  4.831395e+01
  2.730680e+00,  1.948579e+01
  3.470427e+00,  3.550085e+02
  4.744069e+00,  3.440714e+02
  6.114234e+00,  3.406566e+02
  7.356099e+00,  3.406020e+02
  8.329143e+00,  3.420651e+02
  8.930314e+00,  3.441797e+02
  9.086070e+00,  3.464704e+02
  8.755633e+00,  3.486013e+02
  7.936472e+00,  3.502199e+02
  6.669427e+00,  3.507521e+02
  5.046306e+00,  3.488527e+02
  3.243942e+00,  3.400937e+02
  1.794026e+00,  3.050940e+02
  2.244621e+00,  2.452090e+02
  3.861126e+00,  2.254575e+02
  5.428447e+00,  2.204464e+02
  6.637787e+00,  2.197271e+02
  7.358280e+00,  2.207929e+02
  7.528674e+00,  2.228553e+02
  7.143204e+00,  2.256763e+02
  6.247596e+00,  2.293294e+02
  4.935012e+00,  2.343203e+02
  3.345225e+00,  2.424450e+02
  1.707717e+00,  2.625976e+02
  1.022717e+00,  3.426047e+02
  2.212242e+00,  2.877363e+01
  3.462727e+00,  4.121042e+01
  4.365994e+00,  4.746234e+01
  4.818026e+00,  5.147940e+01
  4.785565e+00,  5.401759e+01
  4.288640e+00,  5.476590e+01
  3.405043e+00,  5.205123e+01
  2.318837e+00,  3.990911e+01
  1.623781e+00,  6.224315e-01
  2.328086e+00,  3.168776e+02
  3.789633e+00,  3.025978e+02
  5.343890e+00,  2.997023e+02
  6.771715e+00,  3.008835e+02
  7.964318e+00,  3.039627e+02
  8.856806e+00,  3.081156e+02
  9.414525e+00,  3.129551e+02
  9.627586e+00,  3.182563e+02
  9.506009e+00,  3.238514e+02
  9.074266e+00,  3.295774e+02
  8.365885e+00,  3.352402e+02
  7.419527e+00,  3.405734e+02
  6.278009e+00,  3.451601e+02
  4.992546e+00,  3.482229e+02
  3.637002e+00,  3.479340e+02
  2.350467e+00,  3.388470e+02
  1.549093e+00,  3.059094e+02
  1.920565e+00,  2.642167e+02
  2.906898e+00,  2.490450e+02
  3.883034e+00,  2.458384e+02
  4.644598e+00,  2.466532e+02
  5.094225e+00,  2.489656e+02
  5.171257e+00,  2.517479e+02
  4.841889e+00,  2.543842e+02
  4.101211e+00,  2.561826e+02
  2.980702e+00,  2.555217e+02
  1.588619e+00,  2.445608e+02
  8.892904e-01,  1.621105e+02
  2.457278e+00,  1.207832e+02
  4.372128e+00,  1.157398e+02
  6.235615e+00,  1.158105e+02
  7.888701e+00,  1.173189e+02
  9.202366e+00,  1.193370e+02
  1.007319e+01,  1.215135e+02
  1.043089e+01,  1.236668e+02
  1.024549e+01,  1.256601e+02
  9.531230e+00,  1.273341e+02
  8.346554e+00,  1.284320e+02
  6.792113e+00,  1.284402e+02
  5.012229e+00,  1.261147e+02
  3.209398e+00,  1.176220e+02
  1.801405e+00,  8.849518e+01
  1.806327e+00,  3.313840e+01
  2.806783e+00,  8.909909e+00
  3.715133e+00,  2.109715e+00
  4.247798e+00,  7.263953e-01
  4.335873e+00,  1.573453e+00
  3.983236e+00,  3.571682e+00
  3.238237e+00,  6.231073e+00
  2.180452e+00,  9.142950e+00
  9.099151e-01,  1.070548e+01
  4.751253e-01,  2.072709e+02
  1.850277e+00,  2.062426e+02
  3.134411e+00,  2.107646e+02
  4.248534e+00,  2.162762e+02
  5.138134e+00,  2.224288e+02
  5.771535e+00,  2.291350e+02
  6.137246e+00,  2.363523e+02
  6.239117e+00,  2.440463e+02
  6.090648e+00,  2.521893e+02
  5.710081e+00,  2.607819e+02
  5.117726e+00,  2.699048e+02
  4.336606e+00,  2.798422e+02
  3.398831e+00,  2.914347e+02
  2.365909e+00,  3.073409e+02
  1.403614e+00,  3.377736e+02
  1.153367e+00,  4.229238e+01
  1.943885e+00,  8.552768e+01
  2.960712e+00,  1.040852e+02
  3.893625e+00,  1.152088e+02
  4.635004e+00,  1.233705e+02
  5.123863e+00,  1.298996e+02
  5.324994e+00,  1.352255e+02
  5.227002e+00,  1.393811e+02
  4.844192e+00,  1.420780e+02
  4.221382e+00,  1.425506e+02
  3.446919e+00,  1.390665e+02
  2.691232e+00,  1.280102e+02
  2.279027e+00,  1.055533e+02
  2.530317e+00,  8.036908e+01
  3.279552e+00,  6.595846e+01
  4.170567e+00,  6.086586e+01
  4.992273e+00,  6.083352e+01
  5.634763e+00,  6.365318e+01
  6.039309e+00,  6.837802e+01
  6.182473e+00,  7.468086e+01
  6.073316e+00,  8.259735e+01
  5.755307e+00,  9.244315e+01
  5.311225e+00,  1.047712e+02
  4.868525e+00,  1.201617e+02
  4.582132e+00,  1.385140e+02
  4.573293e+00,  1.581025e+02
  4.845740e+00,  1.760905e+02
  5.281512e+00,  1.906154e+02
  5.723524e+00,  2.014464e+02
  6.042336e+00,  2.090633e+02
  6.158567e+00,  2.139079e+02
  6.047240e+00,  2.161289e+02
  5.740191e+00,  2.155378e+02
  5.329309e+00,  2.116803e+02
  4.963801e+00,  2.042136e+02
  4.817014e+00,  1.938531e+02
  4.998239e+00,  1.830672e+02
  5.475086e+00,  1.746637e+02
  6.112884e+00,  1.698212e+02
  6.769447e+00,  1.682642e+02
  7.342988e+00,  1.692844e+02
  7.775893e+00,  1.722362e+02
  8.043618e+00,  1.766161e+02
  8.141195e+00,  1.820231e+02
  8.071214e+00,  1.881191e+02
  7.835582e+00,  1.946143e+02
  7.432673e+00,  2.012745e+02
  6.860187e+00,  2.079403e+02
  6.122596e+00,  2.145552e+02
  5.237214e+00,  2.211787e+02
  4.238556e+00,  2.280443e+02
  3.180501e+00,  2.357434e+02
  2.137760e+00,  2.458760e+02
  1.218231e+00,  2.638765e+02
  6.582942e-01,  3.091169e+02
  7.601217e-01,  3.934938e+00
  9.972931e-01,  2.324678e+01
  1.029881e+00,  2.618461e+01
  8.546505e-01,  1.403783e+01
  7.639203e-01,  3.335928e+02
  1.265621e+00,  2.953415e+02
  2.178155e+00,  2.818398e+02
  3.237579e+00,  2.776894e+02
  4.298591e+00,  2.769300e+02
  5.249533e+00,  2.777134e+02
  5.999486e+00,  2.793633e+02
  6.481549e+00,  2.816114e+02
  6.657332e+00,  2.843678e+02
  6.519439e+00,  2.876470e+02
  6.091274e+00,  2.915525e+02
  5.424370e+00,  2.962975e+02
  4.593789e+00,  3.022641e+02
  3.692337e+00,  3.101184e+02
  2.824552e+00,  3.209872e+02
  2.099468e+00,  3.364227e+02
  1.607430e+00,  3.569675e+02
  1.353711e+00,  1.867277e+01
  1.218296e+00,  3.458556e+01
  1.067868e+00,  4.064217e+01
  8.810819e-01,  3.297483e+01
  8.177140e-01,  7.052033e+00
  1.098048e+00,  3.402959e+02
  1.636444e+00,  3.285125e+02
  2.266033e+00,  3.256378e+02
  2.890332e+00,  3.268463e+02
  3.451852e+00,  3.301906e+02
  3.916020e+00,  3.348574e+02
  4.265941e+00,  3.404535e+02
  4.498573e+00,  3.467383e+02
  4.620154e+00,  3.535146e+02
  4.641378e+00,  5.826966e-01
  4.573637e+00,  7.724095e+00
  4.427402e+00,  1.469701e+01
  4.212853e+00,  2.122521e+01
  3.941849e+00,  2.696747e+01
  3.630300e+00,  3.146269e+01
  3.301017e+00,  3.406331e+01
  2.988462e+00,  3.391403e+01
  2.745903e+00,  3.015811e+01
  2.646508e+00,  2.269658e+01
  2.758853e+00,  1.319383e+01
  3.099328e+00,  4.424337e+00
  3.618412e+00,  3.580370e+02
  4.234192e+00,  3.540015e+02
  4.862306e+00,  3.515993e+02
  5.426407e+00,  3.501155e+02
  5.861474e+00,  3.490072e+02
  6.117068e+00,  3.478725e+02
  6.161328e+00,  3.463858e+02
  5.984791e+00,  3.442349e+02
  5.603220e+00,  3.410624e+02
  5.059010e+00,  3.364046e+02
  4.420925e+00,  3.296431e+02
  3.780750e+00,  3.200537e+02
  3.240748e+00,  3.072035e+02
  2.878511e+00,  2.918981e+02
  2.692668e+00,  2.766712e+02
  2.590028e+00,  2.642221e+02
  2.447732e+00,  2.557902e+02
  2.178409e+00,  2.517848e+02
  1.757559e+00,  2.536010e+02
  1.257172e+00,  2.670949e+02
  1.003726e+00,  3.052321e+02
  1.441629e+00,  3.427733e+02
  2.266090e+00,  3.568249e+02
  3.162536e+00,  7.343041e-01
  4.002607e+00,  5.384430e-01
  4.718662e+00,  3.581440e+02
  5.275732e+00,  3.542221e+02
  5.666089e+00,  3.490313e+02
  5.905287e+00,  3.426993e+02
  6.025249e+00,  3.353547e+02
  6.063871e+00,  3.272036e+02
  6.052868e+00,  3.185594e+02
  6.007607e+00,  3.098173e+02
  5.923123e+00,  3.013807e+02
  5.778060e+00,  2.935851e+02
  5.544211e+00,  2.866653e+02
  5.197086e+00,  2.807807e+02
  4.723956e+00,  2.760854e+02
  4.128369e+00,  2.728420e+02
  3.432468e+00,  2.716249e+02
  2.681141e+00,  2.737875e+02
  1.959352e+00,  2.826362e+02
  1.451055e+00,  3.046578e+02
  1.446961e+00,  3.369837e+02
  1.909556e+00,  3.580906e+02
  2.530296e+00,  6.566511e+00
  3.144118e+00,  8.812489e+00
  3.686539e+00,  8.016008e+00
  4.129307e+00,  5.539367e+00
  4.458978e+00,  2.013365e+00
  4.669667e+00,  3.577492e+02
  4.760653e+00,  3.528921e+02
  4.736091e+00,  3.474820e+02
  4.605612e+00,  3.414793e+02
  4.384944e+00,  3.347795e+02
  4.095882e+00,  3.272287e+02
  3.765036e+00,  3.186527e+02
  3.420832e+00,  3.089077e+02
  3.088421e+00,  2.979549e+02
  2.783189e+00,  2.859205e+02
  2.505613e+00,  2.730573e+02
  2.241816e+00,  2.595397e+02
  1.972385e+00,  2.451217e+02
  1.688261e+00,  2.287182e+02
  1.412949e+00,  2.079687e+02
  1.230969e+00,  1.799875e+02
  1.271805e+00,  1.474913e+02
  1.559633e+00,  1.205295e+02
  1.976324e+00,  1.022388e+02
  2.397006e+00,  8.973120e+01
  2.730583e+00,  8.036628e+01
  2.911061e+00,  7.252611e+01
  2.893250e+00,  6.506917e+01
  2.656557e+00,  5.680085e+01
  2.215902e+00,  4.569508e+01
  1.655202e+00,  2.679725e+01
  1.256796e+00,  3.490157e+02
  1.533514e+00,  3.023105e+02
  2.348362e+00,  2.761409e+02
  3.291131e+00,  2.622628e+02
  4.166638e+00,  2.529182e+02
  4.869431e+00,  2.451843e+02
  5.337720e+00,  2.377260e+02
  5.549919e+00,  2.296953e+02
  5.529759e+00,  2.203719e+02
  5.350487e+00,  2.090905e+02
  5.129864e+00,  1.954325e+02
  5.000852e+00,  1.797217e+02
  5.048431e+00,  1.633738e+02
  5.250480e+00,  1.482217e+02
  5.488183e+00,  1.353046e+02
  5.611989e+00,  1.245824e+02
  5.497382e+00,  1.154086e+02
  5.070357e+00,  1.068681e+02
  4.317160e+00,  9.766130e+01
  3.297140e+00,  8.520405e+01
  2.208153e+00,  6.211022e+01
  1.696613e+00,  1.313111e+01
  2.459761e+00,  3.284987e+02
  3.746728e+00,  3.086595e+02
  5.001355e+00,  2.982180e+02
  6.019990e+00,  2.910618e+02
  6.704962e+00,  2.850532e+02
  7.019227e+00,  2.791426e+02
  6.981374e+00,  2.725738e+02
  6.666859e+00,  2.646230e+02
  6.207276e+00,  2.545765e+02
  5.777629e+00,  2.420378e+02
  5.549994e+00,  2.276417e+02
  5.606523e+00,  2.134010e+02
  5.883868e+00,  2.015239e+02
  6.224994e+00,  1.929904e+02
  6.472424e+00,  1.876598e+02
  6.518264e+00,  1.850429e+02
  6.313397e+00,  1.847533e+02
  5.861746e+00,  1.866529e+02
  5.211845e+00,  1.909050e+02
  4.449333e+00,  1.980344e+02
  3.690980e+00,  2.089297e+02
  3.073747e+00,  2.243690e+02
  2.712185e+00,  2.433290e+02
  2.609227e+00,  2.617212e+02
  2.631829e+00,  2.754825e+02
  2.621849e+00,  2.833021e+02
  2.490877e+00,  2.849079e+02
  2.252713e+00,  2.789915e+02
  2.060117e+00,  2.631553e+02
  2.199616e+00,  2.398491e+02
  2.815649e+00,  2.201662e+02
  3.746673e+00,  2.085824e+02
  4.770005e+00,  2.024044e+02
  5.709143e+00,  1.990509e+02
  6.424334e+00,  1.970902e+02
  6.805715e+00,  1.957353e+02
  6.777030e+00,  1.944767e+02
  6.303000e+00,  1.928578e+02
  5.396665e+00,  1.902361e+02
  4.127717e+00,  1.852110e+02
  2.651177e+00,  1.732187e+02
  1.442130e+00,  1.335526e+02
  1.869130e+00,  6.896067e+01
  3.215325e+00,  4.632089e+01
  4.439973e+00,  3.751367e+01
  5.272684e+00,  3.218340e+01
  5.598602e+00,  2.757612e+01
  5.383214e+00,  2.224777e+01
  4.675835e+00,  1.447984e+01
  3.646912e+00,  6.978511e-01
  2.728277e+00,  3.329226e+02
  2.754949e+00,  2.911475e+02
  3.838780e+00,  2.621725e+02
  5.198484e+00,  2.476041e+02
  6.350803e+00,  2.392214e+02
  7.059469e+00,  2.332477e+02
  7.206632e+00,  2.279106e+02
  6.766896e+00,  2.219089e+02
  5.814813e+00,  2.135084e+02
  4.568819e+00,  1.992274e+02
  3.541044e+00,  1.723664e+02
  3.601724e+00,  1.346932e+02
  4.833321e+00,  1.079579e+02
  6.436195e+00,  9.429540e+01
  7.885780e+00,  8.704508e+01
  8.926424e+00,  8.281613e+01
  9.432273e+00,  8.011777e+01
  9.363861e+00,  7.818555e+01
  8.753054e+00,  7.650519e+01
  7.692325e+00,  7.456705e+01
  6.323676e+00,  7.162290e+01
  4.830705e+00,  6.624093e+01
  3.447027e+00,  5.537508e+01
  2.496743e+00,  3.415067e+01
  2.293638e+00,  6.232431e+00
  2.637046e+00,  3.485467e+02
  3.063066e+00,  3.436558e+02
  3.371892e+00,  3.469985e+02
  3.563639e+00,  3.559516e+02
  3.726176e+00,  8.983780e+00
  3.962217e+00,  2.438471e+01
  4.327051e+00,  4.012624e+01
  4.802223e+00,  5.464527e+01
  5.318348e+00,  6.731402e+01
  5.791721e+00,  7.814840e+01
  6.145423e+00,  8.736184e+01
  6.315848e+00,  9.512400e+01
  6.254484e+00,  1.014763e+02
  5.931040e+00,  1.062861e+02
  5.340176e+00,  1.091462e+02
  4.513752e+00,  1.090945e+02
  3.546629e+00,  1.038609e+02
  2.665808e+00,  8.842661e+01
  2.333850e+00,  5.920327e+01
  2.829886e+00,  3.248998e+01
  3.717982e+00,  1.956795e+01
  4.555526e+00,  1.515268e+01
  5.119392e+00,  1.522543e+01
  5.307780e+00,  1.839069e+01
  5.110065e+00,  2.470418e+01
  4.620604e+00,  3.537236e+01
  4.079823e+00,  5.253765e+01
  3.884862e+00,  7.652763e+01
  4.329688e+00,  1.006518e+02
  5.250775e+00,  1.178166e+02
  6.261972e+00,  1.280248e+02
  7.055995e+00,  1.334507e+02
  7.445373e+00,  1.354397e+02
  7.350108e+00,  1.343492e+02
  6.803395e+00,  1.296455e+02
  5.981419e+00,  1.197888e+02
  5.255219e+00,  1.026710e+02
  5.141108e+00,  7.945016e+01
  5.859814e+00,  5.802878e+01
  7.060310e+00,  4.359611e+01
  8.257605e+00,  3.495566e+01
  9.108976e+00,  2.987757e+01
  9.412843e+00,  2.694329e+01
  9.077556e+00,  2.539178e+01
  8.103904e+00,  2.485303e+01
  6.571925e+00,  2.524390e+01
  4.625894e+00,  2.691711e+01
  2.460142e+00,  3.209018e+01
  4.833084e-01,  8.659162e+01
  1.872046e+00,  1.900511e+02
  3.525891e+00,  1.975090e+02
  4.708221e+00,  2.006183e+02
  5.326970e+00,  2.027543e+02
  5.361600e+00,  2.044632e+02
  4.852613e+00,  2.057242e+02
  3.893262e+00,  2.060184e+02
  2.622559e+00,  2.033347e+02
  1.268984e+00,  1.862277e+02
  9.587187e-01,  1.029524e+02
  2.181766e+00,  7.400763e+01
  3.438734e+00,  7.140697e+01
  4.495609e+00,  7.410224e+01
  5.297830e+00,  7.889905e+01
  5.830155e+00,  8.482580e+01
  6.092803e+00,  9.139187e+01
  6.088464e+00,  9.824599e+01
  5.816054e+00,  1.050983e+02
  5.272147e+00,  1.117061e+02
  4.458837e+00,  1.178547e+02
  3.394311e+00,  1.232654e+02
  2.122054e+00,  1.271155e+02
  7.248793e-01,  1.219134e+02
  7.970437e-01,  3.388186e+02
  2.188028e+00,  3.348144e+02
  3.430423e+00,  3.385539e+02
  4.424160e+00,  3.438426e+02
  5.111111e+00,  3.501685e+02
  5.477556e+00,  3.576294e+02
  5.559136e+00,  6.482620e+00
  5.436780e+00,  1.696331e+01
  5.217343e+00,  2.903890e+01
  4.994439e+00,  4.211353e+01
  4.800644e+00,  5.498482e+01
  4.586534e+00,  6.629171e+01
  4.250919e+00,  7.500476e+01
  3.698968e+00,  8.029303e+01
  2.895591e+00,  8.045963e+01
  1.936901e+00,  6.922198e+01
  1.364917e+00,  2.704051e+01
  2.076657e+00,  3.435945e+02
  3.355601e+00,  3.300699e+02
  4.585755e+00,  3.267364e+02
  5.525711e+00,  3.270536e+02
  6.036209e+00,  3.293720e+02
  6.047824e+00,  3.334800e+02
  5.570632e+00,  3.400236e+02
  4.720826e+00,  3.508494e+02
  3.788484e+00,  9.905232e+00
  3.342705e+00,  4.056200e+01
  3.867505e+00,  7.179187e+01
  5.017501e+00,  9.131388e+01
  6.218636e+00,  1.018946e+02
  7.132153e+00,  1.075956e+02
  7.587334e+00,  1.102951e+02
  7.524456e+00,  1.105735e+02
  6.981404e+00,  1.081759e+02
  6.101048e+00,  1.019929e+02
  5.159341e+00,  8.996193e+01
  4.584541e+00,  7.070079e+01
  4.752547e+00,  4.893588e+01
  5.560000e+00,  3.289217e+01
  6.582974e+00,  2.414033e+01
  7.484191e+00,  2.046906e+01
  8.078633e+00,  2.002145e+01
  8.284789e+00,  2.174775e+01
  8.086985e+00,  2.508977e+01
  7.510212e+00,  2.975906e+01
  6.600218e+00,  3.565284e+01
  5.403269e+00,  4.290851e+01
  3.906472e+00,  5.213089e+01
  1.728559e+00,  6.125367e+01
##END=
