##TITLE= E:\桌面\nmr\ogm\sjd\matlabcod\1_unitary\3_13_xjhsjd
##JCAMP-DX= 5.00 Bruker JCAMP library
##DATA TYPE= Shape Data
##ORIGIN= Colm's GRAPE Pulses 
##OWNER= Dawei.Lu
##DATE= 02-Aug-2025
##TIME= 13:26
##MINX= 7.769414e-01
##MAXX= 2.166041e+01
##MINY= 2.394545e+00
##MAXY= 3.590923e+02
##$SHAPE_EXMODE= None
##$SHAPE_TOTROT= 9.000000e+01
##$SHAPE_BWFAC= 1.000000e+00
##$SHAPE_INTEGFAC= 1.000000e+00
##$SHAPE_MODE= 1
##PULSE_WIDTH= 2000
##Calibration_Power= 12500
##NPOINTS= 200
##XYPOINTS= (XY..XY)
  6.026157e+00,  2.356655e+02
  2.618169e+00,  1.413934e+02
  9.592836e+00,  8.365565e+01
  1.117040e+01,  6.887927e+01
  9.722132e+00,  5.573349e+01
  6.686152e+00,  3.809822e+01
  4.036302e+00,  6.584631e+00
  3.108641e+00,  3.284545e+02
  2.475022e+00,  3.168521e+02
  1.447973e+00,  3.547753e+02
  2.452319e+00,  6.601672e+01
  4.702809e+00,  9.109218e+01
  7.151607e+00,  1.048643e+02
  9.537529e+00,  1.116531e+02
  1.133243e+01,  1.105645e+02
  1.220832e+01,  1.007283e+02
  1.271592e+01,  8.258934e+01
  1.371857e+01,  6.127332e+01
  1.472357e+01,  4.386454e+01
  1.415694e+01,  3.298955e+01
  1.124214e+01,  3.023016e+01
  7.332565e+00,  4.524892e+01
  6.906871e+00,  8.515391e+01
  1.026192e+01,  9.789642e+01
  1.356879e+01,  8.684925e+01
  1.656884e+01,  6.631647e+01
  1.962994e+01,  4.461100e+01
  2.166041e+01,  2.601831e+01
  2.098356e+01,  1.059224e+01
  1.700400e+01,  3.567715e+02
  1.073886e+01,  3.425627e+02
  4.182508e+00,  3.243923e+02
  1.014210e+00,  1.448918e+02
  4.441870e+00,  1.054024e+02
  7.378312e+00,  7.643717e+01
  1.036112e+01,  5.518995e+01
  1.251873e+01,  4.279986e+01
  1.309240e+01,  3.788806e+01
  1.253785e+01,  3.941581e+01
  1.216634e+01,  4.396118e+01
  1.270542e+01,  4.373029e+01
  1.394433e+01,  3.393186e+01
  1.566706e+01,  1.720167e+01
  1.727200e+01,  3.588889e+02
  1.734972e+01,  3.415849e+02
  1.469982e+01,  3.244289e+02
  9.449661e+00,  3.032643e+02
  3.631836e+00,  2.538864e+02
  4.784087e+00,  1.416814e+02
  8.850094e+00,  1.005347e+02
  1.204666e+01,  6.738544e+01
  1.521269e+01,  3.616789e+01
  1.810503e+01,  9.475577e+00
  1.927993e+01,  3.465158e+02
  1.783653e+01,  3.239556e+02
  1.444774e+01,  2.973393e+02
  1.111455e+01,  2.624587e+02
  9.280148e+00,  2.229960e+02
  7.788986e+00,  1.881695e+02
  5.217033e+00,  1.529143e+02
  2.939867e+00,  8.448945e+01
  4.427381e+00,  1.095423e+01
  6.021379e+00,  3.362548e+02
  6.070778e+00,  3.029423e+02
  6.076051e+00,  2.592950e+02
  7.543432e+00,  2.207750e+02
  9.000169e+00,  1.980140e+02
  8.857344e+00,  1.846099e+02
  7.025940e+00,  1.764083e+02
  4.556019e+00,  1.730502e+02
  2.854279e+00,  1.764053e+02
  2.739203e+00,  1.775455e+02
  3.923612e+00,  1.679457e+02
  5.385695e+00,  1.579253e+02
  5.733379e+00,  1.504793e+02
  4.018502e+00,  1.471080e+02
  9.021981e-01,  2.061398e+02
  4.593990e+00,  2.853909e+02
  8.653931e+00,  2.780177e+02
  1.134348e+01,  2.621758e+02
  1.311420e+01,  2.401866e+02
  1.512211e+01,  2.162152e+02
  1.742184e+01,  1.960418e+02
  1.879453e+01,  1.811833e+02
  1.825935e+01,  1.699087e+02
  1.588452e+01,  1.598263e+02
  1.263713e+01,  1.483298e+02
  9.845662e+00,  1.331987e+02
  8.449672e+00,  1.163879e+02
  8.271627e+00,  1.048524e+02
  8.446235e+00,  1.005998e+02
  8.239136e+00,  9.966072e+01
  7.168939e+00,  9.715142e+01
  5.195651e+00,  8.653161e+01
  3.354319e+00,  5.111434e+01
  3.872411e+00,  3.590923e+02
  5.306971e+00,  3.351630e+02
  5.561830e+00,  3.209972e+02
  4.432523e+00,  3.002744e+02
  3.603908e+00,  2.531883e+02
  5.389563e+00,  2.100764e+02
  7.862094e+00,  1.933719e+02
  9.286951e+00,  1.851473e+02
  9.244705e+00,  1.775743e+02
  8.227763e+00,  1.658695e+02
  7.456018e+00,  1.471803e+02
  8.025446e+00,  1.279132e+02
  9.683996e+00,  1.173741e+02
  1.156410e+01,  1.140948e+02
  1.304594e+01,  1.129234e+02
  1.371142e+01,  1.096716e+02
  1.344639e+01,  1.010813e+02
  1.277875e+01,  8.502672e+01
  1.266848e+01,  6.340595e+01
  1.314515e+01,  4.283001e+01
  1.287443e+01,  2.681554e+01
  1.065717e+01,  1.368686e+01
  6.497043e+00,  3.584337e+02
  2.090510e+00,  3.066748e+02
  3.982133e+00,  2.063319e+02
  6.564705e+00,  1.861060e+02
  7.288484e+00,  1.720154e+02
  6.957730e+00,  1.553616e+02
  7.005196e+00,  1.369455e+02
  8.221135e+00,  1.246669e+02
  1.043125e+01,  1.202533e+02
  1.303738e+01,  1.182935e+02
  1.510158e+01,  1.144652e+02
  1.575955e+01,  1.065671e+02
  1.490221e+01,  9.307744e+01
  1.333924e+01,  7.358412e+01
  1.183670e+01,  5.148247e+01
  9.876542e+00,  3.315383e+01
  6.411142e+00,  2.498510e+01
  2.591441e+00,  6.866261e+01
  6.332907e+00,  1.300627e+02
  1.127015e+01,  1.262314e+02
  1.419282e+01,  1.114482e+02
  1.507413e+01,  8.981441e+01
  1.507631e+01,  6.307669e+01
  1.481177e+01,  3.588162e+01
  1.334025e+01,  1.153707e+01
  9.654730e+00,  3.474709e+02
  4.515771e+00,  3.056735e+02
  4.598447e+00,  1.996797e+02
  9.062741e+00,  1.593652e+02
  1.175551e+01,  1.339174e+02
  1.266540e+01,  1.069490e+02
  1.314244e+01,  7.779178e+01
  1.365017e+01,  5.189210e+01
  1.314808e+01,  3.259117e+01
  1.083332e+01,  1.935585e+01
  7.211038e+00,  1.215640e+01
  3.823870e+00,  1.656575e+01
  2.443693e+00,  3.968499e+01
  2.904311e+00,  3.878604e+01
  4.108304e+00,  1.679591e+01
  5.216739e+00,  3.590662e+02
  4.876205e+00,  3.488492e+02
  2.583908e+00,  3.550434e+02
  2.505508e+00,  9.115198e+01
  6.531305e+00,  9.895897e+01
  9.863149e+00,  8.281709e+01
  1.241638e+01,  5.739417e+01
  1.535401e+01,  2.838404e+01
  1.876376e+01,  2.394545e+00
  2.100354e+01,  3.406453e+02
  2.055009e+01,  3.205291e+02
  1.739895e+01,  2.985391e+02
  1.311186e+01,  2.708008e+02
  9.567624e+00,  2.357776e+02
  6.871402e+00,  1.982836e+02
  3.819261e+00,  1.518582e+02
  3.534306e+00,  5.066067e+01
  7.744729e+00,  6.775764e+00
  1.103279e+01,  3.482462e+02
  1.182384e+01,  3.347555e+02
  1.019885e+01,  3.216750e+02
  7.378007e+00,  3.062033e+02
  4.897991e+00,  2.879500e+02
  3.499171e+00,  2.782385e+02
  3.300512e+00,  2.941211e+02
  4.605976e+00,  3.154205e+02
  6.378766e+00,  3.266928e+02
  7.594801e+00,  3.348345e+02
  8.169302e+00,  3.427071e+02
  8.504141e+00,  3.473560e+02
  8.852065e+00,  3.430792e+02
  9.577605e+00,  3.276920e+02
  1.122187e+01,  3.070006e+02
  1.325281e+01,  2.885098e+02
  1.413468e+01,  2.731397e+02
  1.278591e+01,  2.581139e+02
  9.466534e+00,  2.387677e+02
  5.938009e+00,  2.052716e+02
  4.634438e+00,  1.547262e+02
  4.516323e+00,  1.212704e+02
  3.101879e+00,  1.096693e+02
  7.769414e-01,  1.757418e+02
  6.044362e+00,  2.697332e+02
##END=
