##TITLE= E:\桌面\nmr\ogm\sjd\matlabcod\1_unitary\3_14_xjhsjd
##JCAMP-DX= 5.00 Bruker JCAMP library
##DATA TYPE= Shape Data
##ORIGIN= Colm's GRAPE Pulses 
##OWNER= Dawei.Lu
##DATE= 02-Aug-2025
##TIME= 13:26
##MINX= 4.341834e-01
##MAXX= 2.114928e+01
##MINY= 2.349427e+00
##MAXY= 3.591918e+02
##$SHAPE_EXMODE= None
##$SHAPE_TOTROT= 9.000000e+01
##$SHAPE_BWFAC= 1.000000e+00
##$SHAPE_INTEGFAC= 1.000000e+00
##$SHAPE_MODE= 1
##PULSE_WIDTH= 2000
##Calibration_Power= 12500
##NPOINTS= 200
##XYPOINTS= (XY..XY)
  3.665063e+00,  6.319065e+01
  7.166014e+00,  5.936290e+01
  1.067566e+01,  4.189969e+01
  1.181422e+01,  7.387667e+00
  1.372561e+01,  3.341501e+02
  1.549815e+01,  3.075326e+02
  1.535991e+01,  2.840954e+02
  1.294566e+01,  2.571299e+02
  1.015702e+01,  2.173703e+02
  1.016155e+01,  1.680570e+02
  1.207531e+01,  1.306521e+02
  1.292426e+01,  1.021261e+02
  1.233496e+01,  7.320590e+01
  1.179296e+01,  4.155167e+01
  1.198944e+01,  1.428015e+01
  1.165018e+01,  3.572922e+02
  9.746759e+00,  3.511471e+02
  6.950037e+00,  3.591918e+02
  5.465912e+00,  2.539305e+01
  6.076091e+00,  4.335111e+01
  6.904750e+00,  3.797276e+01
  7.830886e+00,  1.868034e+01
  9.507372e+00,  3.591027e+02
  1.129684e+01,  3.470857e+02
  1.218681e+01,  3.414179e+02
  1.185505e+01,  3.385802e+02
  1.060587e+01,  3.340411e+02
  9.141603e+00,  3.215136e+02
  8.733631e+00,  2.973709e+02
  1.022531e+01,  2.718587e+02
  1.227812e+01,  2.534115e+02
  1.304699e+01,  2.378091e+02
  1.196367e+01,  2.181431e+02
  1.047116e+01,  1.872363e+02
  1.116040e+01,  1.499931e+02
  1.348280e+01,  1.232708e+02
  1.472105e+01,  1.060814e+02
  1.369677e+01,  9.146488e+01
  1.110501e+01,  7.315649e+01
  8.975422e+00,  4.565068e+01
  9.031547e+00,  1.614820e+01
  1.032940e+01,  3.583102e+02
  1.118367e+01,  3.491141e+02
  1.082813e+01,  3.409570e+02
  9.283730e+00,  3.264140e+02
  7.824254e+00,  2.970721e+02
  8.615938e+00,  2.598435e+02
  1.081998e+01,  2.352086e+02
  1.184708e+01,  2.204468e+02
  1.058868e+01,  2.085220e+02
  7.622484e+00,  1.936566e+02
  4.809528e+00,  1.671154e+02
  4.005969e+00,  1.344609e+02
  4.487516e+00,  1.289595e+02
  5.789357e+00,  1.429414e+02
  7.847677e+00,  1.524836e+02
  9.295966e+00,  1.513902e+02
  9.255794e+00,  1.394755e+02
  8.625010e+00,  1.140135e+02
  9.470814e+00,  8.162389e+01
  1.158393e+01,  5.862754e+01
  1.287896e+01,  4.535586e+01
  1.227583e+01,  3.641464e+01
  1.005359e+01,  2.725306e+01
  7.402113e+00,  1.190560e+01
  5.978084e+00,  3.452126e+02
  6.498817e+00,  3.204051e+02
  7.580247e+00,  3.083742e+02
  7.854638e+00,  3.022729e+02
  6.740645e+00,  2.945741e+02
  4.593897e+00,  2.738274e+02
  3.846165e+00,  2.195285e+02
  6.329403e+00,  1.819357e+02
  9.193485e+00,  1.681285e+02
  1.108542e+01,  1.586311e+02
  1.189148e+01,  1.460299e+02
  1.242351e+01,  1.266144e+02
  1.404495e+01,  1.025090e+02
  1.703200e+01,  8.061133e+01
  1.992419e+01,  6.286266e+01
  2.101861e+01,  4.647239e+01
  1.968899e+01,  2.772549e+01
  1.689385e+01,  2.825361e+00
  1.458042e+01,  3.304759e+02
  1.347121e+01,  2.962320e+02
  1.210095e+01,  2.641801e+02
  9.598230e+00,  2.278295e+02
  7.929619e+00,  1.754195e+02
  9.466447e+00,  1.233784e+02
  1.149639e+01,  8.813438e+01
  1.154686e+01,  5.691177e+01
  1.028215e+01,  1.746951e+01
  1.063787e+01,  3.288292e+02
  1.310746e+01,  2.886965e+02
  1.502371e+01,  2.582259e+02
  1.521794e+01,  2.294282e+02
  1.457436e+01,  1.983705e+02
  1.416647e+01,  1.676473e+02
  1.345252e+01,  1.422284e+02
  1.129145e+01,  1.227695e+02
  7.663600e+00,  1.073095e+02
  3.726300e+00,  9.449902e+01
  9.159179e-01,  9.395784e+01
  6.033500e-01,  1.691564e+02
  1.197224e+00,  1.285867e+02
  1.838739e+00,  9.105011e+01
  1.649505e+00,  4.843071e+01
  2.112445e+00,  3.188577e+02
  5.078267e+00,  2.765531e+02
  8.010414e+00,  2.560158e+02
  9.241733e+00,  2.381344e+02
  8.266098e+00,  2.167879e+02
  5.957567e+00,  1.850254e+02
  4.040631e+00,  1.335813e+02
  3.518109e+00,  6.362729e+01
  5.157984e+00,  3.528543e+02
  9.546847e+00,  3.096012e+02
  1.493240e+01,  2.842408e+02
  1.923290e+01,  2.652286e+02
  2.114928e+01,  2.472636e+02
  2.077226e+01,  2.272317e+02
  1.944001e+01,  2.038162e+02
  1.841758e+01,  1.791536e+02
  1.746093e+01,  1.571562e+02
  1.544825e+01,  1.384879e+02
  1.200141e+01,  1.196195e+02
  8.156572e+00,  9.207426e+01
  6.441600e+00,  4.653870e+01
  7.746471e+00,  8.917528e+00
  9.220545e+00,  3.501434e+02
  9.397711e+00,  3.378857e+02
  8.364205e+00,  3.242270e+02
  7.077370e+00,  3.037055e+02
  6.753438e+00,  2.785470e+02
  7.385852e+00,  2.614225e+02
  7.987226e+00,  2.563878e+02
  8.175457e+00,  2.593393e+02
  8.033928e+00,  2.638322e+02
  7.388546e+00,  2.621038e+02
  6.240067e+00,  2.455490e+02
  6.046551e+00,  2.093387e+02
  7.972746e+00,  1.762674e+02
  1.007740e+01,  1.561868e+02
  1.059325e+01,  1.395989e+02
  9.452887e+00,  1.183360e+02
  8.375363e+00,  8.681657e+01
  9.075780e+00,  5.552096e+01
  1.033899e+01,  3.869801e+01
  1.054141e+01,  3.455217e+01
  9.784323e+00,  3.938370e+01
  9.083703e+00,  4.758318e+01
  8.781341e+00,  4.871460e+01
  8.778978e+00,  3.558751e+01
  9.811468e+00,  1.240403e+01
  1.188650e+01,  3.518125e+02
  1.333009e+01,  3.376895e+02
  1.266313e+01,  3.270237e+02
  9.692277e+00,  3.155906e+02
  5.625618e+00,  2.933100e+02
  3.742884e+00,  2.325667e+02
  5.730195e+00,  1.901548e+02
  7.420948e+00,  1.761516e+02
  7.789258e+00,  1.653111e+02
  7.481638e+00,  1.467010e+02
  8.235681e+00,  1.179796e+02
  1.114277e+01,  9.352792e+01
  1.486114e+01,  7.865380e+01
  1.750038e+01,  6.806104e+01
  1.792298e+01,  5.727967e+01
  1.624973e+01,  4.272761e+01
  1.395920e+01,  2.153804e+01
  1.277776e+01,  3.563158e+02
  1.247252e+01,  3.361830e+02
  1.139526e+01,  3.250169e+02
  8.876911e+00,  3.219923e+02
  5.651599e+00,  3.284272e+02
  3.132453e+00,  3.501042e+02
  1.970209e+00,  1.653414e+01
  1.134388e+00,  3.566298e+02
  1.983627e+00,  2.899644e+02
  3.723196e+00,  2.769186e+02
  4.535907e+00,  2.753008e+02
  3.950584e+00,  2.770776e+02
  2.307722e+00,  2.799136e+02
  4.341834e-01,  2.448801e+02
  1.779211e+00,  1.456222e+02
  3.736558e+00,  1.520762e+02
  5.545401e+00,  1.558858e+02
  6.645532e+00,  1.511311e+02
  6.838173e+00,  1.338152e+02
  7.265929e+00,  1.018659e+02
  9.353334e+00,  6.871837e+01
  1.208694e+01,  4.456248e+01
  1.360921e+01,  2.447159e+01
  1.321634e+01,  2.349427e+00
  1.180523e+01,  3.334099e+02
  1.110606e+01,  2.981290e+02
  1.130351e+01,  2.648733e+02
  9.987854e+00,  2.317012e+02
  6.742318e+00,  1.510552e+02
##END=
