##TITLE= E:\桌面\nmr\ogm\sjd\matlabcod\1\3_15_xjhsjd
##JCAMP-DX= 5.00 Bruker JCAMP library
##DATA TYPE= Shape Data
##ORIGIN= Colm's GRAPE Pulses 
##OWNER= Dawei.Lu
##DATE= 02-Aug-2025
##TIME= 11:42
##MINX= 4.739071e-02
##MAXX= 1.278062e+01
##MINY= 4.057629e-01
##MAXY= 3.593310e+02
##$SHAPE_EXMODE= None
##$SHAPE_TOTROT= 9.000000e+01
##$SHAPE_BWFAC= 1.000000e+00
##$SHAPE_INTEGFAC= 1.000000e+00
##$SHAPE_MODE= 1
##PULSE_WIDTH= 5000
##Calibration_Power= 12500
##NPOINTS= 1000
##XYPOINTS= (XY..XY)
  2.150729e+00,  8.722655e+01
  1.764155e+00,  9.243509e+01
  6.771545e-01,  1.332819e+02
  1.461430e+00,  2.441999e+02
  3.120609e+00,  2.609925e+02
  4.613996e+00,  2.696699e+02
  5.802026e+00,  2.768645e+02
  6.602853e+00,  2.838347e+02
  6.978062e+00,  2.911020e+02
  6.932339e+00,  2.990480e+02
  6.510954e+00,  3.081013e+02
  5.795784e+00,  3.188845e+02
  4.903476e+00,  3.324252e+02
  3.991606e+00,  3.504255e+02
  3.272738e+00,  1.494605e+01
  2.977352e+00,  4.518171e+01
  3.153106e+00,  7.417593e+01
  3.573686e+00,  9.663085e+01
  3.974428e+00,  1.131883e+02
  4.180370e+00,  1.258563e+02
  4.087433e+00,  1.359597e+02
  3.636267e+00,  1.441156e+02
  2.803262e+00,  1.502549e+02
  1.604394e+00,  1.521553e+02
  3.183012e-01,  8.503437e+01
  1.791792e+00,  5.472079e+00
  3.707965e+00,  5.347225e+00
  5.635921e+00,  8.476586e+00
  7.421550e+00,  1.223690e+01
  8.921550e+00,  1.615986e+01
  1.001439e+01,  2.013365e+01
  1.061372e+01,  2.414431e+01
  1.067843e+01,  2.821128e+01
  1.021734e+01,  3.236457e+01
  9.288056e+00,  3.662972e+01
  7.989767e+00,  4.100326e+01
  6.451152e+00,  4.538940e+01
  4.814878e+00,  4.940973e+01
  3.223205e+00,  5.172773e+01
  1.826086e+00,  4.691952e+01
  9.811517e-01,  1.132092e+01
  1.394261e+00,  3.262811e+02
  2.321559e+00,  3.207765e+02
  3.325388e+00,  3.267405e+02
  4.359752e+00,  3.354020e+02
  5.380190e+00,  3.442908e+02
  6.301413e+00,  3.526564e+02
  7.014117e+00,  4.057629e-01
  7.411690e+00,  7.721804e+00
  7.413748e+00,  1.492824e+01
  6.983552e+00,  2.249683e+01
  6.140828e+00,  3.119968e+01
  4.975879e+00,  4.255894e+01
  3.680999e+00,  6.011801e+01
  2.668211e+00,  9.150018e+01
  2.622734e+00,  1.354457e+02
  3.492191e+00,  1.668918e+02
  4.554301e+00,  1.846535e+02
  5.423785e+00,  1.963076e+02
  5.952730e+00,  2.053195e+02
  6.093966e+00,  2.130893e+02
  5.856095e+00,  2.201946e+02
  5.282088e+00,  2.267898e+02
  4.434013e+00,  2.326551e+02
  3.383142e+00,  2.369024e+02
  2.215086e+00,  2.364500e+02
  1.130962e+00,  2.158240e+02
  1.139945e+00,  1.485660e+02
  2.261057e+00,  1.276739e+02
  3.482827e+00,  1.266882e+02
  4.575689e+00,  1.303051e+02
  5.423802e+00,  1.356456e+02
  5.936743e+00,  1.420877e+02
  6.056511e+00,  1.497961e+02
  5.781263e+00,  1.595490e+02
  5.203867e+00,  1.729678e+02
  4.578151e+00,  1.926195e+02
  4.366848e+00,  2.193518e+02
  4.956389e+00,  2.462160e+02
  6.186859e+00,  2.655151e+02
  7.613614e+00,  2.774880e+02
  8.874710e+00,  2.846680e+02
  9.732092e+00,  2.886765e+02
  1.004979e+01,  2.902203e+02
  9.789735e+00,  2.893789e+02
  9.020298e+00,  2.856831e+02
  7.933855e+00,  2.780485e+02
  6.869420e+00,  2.649652e+02
  6.276440e+00,  2.463061e+02
  6.440519e+00,  2.264443e+02
  7.160118e+00,  2.110151e+02
  7.963235e+00,  2.011919e+02
  8.463726e+00,  1.955881e+02
  8.442417e+00,  1.929073e+02
  7.819608e+00,  1.925065e+02
  6.627272e+00,  1.944412e+02
  4.995107e+00,  1.999339e+02
  3.176863e+00,  2.139810e+02
  1.855417e+00,  2.565318e+02
  2.429713e+00,  3.144466e+02
  3.882950e+00,  3.367971e+02
  5.142933e+00,  3.467714e+02
  5.942372e+00,  3.533585e+02
  6.208090e+00,  3.591173e+02
  5.961780e+00,  5.245772e+00
  5.298941e+00,  1.276835e+01
  4.378341e+00,  2.308872e+01
  3.417291e+00,  3.845029e+01
  2.683133e+00,  6.131989e+01
  2.386156e+00,  8.928910e+01
  2.425986e+00,  1.131759e+02
  2.476755e+00,  1.290718e+02
  2.307593e+00,  1.386954e+02
  1.838287e+00,  1.430124e+02
  1.106559e+00,  1.372098e+02
  5.547350e-01,  7.462756e+01
  1.389338e+00,  2.169361e+01
  2.589363e+00,  1.614582e+01
  3.785665e+00,  1.776211e+01
  4.869177e+00,  2.149589e+01
  5.767269e+00,  2.615252e+01
  6.427290e+00,  3.126928e+01
  6.810739e+00,  3.658719e+01
  6.889513e+00,  4.192528e+01
  6.645041e+00,  4.715357e+01
  6.070897e+00,  5.219997e+01
  5.178119e+00,  5.708676e+01
  4.001648e+00,  6.205504e+01
  2.606520e+00,  6.811855e+01
  1.106479e+00,  8.228583e+01
  6.439750e-01,  2.078788e+02
  2.006732e+00,  2.340054e+02
  3.202830e+00,  2.380005e+02
  4.053589e+00,  2.379785e+02
  4.480353e+00,  2.350667e+02
  4.481777e+00,  2.284930e+02
  4.183061e+00,  2.162192e+02
  3.920161e+00,  1.957263e+02
  4.212551e+00,  1.694418e+02
  5.291919e+00,  1.469676e+02
  6.868989e+00,  1.321176e+02
  8.547715e+00,  1.225273e+02
  1.002334e+01,  1.157544e+02
  1.108068e+01,  1.103315e+02
  1.158415e+01,  1.053625e+02
  1.147890e+01,  1.001794e+02
  1.079492e+01,  9.411827e+01
  9.650783e+00,  8.632655e+01
  8.259173e+00,  7.556936e+01
  6.933921e+00,  6.026300e+01
  6.057364e+00,  3.976373e+01
  5.879146e+00,  1.725740e+01
  6.243725e+00,  3.582012e+02
  6.735935e+00,  3.445002e+02
  7.013635e+00,  3.349968e+02
  6.899428e+00,  3.281953e+02
  6.346784e+00,  3.230459e+02
  5.400116e+00,  3.188679e+02
  4.164652e+00,  3.151677e+02
  2.781551e+00,  3.114357e+02
  1.405789e+00,  3.065076e+02
  2.009586e-01,  2.796968e+02
  7.765875e-01,  1.295749e+02
  1.371252e+00,  1.209511e+02
  1.595693e+00,  1.114862e+02
  1.520390e+00,  9.568454e+01
  1.395892e+00,  6.681353e+01
  1.675815e+00,  3.035093e+01
  2.468453e+00,  6.378673e+00
  3.495522e+00,  3.541599e+02
  4.530938e+00,  3.476835e+02
  5.427737e+00,  3.440301e+02
  6.086610e+00,  3.419126e+02
  6.446978e+00,  3.406992e+02
  6.484211e+00,  3.400355e+02
  6.206158e+00,  3.396918e+02
  5.647925e+00,  3.394945e+02
  4.865804e+00,  3.392816e+02
  3.927599e+00,  3.388861e+02
  2.904452e+00,  3.381238e+02
  1.864204e+00,  3.367872e+02
  8.656494e-01,  3.347026e+02
  4.739071e-02,  1.444934e+02
  8.508084e-01,  1.455342e+02
  1.550152e+00,  1.389030e+02
  2.182390e+00,  1.303608e+02
  2.812463e+00,  1.204303e+02
  3.511729e+00,  1.100275e+02
  4.326218e+00,  1.001421e+02
  5.254838e+00,  9.139747e+01
  6.249610e+00,  8.393111e+01
  7.230676e+00,  7.756211e+01
  8.104543e+00,  7.198826e+01
  8.780371e+00,  6.689676e+01
  9.183281e+00,  6.200076e+01
  9.264334e+00,  5.703820e+01
  9.006586e+00,  5.175467e+01
  8.426716e+00,  4.587682e+01
  7.572437e+00,  3.907274e+01
  6.516738e+00,  3.088448e+01
  5.351006e+00,  2.059813e+01
  4.180420e+00,  6.983080e+00
  3.127069e+00,  3.478223e+02
  2.351217e+00,  3.196949e+02
  2.051069e+00,  2.822910e+02
  2.270621e+00,  2.459724e+02
  2.801715e+00,  2.182740e+02
  3.460021e+00,  1.973892e+02
  4.157207e+00,  1.806986e+02
  4.835892e+00,  1.667730e+02
  5.436709e+00,  1.548154e+02
  5.896135e+00,  1.442633e+02
  6.156496e+00,  1.346347e+02
  6.177934e+00,  1.254654e+02
  5.947900e+00,  1.162621e+02
  5.486812e+00,  1.064375e+02
  4.850196e+00,  9.521446e+01
  4.128512e+00,  8.151323e+01
  3.444826e+00,  6.397770e+01
  2.940489e+00,  4.174165e+01
  2.717627e+00,  1.639081e+01
  2.751844e+00,  3.519961e+02
  2.912893e+00,  3.310229e+02
  3.083321e+00,  3.129987e+02
  3.214913e+00,  2.965451e+02
  3.317510e+00,  2.806871e+02
  3.428127e+00,  2.652096e+02
  3.576794e+00,  2.505957e+02
  3.759886e+00,  2.375921e+02
  3.937711e+00,  2.266964e+02
  4.052516e+00,  2.179777e+02
  4.049901e+00,  2.112109e+02
  3.892834e+00,  2.060682e+02
  3.567327e+00,  2.022384e+02
  3.082326e+00,  1.994798e+02
  2.466201e+00,  1.976612e+02
  1.761548e+00,  1.968865e+02
  1.019979e+00,  1.981999e+02
  3.080996e-01,  2.138676e+02
  4.105079e-01,  3.490041e+02
  9.665707e-01,  3.570085e+02
  1.403870e+00,  3.557616e+02
  1.707894e+00,  3.514236e+02
  1.897334e+00,  3.441947e+02
  2.025277e+00,  3.337279e+02
  2.176773e+00,  3.203354e+02
  2.439202e+00,  3.058208e+02
  2.850161e+00,  2.927083e+02
  3.376112e+00,  2.824104e+02
  3.938877e+00,  2.748952e+02
  4.448076e+00,  2.695297e+02
  4.819156e+00,  2.656684e+02
  4.982909e+00,  2.628120e+02
  4.892215e+00,  2.606117e+02
  4.526991e+00,  2.588327e+02
  3.896876e+00,  2.573278e+02
  3.040928e+00,  2.560462e+02
  2.024136e+00,  2.551683e+02
  9.317665e-01,  2.563354e+02
  1.799682e-01,  3.572350e+01
  1.126953e+00,  6.005572e+01
  1.909019e+00,  5.811188e+01
  2.453356e+00,  5.344261e+01
  2.747480e+00,  4.632609e+01
  2.834305e+00,  3.601111e+01
  2.823699e+00,  2.162655e+01
  2.879495e+00,  3.516029e+00
  3.136248e+00,  3.446269e+02
  3.589368e+00,  3.285926e+02
  4.107841e+00,  3.166305e+02
  4.530251e+00,  3.080298e+02
  4.721649e+00,  3.017082e+02
  4.589866e+00,  2.967669e+02
  4.089514e+00,  2.924473e+02
  3.223298e+00,  2.877930e+02
  2.045372e+00,  2.802312e+02
  7.430739e-01,  2.484873e+02
  1.187423e+00,  1.383336e+02
  2.724055e+00,  1.220151e+02
  4.208214e+00,  1.169856e+02
  5.486787e+00,  1.142464e+02
  6.466320e+00,  1.122759e+02
  7.090336e+00,  1.105376e+02
  7.341359e+00,  1.087182e+02
  7.242172e+00,  1.065444e+02
  6.853974e+00,  1.037136e+02
  6.271065e+00,  9.987179e+01
  5.611460e+00,  9.466030e+01
  5.001063e+00,  8.792124e+01
  4.546830e+00,  8.010949e+01
  4.301498e+00,  7.258656e+01
  4.246330e+00,  6.713334e+01
  4.318507e+00,  6.493685e+01
  4.458103e+00,  6.618760e+01
  4.630988e+00,  7.038976e+01
  4.822393e+00,  7.676133e+01
  5.020101e+00,  8.449976e+01
  5.203208e+00,  9.295403e+01
  5.341855e+00,  1.017136e+02
  5.404614e+00,  1.106090e+02
  5.367384e+00,  1.196567e+02
  5.220412e+00,  1.289958e+02
  4.973000e+00,  1.388269e+02
  4.650556e+00,  1.493571e+02
  4.290312e+00,  1.607408e+02
  3.934903e+00,  1.729734e+02
  3.622409e+00,  1.857369e+02
  3.374402e+00,  1.982825e+02
  3.188595e+00,  2.094978e+02
  3.044661e+00,  2.181614e+02
  2.924262e+00,  2.231672e+02
  2.836871e+00,  2.236454e+02
  2.838784e+00,  2.193502e+02
  3.023213e+00,  2.115646e+02
  3.462541e+00,  2.031881e+02
  4.151076e+00,  1.967165e+02
  5.014969e+00,  1.928230e+02
  5.953964e+00,  1.910528e+02
  6.866212e+00,  1.907459e+02
  7.657435e+00,  1.913745e+02
  8.245463e+00,  1.925702e+02
  8.564183e+00,  1.940766e+02
  8.567402e+00,  1.957013e+02
  8.232481e+00,  1.972765e+02
  7.563442e+00,  1.986208e+02
  6.593126e+00,  1.994804e+02
  5.384043e+00,  1.994099e+02
  4.028781e+00,  1.974521e+02
  2.657114e+00,  1.909091e+02
  1.494538e+00,  1.699983e+02
  1.124580e+00,  1.173525e+02
  1.642423e+00,  8.330715e+01
  2.168004e+00,  7.352757e+01
  2.398680e+00,  7.187984e+01
  2.276606e+00,  7.450319e+01
  1.827938e+00,  8.210777e+01
  1.179230e+00,  1.025819e+02
  8.773603e-01,  1.623215e+02
  1.600607e+00,  2.085395e+02
  2.646410e+00,  2.242314e+02
  3.650383e+00,  2.319085e+02
  4.470173e+00,  2.368872e+02
  5.017627e+00,  2.406284e+02
  5.240930e+00,  2.436044e+02
  5.123315e+00,  2.458890e+02
  4.682764e+00,  2.472495e+02
  3.971845e+00,  2.469756e+02
  3.083253e+00,  2.432250e+02
  2.185858e+00,  2.310143e+02
  1.662426e+00,  2.010530e+02
  1.984447e+00,  1.669383e+02
  2.846257e+00,  1.518295e+02
  3.818858e+00,  1.481399e+02
  4.742781e+00,  1.492971e+02
  5.558673e+00,  1.526609e+02
  6.236425e+00,  1.569945e+02
  6.752073e+00,  1.615568e+02
  7.079802e+00,  1.657992e+02
  7.192684e+00,  1.692379e+02
  7.070528e+00,  1.713626e+02
  6.714104e+00,  1.715226e+02
  6.166553e+00,  1.687692e+02
  5.545085e+00,  1.617430e+02
  5.076728e+00,  1.491758e+02
  5.067101e+00,  1.321593e+02
  5.684944e+00,  1.156171e+02
  6.792462e+00,  1.035047e+02
  8.106468e+00,  9.583353e+01
  9.373326e+00,  9.114756e+01
  1.040446e+01,  8.819583e+01
  1.106925e+01,  8.613237e+01
  1.129000e+01,  8.436269e+01
  1.104133e+01,  8.238774e+01
  1.035151e+01,  7.967047e+01
  9.305585e+00,  7.549293e+01
  8.053742e+00,  6.878433e+01
  6.828641e+00,  5.805080e+01
  5.953068e+00,  4.216709e+01
  5.730481e+00,  2.305207e+01
  6.173066e+00,  6.095981e+00
  6.971449e+00,  3.544609e+02
  7.784628e+00,  3.475551e+02
  8.388347e+00,  3.438582e+02
  8.664952e+00,  3.421989e+02
  8.570376e+00,  3.418009e+02
  8.111591e+00,  3.421081e+02
  7.332377e+00,  3.426233e+02
  6.304209e+00,  3.427408e+02
  5.122360e+00,  3.414758e+02
  3.912718e+00,  3.368792e+02
  2.867802e+00,  3.249548e+02
  2.317094e+00,  3.014693e+02
  2.525322e+00,  2.763125e+02
  3.224018e+00,  2.633160e+02
  4.043518e+00,  2.599456e+02
  4.811799e+00,  2.615671e+02
  5.457410e+00,  2.657836e+02
  5.942944e+00,  2.714255e+02
  6.242660e+00,  2.778822e+02
  6.337009e+00,  2.848250e+02
  6.213382e+00,  2.920917e+02
  5.869320e+00,  2.996409e+02
  5.317011e+00,  3.075452e+02
  4.583766e+00,  3.160200e+02
  3.713012e+00,  3.255471e+02
  2.766554e+00,  3.372472e+02
  1.832776e+00,  3.541671e+02
  1.072495e+00,  2.611886e+01
  8.547753e-01,  8.498015e+01
  1.180771e+00,  1.281725e+02
  1.521918e+00,  1.521362e+02
  1.703320e+00,  1.718983e+02
  1.747613e+00,  1.939347e+02
  1.804208e+00,  2.212642e+02
  2.095148e+00,  2.508341e+02
  2.715253e+00,  2.752445e+02
  3.563124e+00,  2.923993e+02
  4.479958e+00,  3.042682e+02
  5.321679e+00,  3.127480e+02
  5.968148e+00,  3.189222e+02
  6.326098e+00,  3.232865e+02
  6.335478e+00,  3.259194e+02
  5.978855e+00,  3.264805e+02
  5.296499e+00,  3.239837e+02
  4.419899e+00,  3.162172e+02
  3.652836e+00,  2.993316e+02
  3.523535e+00,  2.731334e+02
  4.310626e+00,  2.500687e+02
  5.649980e+00,  2.371742e+02
  7.111206e+00,  2.311292e+02
  8.429530e+00,  2.286669e+02
  9.442598e+00,  2.280944e+02
  1.004996e+01,  2.285558e+02
  1.020029e+01,  2.295710e+02
  9.886738e+00,  2.308159e+02
  9.143049e+00,  2.319995e+02
  8.038578e+00,  2.327556e+02
  6.673547e+00,  2.324752e+02
  5.178649e+00,  2.299311e+02
  3.731619e+00,  2.223263e+02
  2.625234e+00,  2.037863e+02
  2.309426e+00,  1.730716e+02
  2.794416e+00,  1.501722e+02
  3.521397e+00,  1.415783e+02
  4.159415e+00,  1.409612e+02
  4.606791e+00,  1.445912e+02
  4.851002e+00,  1.508581e+02
  4.913033e+00,  1.589746e+02
  4.821677e+00,  1.684572e+02
  4.598961e+00,  1.789581e+02
  4.254166e+00,  1.902624e+02
  3.786321e+00,  2.023969e+02
  3.194756e+00,  2.158991e+02
  2.499406e+00,  2.324962e+02
  1.786859e+00,  2.572313e+02
  1.356058e+00,  3.006640e+02
  1.669751e+00,  3.493341e+02
  2.482909e+00,  1.731501e+01
  3.379322e+00,  3.342140e+01
  4.165109e+00,  4.468886e+01
  4.730097e+00,  5.378462e+01
  5.003474e+00,  6.190992e+01
  4.949165e+00,  6.981009e+01
  4.568494e+00,  7.819259e+01
  3.904350e+00,  8.810007e+01
  3.051447e+00,  1.016591e+02
  2.195934e+00,  1.239258e+02
  1.723625e+00,  1.622988e+02
  1.992978e+00,  2.026516e+02
  2.641062e+00,  2.263902e+02
  3.221350e+00,  2.397358e+02
  3.526858e+00,  2.482946e+02
  3.463496e+00,  2.542352e+02
  2.998874e+00,  2.581193e+02
  2.151635e+00,  2.589313e+02
  1.017351e+00,  2.473284e+02
  7.598754e-01,  1.414112e+02
  2.242945e+00,  1.172519e+02
  3.858020e+00,  1.155948e+02
  5.386388e+00,  1.171319e+02
  6.696979e+00,  1.196557e+02
  7.682953e+00,  1.225914e+02
  8.265501e+00,  1.257216e+02
  8.399958e+00,  1.289354e+02
  8.079436e+00,  1.321490e+02
  7.334778e+00,  1.352585e+02
  6.230788e+00,  1.380742e+02
  4.859886e+00,  1.401537e+02
  3.336912e+00,  1.401987e+02
  1.814602e+00,  1.326441e+02
  8.030272e-01,  7.878340e+01
  1.564784e+00,  2.007280e+01
  2.659185e+00,  1.273585e+01
  3.545612e+00,  1.471641e+01
  4.155175e+00,  1.988861e+01
  4.485089e+00,  2.697715e+01
  4.565742e+00,  3.566326e+01
  4.448828e+00,  4.589543e+01
  4.195229e+00,  5.766672e+01
  3.861145e+00,  7.089726e+01
  3.484923e+00,  8.538748e+01
  3.079052e+00,  1.009018e+02
  2.632701e+00,  1.174782e+02
  2.130729e+00,  1.360452e+02
  1.588310e+00,  1.599494e+02
  1.142533e+00,  1.986205e+02
  1.197914e+00,  2.534214e+02
  1.838971e+00,  2.909008e+02
  2.702197e+00,  3.119197e+02
  3.586053e+00,  3.262332e+02
  4.382510e+00,  3.376469e+02
  5.015355e+00,  3.477230e+02
  5.432071e+00,  3.572841e+02
  5.607102e+00,  6.894988e+00
  5.546175e+00,  1.704949e+01
  5.288806e+00,  2.824862e+01
  4.907176e+00,  4.099088e+01
  4.497387e+00,  5.559984e+01
  4.155144e+00,  7.181521e+01
  3.932318e+00,  8.840927e+01
  3.799469e+00,  1.035236e+02
  3.657557e+00,  1.156130e+02
  3.393421e+00,  1.237330e+02
  2.935399e+00,  1.267003e+02
  2.308464e+00,  1.210810e+02
  1.779799e+00,  9.785754e+01
  2.025258e+00,  6.026492e+01
  3.139901e+00,  3.913236e+01
  4.601811e+00,  3.167536e+01
  6.105247e+00,  2.957913e+01
  7.467700e+00,  2.966266e+01
  8.550487e+00,  3.069643e+01
  9.246550e+00,  3.211305e+01
  9.484050e+00,  3.357906e+01
  9.232088e+00,  3.481692e+01
  8.504809e+00,  3.548460e+01
  7.363673e+00,  3.501000e+01
  5.921902e+00,  3.221710e+01
  4.367383e+00,  2.429069e+01
  3.062903e+00,  4.475223e+00
  2.706054e+00,  3.289467e+02
  3.496282e+00,  3.016392e+02
  4.665601e+00,  2.903728e+02
  5.723795e+00,  2.870137e+02
  6.485451e+00,  2.873831e+02
  6.882691e+00,  2.898548e+02
  6.907467e+00,  2.937619e+02
  6.591248e+00,  2.988293e+02
  5.991830e+00,  3.049671e+02
  5.180769e+00,  3.121947e+02
  4.231430e+00,  3.206400e+02
  3.210056e+00,  3.306493e+02
  2.172327e+00,  3.432612e+02
  1.172861e+00,  3.207521e+00
  4.637803e-01,  7.144514e+01
  1.015299e+00,  1.521057e+02
  1.876879e+00,  1.741549e+02
  2.696470e+00,  1.875407e+02
  3.417215e+00,  1.982521e+02
  3.992696e+00,  2.075557e+02
  4.374500e+00,  2.158967e+02
  4.516826e+00,  2.235118e+02
  4.384110e+00,  2.305822e+02
  3.958409e+00,  2.372941e+02
  3.244851e+00,  2.439133e+02
  2.274511e+00,  2.510566e+02
  1.107505e+00,  2.618272e+02
  2.968467e-01,  3.300889e+01
  1.570478e+00,  7.376523e+01
  2.842294e+00,  8.187672e+01
  3.953713e+00,  8.773125e+01
  4.808619e+00,  9.296044e+01
  5.329185e+00,  9.802206e+01
  5.462412e+00,  1.032093e+02
  5.187212e+00,  1.088857e+02
  4.520977e+00,  1.157296e+02
  3.530316e+00,  1.254026e+02
  2.373096e+00,  1.431812e+02
  1.540975e+00,  1.864294e+02
  2.028964e+00,  2.412093e+02
  3.285869e+00,  2.646940e+02
  4.565570e+00,  2.750318e+02
  5.624216e+00,  2.806157e+02
  6.346972e+00,  2.837083e+02
  6.678337e+00,  2.849103e+02
  6.617323e+00,  2.841429e+02
  6.225755e+00,  2.808320e+02
  5.643903e+00,  2.739155e+02
  5.107960e+00,  2.622194e+02
  4.919709e+00,  2.462502e+02
  5.269390e+00,  2.301202e+02
  6.059970e+00,  2.182021e+02
  7.030104e+00,  2.112888e+02
  7.945295e+00,  2.082206e+02
  8.649434e+00,  2.078202e+02
  9.054216e+00,  2.093161e+02
  9.124240e+00,  2.122592e+02
  8.865569e+00,  2.164036e+02
  8.315358e+00,  2.216282e+02
  7.530976e+00,  2.278928e+02
  6.578805e+00,  2.352228e+02
  5.524975e+00,  2.437310e+02
  4.431232e+00,  2.537051e+02
  3.352117e+00,  2.658475e+02
  2.343222e+00,  2.820513e+02
  1.497600e+00,  3.079174e+02
  1.060530e+00,  3.543964e+02
  1.266956e+00,  4.242522e+01
  1.737794e+00,  6.873399e+01
  2.151478e+00,  8.378208e+01
  2.393688e+00,  9.368191e+01
  2.413403e+00,  1.002355e+02
  2.190489e+00,  1.033367e+02
  1.744718e+00,  1.005878e+02
  1.208676e+00,  8.261309e+01
  1.130710e+00,  3.584714e+01
  1.929572e+00,  5.441429e+00
  3.099975e+00,  3.567954e+02
  4.357583e+00,  3.552518e+02
  5.565346e+00,  3.563051e+02
  6.619924e+00,  3.584935e+02
  7.435124e+00,  1.234158e+00
  7.942595e+00,  4.259136e+00
  8.095621e+00,  7.436400e+00
  7.872939e+00,  1.070311e+01
  7.281278e+00,  1.403897e+01
  6.356282e+00,  1.746313e+01
  5.162037e+00,  2.106401e+01
  3.785189e+00,  2.508542e+01
  2.328263e+00,  3.039139e+01
  9.115155e-01,  4.304117e+01
  5.043248e-01,  1.792547e+02
  1.547645e+00,  2.022405e+02
  2.334997e+00,  2.071995e+02
  2.779815e+00,  2.092109e+02
  2.859652e+00,  2.090577e+02
  2.597244e+00,  2.056616e+02
  2.088836e+00,  1.954404e+02
  1.617218e+00,  1.696223e+02
  1.780109e+00,  1.301876e+02
  2.674224e+00,  1.064098e+02
  3.833239e+00,  9.695270e+01
  4.978405e+00,  9.352463e+01
  5.957684e+00,  9.278664e+01
  6.670519e+00,  9.343341e+01
  7.051960e+00,  9.488324e+01
  7.071007e+00,  9.684082e+01
  6.730631e+00,  9.912787e+01
  6.065814e+00,  1.015940e+02
  5.138539e+00,  1.040318e+02
  4.030261e+00,  1.060129e+02
  2.834536e+00,  1.063821e+02
  1.661971e+00,  1.009014e+02
  7.755322e-01,  6.590026e+01
  1.048200e+00,  1.073532e+00
  1.862828e+00,  3.478382e+02
  2.623344e+00,  3.484868e+02
  3.257883e+00,  3.528646e+02
  3.753139e+00,  3.585046e+02
  4.099443e+00,  4.344830e+00
  4.280247e+00,  9.707089e+00
  4.273391e+00,  1.402081e+01
  4.059921e+00,  1.664455e+01
  3.639240e+00,  1.658009e+01
  3.054703e+00,  1.184913e+01
  2.449976e+00,  3.583657e+02
  2.170832e+00,  3.321031e+02
  2.581921e+00,  3.039935e+02
  3.513390e+00,  2.875116e+02
  4.603165e+00,  2.797249e+02
  5.622578e+00,  2.761908e+02
  6.430874e+00,  2.747219e+02
  6.935736e+00,  2.742973e+02
  7.083076e+00,  2.743916e+02
  6.855375e+00,  2.746915e+02
  6.270887e+00,  2.749627e+02
  5.381308e+00,  2.749592e+02
  4.267306e+00,  2.742954e+02
  3.032858e+00,  2.720999e+02
  1.803160e+00,  2.655206e+02
  7.770807e-01,  2.385927e+02
  6.995688e-01,  1.564986e+02
  1.253420e+00,  1.300833e+02
  1.589536e+00,  1.227343e+02
  1.600455e+00,  1.185081e+02
  1.291361e+00,  1.126418e+02
  7.473581e-01,  9.401258e+01
  5.767934e-01,  1.399780e+01
  1.418049e+00,  3.374753e+02
  2.474686e+00,  3.304974e+02
  3.534877e+00,  3.291725e+02
  4.502929e+00,  3.298272e+02
  5.310372e+00,  3.314406e+02
  5.910803e+00,  3.335930e+02
  6.279253e+00,  3.360455e+02
  6.410470e+00,  3.386110e+02
  6.316209e+00,  3.410999e+02
  6.022499e+00,  3.432851e+02
  5.567782e+00,  3.448651e+02
  5.002362e+00,  3.454167e+02
  4.389299e+00,  3.443433e+02
  3.806446e+00,  3.408873e+02
  3.346254e+00,  3.344353e+02
  3.099442e+00,  3.254228e+02
  3.111218e+00,  3.160863e+02
  3.346991e+00,  3.091060e+02
  3.722300e+00,  3.055261e+02
  4.154513e+00,  3.048593e+02
  4.581021e+00,  3.061579e+02
  4.954089e+00,  3.085628e+02
  5.233136e+00,  3.114092e+02
  5.381358e+00,  3.141880e+02
  5.366926e+00,  3.164793e+02
  5.167429e+00,  3.178746e+02
  4.776353e+00,  3.178705e+02
  4.211393e+00,  3.156875e+02
  3.527009e+00,  3.099248e+02
  2.838919e+00,  2.980257e+02
  2.362786e+00,  2.769417e+02
  2.352297e+00,  2.499600e+02
  2.785580e+00,  2.281566e+02
  3.380486e+00,  2.144167e+02
  3.905597e+00,  2.055474e+02
  4.232524e+00,  1.988647e+02
  4.301345e+00,  1.927024e+02
  4.104847e+00,  1.857816e+02
  3.687890e+00,  1.766846e+02
  3.157453e+00,  1.634181e+02
  2.700042e+00,  1.436517e+02
  2.550165e+00,  1.180845e+02
  2.790681e+00,  9.383155e+01
  3.238044e+00,  7.601917e+01
  3.654323e+00,  6.358528e+01
  3.882074e+00,  5.411100e+01
  3.842664e+00,  4.572487e+01
  3.520706e+00,  3.682539e+01
  2.962381e+00,  2.530757e+01
  2.298554e+00,  7.167042e+00
  1.823933e+00,  3.358944e+02
  1.950311e+00,  2.970510e+02
  2.598830e+00,  2.703297e+02
  3.367259e+00,  2.549035e+02
  4.018724e+00,  2.447363e+02
  4.441514e+00,  2.367904e+02
  4.589332e+00,  2.295890e+02
  4.462114e+00,  2.222181e+02
  4.097839e+00,  2.138914e+02
  3.565850e+00,  2.037000e+02
  2.960049e+00,  1.904176e+02
  2.391158e+00,  1.724749e+02
  1.970186e+00,  1.487610e+02
  1.763274e+00,  1.207605e+02
  1.742343e+00,  9.246417e+01
  1.830488e+00,  6.597056e+01
  2.001859e+00,  4.086717e+01
  2.297339e+00,  1.728729e+01
  2.761729e+00,  3.567113e+02
  3.386800e+00,  3.402408e+02
  4.112989e+00,  3.276933e+02
  4.859563e+00,  3.182304e+02
  5.547086e+00,  3.110029e+02
  6.108830e+00,  3.053571e+02
  6.496438e+00,  3.008324e+02
  6.682375e+00,  2.971136e+02
  6.659847e+00,  2.939922e+02
  6.440437e+00,  2.913460e+02
  6.049933e+00,  2.891355e+02
  5.523170e+00,  2.874216e+02
  4.899134e+00,  2.864075e+02
  4.217938e+00,  2.865270e+02
  3.521986e+00,  2.886137e+02
  2.865179e+00,  2.941933e+02
  2.335824e+00,  3.056372e+02
  2.080142e+00,  3.242242e+02
  2.226954e+00,  3.447005e+02
  2.725350e+00,  3.593310e+02
  3.418420e+00,  7.286302e+00
  4.182253e+00,  1.088350e+01
  4.931430e+00,  1.192941e+01
  5.597856e+00,  1.143034e+01
  6.121985e+00,  9.899899e+00
  6.453017e+00,  7.574937e+00
  6.552949e+00,  4.526568e+00
  6.401295e+00,  7.095627e-01
  5.998512e+00,  3.559716e+02
  5.367142e+00,  3.500214e+02
  4.550743e+00,  3.423241e+02
  3.612701e+00,  3.318029e+02
  2.643165e+00,  3.159355e+02
  1.807807e+00,  2.881925e+02
  1.494907e+00,  2.407362e+02
  1.983760e+00,  1.970637e+02
  2.883415e+00,  1.713123e+02
  3.915434e+00,  1.541966e+02
  4.993145e+00,  1.408908e+02
  6.071552e+00,  1.296997e+02
  7.099917e+00,  1.199524e+02
  8.011363e+00,  1.112992e+02
  8.726622e+00,  1.034795e+02
  9.164756e+00,  9.623905e+01
  9.257055e+00,  8.928901e+01
  8.962476e+00,  8.226767e+01
  8.283187e+00,  7.468695e+01
  7.272386e+00,  6.577740e+01
  6.046930e+00,  5.418966e+01
  4.813441e+00,  3.752850e+01
  3.909616e+00,  1.281176e+01
  3.714368e+00,  3.422161e+02
  4.205996e+00,  3.159858e+02
  4.949291e+00,  2.980220e+02
  5.584227e+00,  2.855545e+02
  5.932848e+00,  2.758570e+02
  5.936337e+00,  2.672266e+02
  5.615139e+00,  2.584752e+02
  5.049969e+00,  2.485352e+02
  4.368684e+00,  2.362811e+02
  3.727588e+00,  2.207453e+02
  3.266441e+00,  2.021232e+02
  3.025082e+00,  1.827979e+02
  2.899261e+00,  1.657367e+02
  2.721614e+00,  1.517790e+02
  2.367841e+00,  1.394967e+02
  1.801485e+00,  1.252184e+02
  1.135987e+00,  9.727274e+01
  1.018887e+00,  3.389507e+01
  1.885431e+00,  3.562934e+02
  3.030591e+00,  3.436082e+02
  4.163494e+00,  3.381258e+02
  5.152865e+00,  3.354322e+02
  5.903774e+00,  3.340828e+02
  6.344386e+00,  3.334168e+02
  6.426803e+00,  3.330196e+02
  6.129892e+00,  3.325208e+02
  5.462140e+00,  3.314397e+02
  4.465361e+00,  3.288892e+02
  3.226002e+00,  3.225903e+02
  1.941281e+00,  3.041659e+02
  1.364425e+00,  2.486856e+02
  2.294591e+00,  2.048266e+02
  3.613509e+00,  1.907923e+02
  4.797552e+00,  1.846761e+02
  5.679347e+00,  1.808020e+02
  6.174956e+00,  1.773371e+02
  6.255811e+00,  1.732903e+02
  5.952912e+00,  1.677471e+02
  5.368133e+00,  1.595224e+02
  4.688833e+00,  1.470639e+02
  4.184176e+00,  1.293980e+02
  4.093292e+00,  1.089636e+02
  4.396646e+00,  9.136265e+01
  4.820813e+00,  7.942576e+01
  5.079032e+00,  7.253516e+01
  4.989559e+00,  6.966095e+01
  4.484407e+00,  7.072585e+01
  3.619237e+00,  7.756081e+01
  2.657672e+00,  9.648987e+01
  2.325574e+00,  1.351627e+02
  3.188994e+00,  1.684143e+02
  4.571730e+00,  1.829857e+02
  5.879439e+00,  1.886028e+02
  6.826289e+00,  1.899791e+02
  7.261824e+00,  1.885225e+02
  7.138904e+00,  1.842208e+02
  6.534336e+00,  1.759775e+02
  5.709614e+00,  1.614344e+02
  5.198962e+00,  1.383771e+02
  5.623577e+00,  1.115322e+02
  6.997844e+00,  9.077948e+01
  8.790830e+00,  7.777919e+01
  1.051931e+01,  6.967747e+01
  1.186942e+01,  6.425081e+01
  1.265279e+01,  6.023335e+01
  1.278062e+01,  5.686231e+01
  1.225372e+01,  5.357421e+01
  1.115535e+01,  4.981386e+01
  9.642741e+00,  4.486569e+01
  7.939269e+00,  3.764911e+01
  6.331272e+00,  2.656706e+01
  5.145954e+00,  1.029947e+01
  4.617637e+00,  3.509299e+02
  4.637778e+00,  3.346693e+02
  4.827101e+00,  3.251020e+02
  4.874315e+00,  3.216949e+02
  4.644182e+00,  3.233097e+02
  4.135384e+00,  3.297849e+02
  3.448274e+00,  3.424743e+02
  2.804571e+00,  4.653188e+00
  2.584831e+00,  3.759570e+01
  3.051581e+00,  7.017476e+01
  3.988970e+00,  9.309579e+01
  5.083884e+00,  1.087668e+02
  6.148855e+00,  1.205523e+02
  7.071117e+00,  1.302074e+02
  7.771182e+00,  1.385682e+02
  8.189952e+00,  1.460550e+02
  8.288257e+00,  1.529006e+02
  8.050895e+00,  1.592487e+02
  7.491160e+00,  1.651936e+02
  6.653233e+00,  1.707820e+02
  5.610586e+00,  1.759725e+02
  4.459728e+00,  1.805056e+02
  3.311920e+00,  1.835256e+02
  2.292286e+00,  1.824761e+02
  1.570147e+00,  1.710425e+02
  1.418492e+00,  1.470558e+02
  1.890322e+00,  1.318489e+02
  2.717545e+00,  1.303320e+02
  3.747551e+00,  1.343680e+02
  4.886761e+00,  1.397658e+02
  6.017575e+00,  1.450576e+02
  6.994197e+00,  1.498412e+02
  7.662400e+00,  1.540998e+02
  7.883441e+00,  1.579573e+02
  7.556337e+00,  1.616187e+02
  6.635832e+00,  1.654272e+02
  5.145150e+00,  1.701624e+02
  3.191308e+00,  1.786745e+02
  1.153954e+00,  2.165741e+02
  2.046460e+00,  3.184675e+02
  4.400078e+00,  3.344038e+02
  6.578330e+00,  3.394884e+02
  8.318912e+00,  3.419761e+02
  9.461921e+00,  3.432239e+02
  9.918135e+00,  3.435190e+02
  9.675940e+00,  3.427564e+02
  8.807803e+00,  3.404896e+02
  7.476833e+00,  3.357209e+02
  5.955278e+00,  3.264024e+02
  4.667079e+00,  3.092135e+02
  4.151386e+00,  2.840749e+02
  4.544316e+00,  2.617137e+02
  5.317753e+00,  2.493611e+02
  5.967273e+00,  2.448320e+02
  6.263303e+00,  2.454486e+02
  6.161238e+00,  2.500987e+02
  5.737688e+00,  2.587838e+02
  5.163530e+00,  2.721776e+02
  4.679324e+00,  2.908145e+02
  4.517300e+00,  3.132991e+02
  4.748938e+00,  3.357513e+02
  5.239172e+00,  3.551687e+02
  5.793929e+00,  1.132375e+01
  6.278000e+00,  2.517498e+01
  6.626698e+00,  3.756087e+01
  6.817913e+00,  4.890041e+01
  6.842611e+00,  5.924751e+01
  6.685406e+00,  6.840206e+01
  6.320335e+00,  7.598642e+01
  5.722510e+00,  8.141225e+01
  4.893348e+00,  8.360902e+01
  3.903932e+00,  8.021397e+01
  2.992858e+00,  6.601360e+01
  2.716865e+00,  3.760807e+01
  3.450053e+00,  1.248045e+01
  4.727144e+00,  1.268496e+00
  6.068313e+00,  3.582047e+02
  7.227625e+00,  3.591621e+02
  8.077495e+00,  2.448974e+00
  8.562891e+00,  7.414616e+00
  8.688015e+00,  1.383958e+01
  8.506001e+00,  2.167199e+01
  8.101764e+00,  3.086773e+01
  7.565763e+00,  4.125897e+01
  6.963287e+00,  5.247196e+01
  6.312097e+00,  6.396643e+01
  5.583007e+00,  7.521677e+01
  4.725225e+00,  8.593365e+01
  3.701066e+00,  9.624268e+01
  2.512475e+00,  1.070690e+02
  1.219627e+00,  1.232727e+02
  3.975070e-01,  2.319432e+02
  1.511338e+00,  2.871328e+02
  2.582726e+00,  2.997461e+02
  3.368527e+00,  3.091633e+02
  3.792048e+00,  3.186605e+02
  3.840719e+00,  3.298715e+02
  3.589622e+00,  3.447867e+02
  3.245042e+00,  6.088071e+00
  3.163485e+00,  3.438459e+01
  3.625981e+00,  6.272454e+01
  4.515583e+00,  8.408281e+01
  5.519570e+00,  9.898390e+01
  6.387273e+00,  1.100308e+02
  6.960386e+00,  1.190222e+02
  7.154100e+00,  1.270046e+02
  6.943990e+00,  1.346211e+02
  6.355479e+00,  1.423285e+02
  5.451611e+00,  1.505331e+02
  4.318539e+00,  1.597393e+02
  3.051036e+00,  1.709377e+02
  1.747887e+00,  1.876266e+02
  6.451043e-01,  2.389013e+02
  1.142376e+00,  3.371183e+02
  2.298811e+00,  1.753908e+00
  3.418052e+00,  1.547559e+01
  4.417981e+00,  2.624530e+01
  5.230521e+00,  3.546911e+01
  5.763785e+00,  4.358679e+01
  5.773413e+00,  5.086947e+01
  3.753936e+00,  5.809003e+01
##END=
