##TITLE= E:\桌面\nmr\ogm\sjd\matlabcod\1\3_16_xjhsjd
##JCAMP-DX= 5.00 Bruker JCAMP library
##DATA TYPE= Shape Data
##ORIGIN= Colm's GRAPE Pulses 
##OWNER= Dawei.Lu
##DATE= 02-Aug-2025
##TIME= 11:41
##MINX= 1.095752e-01
##MAXX= 1.093983e+01
##MINY= 6.820212e-02
##MAXY= 3.597470e+02
##$SHAPE_EXMODE= None
##$SHAPE_TOTROT= 9.000000e+01
##$SHAPE_BWFAC= 1.000000e+00
##$SHAPE_INTEGFAC= 1.000000e+00
##$SHAPE_MODE= 1
##PULSE_WIDTH= 5000
##Calibration_Power= 12500
##NPOINTS= 1000
##XYPOINTS= (XY..XY)
  2.195525e-01,  2.891892e+02
  7.602249e-01,  1.900289e+02
  2.109889e+00,  1.715615e+02
  3.998456e+00,  1.661453e+02
  5.854742e+00,  1.662193e+02
  7.549861e+00,  1.678415e+02
  8.984256e+00,  1.698859e+02
  1.006315e+01,  1.718832e+02
  1.070490e+01,  1.735650e+02
  1.085306e+01,  1.747210e+02
  1.048905e+01,  1.751232e+02
  9.643250e+00,  1.744480e+02
  8.403301e+00,  1.721506e+02
  6.921054e+00,  1.672307e+02
  5.423840e+00,  1.578610e+02
  4.230063e+00,  1.415270e+02
  3.676156e+00,  1.188659e+02
  3.769615e+00,  9.842800e+01
  4.095584e+00,  8.645285e+01
  4.279562e+00,  8.205610e+01
  4.172448e+00,  8.358622e+01
  3.804163e+00,  9.094839e+01
  3.351146e+00,  1.053666e+02
  3.101274e+00,  1.270026e+02
  3.262107e+00,  1.504678e+02
  3.713232e+00,  1.690351e+02
  4.154171e+00,  1.819786e+02
  4.345819e+00,  1.914487e+02
  4.159747e+00,  1.994896e+02
  3.566599e+00,  2.080629e+02
  2.637543e+00,  2.206359e+02
  1.632125e+00,  2.485926e+02
  1.453265e+00,  3.095530e+02
  2.470403e+00,  3.464696e+02
  3.677969e+00,  5.850903e-01
  4.666542e+00,  8.010709e+00
  5.274524e+00,  1.301351e+01
  5.428047e+00,  1.701450e+01
  5.119543e+00,  2.068714e+01
  4.400839e+00,  2.453521e+01
  3.374327e+00,  2.925155e+01
  2.182217e+00,  3.658669e+01
  1.014448e+00,  5.507922e+01
  5.240261e-01,  1.442208e+02
  1.162896e+00,  1.900473e+02
  1.622516e+00,  2.025592e+02
  1.701713e+00,  2.113561e+02
  1.393140e+00,  2.223568e+02
  8.037656e-01,  2.484330e+02
  7.092276e-01,  3.349192e+02
  1.698687e+00,  1.323046e+01
  2.901549e+00,  2.625449e+01
  4.091584e+00,  3.463220e+01
  5.164634e+00,  4.175003e+01
  6.055235e+00,  4.856484e+01
  6.729058e+00,  5.540539e+01
  7.175905e+00,  6.233359e+01
  7.398385e+00,  6.924404e+01
  7.399067e+00,  7.590885e+01
  7.171539e+00,  8.201586e+01
  6.700338e+00,  8.719484e+01
  5.971037e+00,  9.099202e+01
  4.987785e+00,  9.270491e+01
  3.796172e+00,  9.080328e+01
  2.526845e+00,  8.072141e+01
  1.580670e+00,  4.767165e+01
  1.801745e+00,  3.572844e+02
  2.741829e+00,  3.345138e+02
  3.586773e+00,  3.253236e+02
  4.055498e+00,  3.198469e+02
  4.038526e+00,  3.145848e+02
  3.527760e+00,  3.067818e+02
  2.664361e+00,  2.907585e+02
  2.018526e+00,  2.527026e+02
  2.687100e+00,  2.066476e+02
  4.322023e+00,  1.854357e+02
  6.136824e+00,  1.765234e+02
  7.768478e+00,  1.721796e+02
  9.001346e+00,  1.699087e+02
  9.695346e+00,  1.687830e+02
  9.780001e+00,  1.684223e+02
  9.256146e+00,  1.686974e+02
  8.193754e+00,  1.696546e+02
  6.723866e+00,  1.715625e+02
  5.026201e+00,  1.751485e+02
  3.318609e+00,  1.824446e+02
  1.874365e+00,  2.000905e+02
  1.143197e+00,  2.434069e+02
  1.269165e+00,  2.835544e+02
  1.387032e+00,  2.950102e+02
  1.143812e+00,  2.870265e+02
  8.732870e-01,  2.416409e+02
  1.597330e+00,  1.917284e+02
  2.975180e+00,  1.764948e+02
  4.515044e+00,  1.711975e+02
  5.974973e+00,  1.689419e+02
  7.172122e+00,  1.679043e+02
  7.968336e+00,  1.674194e+02
  8.278298e+00,  1.671550e+02
  8.076105e+00,  1.668619e+02
  7.396099e+00,  1.662434e+02
  6.327604e+00,  1.647978e+02
  5.006651e+00,  1.614827e+02
  3.621076e+00,  1.537950e+02
  2.461444e+00,  1.356517e+02
  2.014250e+00,  1.021028e+02
  2.424396e+00,  7.451617e+01
  3.104081e+00,  6.389445e+01
  3.679113e+00,  6.261090e+01
  4.045415e+00,  6.625497e+01
  4.198911e+00,  7.316072e+01
  4.175645e+00,  8.274627e+01
  4.032178e+00,  9.491822e+01
  3.842034e+00,  1.098040e+02
  3.697371e+00,  1.273703e+02
  3.696750e+00,  1.467335e+02
  3.901034e+00,  1.658035e+02
  4.286751e+00,  1.823159e+02
  4.753922e+00,  1.951552e+02
  5.174317e+00,  2.042901e+02
  5.431837e+00,  2.100102e+02
  5.446894e+00,  2.124043e+02
  5.197137e+00,  2.110871e+02
  4.744851e+00,  2.049946e+02
  4.275118e+00,  1.925268e+02
  4.100885e+00,  1.735998e+02
  4.473837e+00,  1.532118e+02
  5.304310e+00,  1.373670e+02
  6.274283e+00,  1.268861e+02
  7.085631e+00,  1.200296e+02
  7.526878e+00,  1.152318e+02
  7.468503e+00,  1.114512e+02
  6.857311e+00,  1.079097e+02
  5.714976e+00,  1.037244e+02
  4.141151e+00,  9.705523e+01
  2.357454e+00,  8.074766e+01
  1.294290e+00,  1.648910e+01
  2.557069e+00,  3.217254e+02
  4.242587e+00,  3.080229e+02
  5.615635e+00,  3.023845e+02
  6.480233e+00,  2.991879e+02
  6.749678e+00,  2.970137e+02
  6.413315e+00,  2.953487e+02
  5.529129e+00,  2.939777e+02
  4.213971e+00,  2.928580e+02
  2.628821e+00,  2.922852e+02
  9.625971e-01,  2.954190e+02
  6.306088e-01,  9.293412e+01
  1.919676e+00,  9.811374e+01
  2.818626e+00,  9.519985e+01
  3.257188e+00,  8.939108e+01
  3.263704e+00,  7.957447e+01
  3.012116e+00,  6.278890e+01
  2.903919e+00,  3.651705e+01
  3.409763e+00,  7.810918e+00
  4.523486e+00,  3.474656e+02
  5.888190e+00,  3.352723e+02
  7.195328e+00,  3.277216e+02
  8.236554e+00,  3.225918e+02
  8.879562e+00,  3.186753e+02
  9.057930e+00,  3.152239e+02
  8.768036e+00,  3.116338e+02
  8.066847e+00,  3.072380e+02
  7.070805e+00,  3.011015e+02
  5.960480e+00,  2.917988e+02
  4.992800e+00,  2.775310e+02
  4.476424e+00,  2.580463e+02
  4.581895e+00,  2.379176e+02
  5.141226e+00,  2.227696e+02
  5.833614e+00,  2.133964e+02
  6.416652e+00,  2.080783e+02
  6.751017e+00,  2.052272e+02
  6.765475e+00,  2.038024e+02
  6.433077e+00,  2.031370e+02
  5.759995e+00,  2.027633e+02
  4.780625e+00,  2.022819e+02
  3.555804e+00,  2.011754e+02
  2.173610e+00,  1.981065e+02
  7.616029e-01,  1.830647e+02
  7.511780e-01,  4.689792e+01
  1.955584e+00,  3.121227e+01
  2.937982e+00,  2.581707e+01
  3.610620e+00,  2.088894e+01
  3.951107e+00,  1.470729e+01
  3.998526e+00,  6.106266e+00
  3.867218e+00,  3.538993e+02
  3.747903e+00,  3.374744e+02
  3.844888e+00,  3.184569e+02
  4.228911e+00,  3.007285e+02
  4.775464e+00,  2.869325e+02
  5.276603e+00,  2.771001e+02
  5.548866e+00,  2.702821e+02
  5.468327e+00,  2.656899e+02
  4.975516e+00,  2.630042e+02
  4.075879e+00,  2.626336e+02
  2.848674e+00,  2.669743e+02
  1.544271e+00,  2.886883e+02
  1.372105e+00,  3.583944e+02
  2.732212e+00,  2.785620e+01
  4.245407e+00,  3.339358e+01
  5.555646e+00,  3.290292e+01
  6.535378e+00,  2.965565e+01
  7.138057e+00,  2.436279e+01
  7.386216e+00,  1.703399e+01
  7.370297e+00,  7.447504e+00
  7.237712e+00,  3.554674e+02
  7.156801e+00,  3.414490e+02
  7.249765e+00,  3.265035e+02
  7.528851e+00,  3.121086e+02
  7.896153e+00,  2.992801e+02
  8.205679e+00,  2.882271e+02
  8.327330e+00,  2.786153e+02
  8.180263e+00,  2.699021e+02
  7.741829e+00,  2.614906e+02
  7.044535e+00,  2.527391e+02
  6.167852e+00,  2.429059e+02
  5.227499e+00,  2.310995e+02
  4.360763e+00,  2.164003e+02
  3.697229e+00,  1.985057e+02
  3.299561e+00,  1.788370e+02
  3.107662e+00,  1.602375e+02
  2.974862e+00,  1.445554e+02
  2.766481e+00,  1.315811e+02
  2.412528e+00,  1.198173e+02
  1.912298e+00,  1.066110e+02
  1.346670e+00,  8.591327e+01
  9.896541e-01,  4.444712e+01
  1.265857e+00,  3.578323e+02
  1.932780e+00,  3.351640e+02
  2.651210e+00,  3.245152e+02
  3.292219e+00,  3.185079e+02
  3.795467e+00,  3.145816e+02
  4.127891e+00,  3.116621e+02
  4.273839e+00,  3.091824e+02
  4.231334e+00,  3.067734e+02
  4.009623e+00,  3.041448e+02
  3.626955e+00,  3.010244e+02
  3.108391e+00,  2.971000e+02
  2.483689e+00,  2.919001e+02
  1.785931e+00,  2.843964e+02
  1.055722e+00,  2.709434e+02
  4.261544e-01,  2.244563e+02
  7.031291e-01,  1.325000e+02
  1.439708e+00,  1.085591e+02
  2.215901e+00,  9.596430e+01
  3.001145e+00,  8.588339e+01
  3.788725e+00,  7.678407e+01
  4.568611e+00,  6.829164e+01
  5.321690e+00,  6.030145e+01
  6.019572e+00,  5.276535e+01
  6.627806e+00,  4.563544e+01
  7.111296e+00,  3.885850e+01
  7.440660e+00,  3.239095e+01
  7.594363e+00,  2.621064e+01
  7.560208e+00,  2.032880e+01
  7.335561e+00,  1.480571e+01
  6.926375e+00,  9.772816e+00
  6.346200e+00,  5.470060e+00
  5.616900e+00,  2.320641e+00
  4.773397e+00,  1.096324e+00
  3.877001e+00,  3.287418e+00
  3.048447e+00,  1.173792e+01
  2.527438e+00,  2.984391e+01
  2.604697e+00,  5.310657e+01
  3.237340e+00,  6.908490e+01
  4.119613e+00,  7.587019e+01
  5.033576e+00,  7.705430e+01
  5.867921e+00,  7.508379e+01
  6.567343e+00,  7.118090e+01
  7.108995e+00,  6.596575e+01
  7.491993e+00,  5.979633e+01
  7.729650e+00,  5.293493e+01
  7.841076e+00,  4.563196e+01
  7.842322e+00,  3.816214e+01
  7.739206e+00,  3.082569e+01
  7.524377e+00,  2.392737e+01
  7.180101e+00,  1.775020e+01
  6.686319e+00,  1.254133e+01
  6.029909e+00,  8.551697e+00
  5.213340e+00,  6.124776e+00
  4.262037e+00,  5.900261e+00
  3.233057e+00,  9.355603e+00
  2.239954e+00,  2.042602e+01
  1.548289e+00,  4.830911e+01
  1.592881e+00,  8.855622e+01
  2.194538e+00,  1.119580e+02
  2.870347e+00,  1.218524e+02
  3.424281e+00,  1.261101e+02
  3.793517e+00,  1.277037e+02
  3.966328e+00,  1.276706e+02
  3.960327e+00,  1.263174e+02
  3.814195e+00,  1.236191e+02
  3.581929e+00,  1.194010e+02
  3.326000e+00,  1.135215e+02
  3.106283e+00,  1.061460e+02
  2.963024e+00,  9.801251e+01
  2.900085e+00,  9.034187e+01
  2.882867e+00,  8.429129e+01
  2.855036e+00,  8.050730e+01
  2.760072e+00,  7.920592e+01
  2.556094e+00,  8.057513e+01
  2.226084e+00,  8.532135e+01
  1.794845e+00,  9.568743e+01
  1.376300e+00,  1.173509e+02
  1.267407e+00,  1.545676e+02
  1.684428e+00,  1.873177e+02
  2.385757e+00,  2.049139e+02
  3.125717e+00,  2.144380e+02
  3.768339e+00,  2.203299e+02
  4.225097e+00,  2.244354e+02
  4.435465e+00,  2.275932e+02
  4.365363e+00,  2.302629e+02
  4.009310e+00,  2.327914e+02
  3.392078e+00,  2.356092e+02
  2.569063e+00,  2.396137e+02
  1.629995e+00,  2.477337e+02
  7.615907e-01,  2.762839e+02
  7.596241e-01,  3.561598e+02
  1.462577e+00,  2.095295e+01
  2.076754e+00,  2.537648e+01
  2.480192e+00,  2.370016e+01
  2.673863e+00,  1.783277e+01
  2.733364e+00,  7.637104e+00
  2.803633e+00,  3.532459e+02
  3.044425e+00,  3.369751e+02
  3.516055e+00,  3.227509e+02
  4.140238e+00,  3.127864e+02
  4.781634e+00,  3.069837e+02
  5.319243e+00,  3.045489e+02
  5.673481e+00,  3.048751e+02
  5.814417e+00,  3.076890e+02
  5.763871e+00,  3.129690e+02
  5.591443e+00,  3.207768e+02
  5.398563e+00,  3.309685e+02
  5.283243e+00,  3.428369e+02
  5.291705e+00,  3.550482e+02
  5.390808e+00,  6.184359e+00
  5.489361e+00,  1.538724e+01
  5.486411e+00,  2.243487e+01
  5.308698e+00,  2.741147e+01
  4.927039e+00,  3.038819e+01
  4.359409e+00,  3.121541e+01
  3.668603e+00,  2.934968e+01
  2.958633e+00,  2.370006e+01
  2.367114e+00,  1.296049e+01
  2.024644e+00,  3.579676e+02
  1.945736e+00,  3.445254e+02
  1.997586e+00,  3.386218e+02
  2.059905e+00,  3.418364e+02
  2.142306e+00,  3.536479e+02
  2.374692e+00,  1.155671e+01
  2.885867e+00,  3.017771e+01
  3.673656e+00,  4.536564e+01
  4.631831e+00,  5.670872e+01
  5.632521e+00,  6.531825e+01
  6.562233e+00,  7.221917e+01
  7.331179e+00,  7.807258e+01
  7.876439e+00,  8.325853e+01
  8.162872e+00,  8.796654e+01
  8.181682e+00,  9.224435e+01
  7.946899e+00,  9.601192e+01
  7.491086e+00,  9.904848e+01
  6.862394e+00,  1.009540e+02
  6.125592e+00,  1.010865e+02
  5.369496e+00,  9.851232e+01
  4.719502e+00,  9.217156e+01
  4.336089e+00,  8.180226e+01
  4.350149e+00,  6.951953e+01
  4.750849e+00,  5.905227e+01
  5.386482e+00,  5.239278e+01
  6.074822e+00,  4.925677e+01
  6.667570e+00,  4.867074e+01
  7.057443e+00,  4.982587e+01
  7.172447e+00,  5.221228e+01
  6.972721e+00,  5.556681e+01
  6.449914e+00,  5.983054e+01
  5.627142e+00,  6.517286e+01
  4.559072e+00,  7.216382e+01
  3.334105e+00,  8.240730e+01
  2.102708e+00,  1.012556e+02
  1.282409e+00,  1.471045e+02
  1.655641e+00,  2.047446e+02
  2.605563e+00,  2.302054e+02
  3.508191e+00,  2.432235e+02
  4.202755e+00,  2.521635e+02
  4.631169e+00,  2.592805e+02
  4.769974e+00,  2.652538e+02
  4.616745e+00,  2.701767e+02
  4.187171e+00,  2.737383e+02
  3.518078e+00,  2.750207e+02
  2.683051e+00,  2.715826e+02
  1.859268e+00,  2.563951e+02
  1.544181e+00,  2.191881e+02
  2.155423e+00,  1.872744e+02
  3.173069e+00,  1.757358e+02
  4.190182e+00,  1.729883e+02
  5.028031e+00,  1.737920e+02
  5.579421e+00,  1.763858e+02
  5.775431e+00,  1.801933e+02
  5.583899e+00,  1.851903e+02
  5.014955e+00,  1.918417e+02
  4.132468e+00,  2.014904e+02
  3.090164e+00,  2.177514e+02
  2.262896e+00,  2.490045e+02
  2.337030e+00,  2.931370e+02
  3.278807e+00,  3.223910e+02
  4.421234e+00,  3.374545e+02
  5.405591e+00,  3.462812e+02
  6.066547e+00,  3.521500e+02
  6.323033e+00,  3.562763e+02
  6.152283e+00,  3.590401e+02
  5.583417e+00,  3.013238e-01
  4.696465e+00,  3.592667e+02
  3.632874e+00,  3.537729e+02
  2.650702e+00,  3.385973e+02
  2.241138e+00,  3.088079e+02
  2.727620e+00,  2.815274e+02
  3.667680e+00,  2.697477e+02
  4.647744e+00,  2.672283e+02
  5.506697e+00,  2.692477e+02
  6.191122e+00,  2.737311e+02
  6.688925e+00,  2.796433e+02
  6.999921e+00,  2.863269e+02
  7.119220e+00,  2.932756e+02
  7.030154e+00,  3.000646e+02
  6.706655e+00,  3.063222e+02
  6.122860e+00,  3.116808e+02
  5.266355e+00,  3.156502e+02
  4.154497e+00,  3.172125e+02
  2.860529e+00,  3.133019e+02
  1.639950e+00,  2.910760e+02
  1.538737e+00,  2.319608e+02
  2.757607e+00,  2.044162e+02
  4.158105e+00,  1.981358e+02
  5.383016e+00,  1.975599e+02
  6.284430e+00,  1.990681e+02
  6.771283e+00,  2.015700e+02
  6.793328e+00,  2.046840e+02
  6.341019e+00,  2.083218e+02
  5.445899e+00,  2.126249e+02
  4.179398e+00,  2.181669e+02
  2.654701e+00,  2.271534e+02
  1.100034e+00,  2.551454e+02
  1.150513e+00,  3.597470e+02
  2.630743e+00,  2.537266e+01
  3.983774e+00,  3.375430e+01
  5.005488e+00,  3.865225e+01
  5.598967e+00,  4.198969e+01
  5.710822e+00,  4.407041e+01
  5.331573e+00,  4.453787e+01
  4.506617e+00,  4.213874e+01
  3.375999e+00,  3.316559e+01
  2.363550e+00,  6.725115e+00
  2.534699e+00,  3.214807e+02
  4.000168e+00,  2.964950e+02
  5.844983e+00,  2.876210e+02
  7.636581e+00,  2.845651e+02
  9.160556e+00,  2.838202e+02
  1.027436e+01,  2.840729e+02
  1.088321e+01,  2.847014e+02
  1.093983e+01,  2.853145e+02
  1.044783e+01,  2.855592e+02
  9.464069e+00,  2.849781e+02
  8.100937e+00,  2.828070e+02
  6.535334e+00,  2.775835e+02
  5.041960e+00,  2.664973e+02
  4.056402e+00,  2.461616e+02
  4.018889e+00,  2.210181e+02
  4.771543e+00,  2.035329e+02
  5.769685e+00,  1.956834e+02
  6.668239e+00,  1.938752e+02
  7.326923e+00,  1.956293e+02
  7.709035e+00,  1.996618e+02
  7.827129e+00,  2.052485e+02
  7.712012e+00,  2.118837e+02
  7.392368e+00,  2.191327e+02
  6.883590e+00,  2.265832e+02
  6.186367e+00,  2.338369e+02
  5.295556e+00,  2.404900e+02
  4.213357e+00,  2.460111e+02
  2.963422e+00,  2.492196e+02
  1.615750e+00,  2.451153e+02
  6.194777e-01,  1.853141e+02
  1.561701e+00,  1.225428e+02
  2.829073e+00,  1.171219e+02
  3.904045e+00,  1.186996e+02
  4.659215e+00,  1.222184e+02
  5.011483e+00,  1.267632e+02
  4.914672e+00,  1.323449e+02
  4.368291e+00,  1.396405e+02
  3.436560e+00,  1.507672e+02
  2.325930e+00,  1.729240e+02
  1.775752e+00,  2.234672e+02
  2.716153e+00,  2.696586e+02
  4.308697e+00,  2.889267e+02
  5.913710e+00,  2.984280e+02
  7.278873e+00,  3.041776e+02
  8.253140e+00,  3.079562e+02
  8.740351e+00,  3.103204e+02
  8.697198e+00,  3.113091e+02
  8.139591e+00,  3.105634e+02
  7.154834e+00,  3.071667e+02
  5.930582e+00,  2.991799e+02
  4.823746e+00,  2.832796e+02
  4.403261e+00,  2.584176e+02
  5.006673e+00,  2.343326e+02
  6.241186e+00,  2.193451e+02
  7.560056e+00,  2.114964e+02
  8.622758e+00,  2.075384e+02
  9.238646e+00,  2.055831e+02
  9.307899e+00,  2.045839e+02
  8.799056e+00,  2.038303e+02
  7.741290e+00,  2.026017e+02
  6.224319e+00,  1.996988e+02
  4.419483e+00,  1.920701e+02
  2.728452e+00,  1.692470e+02
  2.389354e+00,  1.169961e+02
  3.849093e+00,  8.502836e+01
  5.699460e+00,  7.504793e+01
  7.375024e+00,  7.214156e+01
  8.683801e+00,  7.197690e+01
  9.537521e+00,  7.311361e+01
  9.906065e+00,  7.491846e+01
  9.805269e+00,  7.700887e+01
  9.288918e+00,  7.904200e+01
  8.440678e+00,  8.057881e+01
  7.368189e+00,  8.092909e+01
  6.205506e+00,  7.892585e+01
  5.131412e+00,  7.271011e+01
  4.403088e+00,  6.042255e+01
  4.307942e+00,  4.384059e+01
  4.906341e+00,  2.978096e+01
  5.958106e+00,  2.190877e+01
  7.186791e+00,  1.896290e+01
  8.395006e+00,  1.894699e+01
  9.440894e+00,  2.053816e+01
  1.021370e+01,  2.298314e+01
  1.062783e+01,  2.586102e+01
  1.062617e+01,  2.893002e+01
  1.018533e+01,  3.203795e+01
  9.318782e+00,  3.506423e+01
  8.076358e+00,  3.786908e+01
  6.540285e+00,  4.021654e+01
  4.819152e+00,  4.157301e+01
  3.043909e+00,  4.029103e+01
  1.395278e+00,  2.771549e+01
  7.487251e-01,  3.027827e+02
  1.738718e+00,  2.652370e+02
  2.574063e+00,  2.604195e+02
  2.989193e+00,  2.604750e+02
  2.929830e+00,  2.618211e+02
  2.391868e+00,  2.632062e+02
  1.411212e+00,  2.626220e+02
  1.936234e-01,  1.930539e+02
  1.624945e+00,  1.028132e+02
  3.427049e+00,  1.021613e+02
  5.258759e+00,  1.039218e+02
  6.976391e+00,  1.062232e+02
  8.444766e+00,  1.086758e+02
  9.546400e+00,  1.111321e+02
  1.019162e+01,  1.135056e+02
  1.032695e+01,  1.157181e+02
  9.940697e+00,  1.176703e+02
  9.065017e+00,  1.192049e+02
  7.774656e+00,  1.200317e+02
  6.183579e+00,  1.195370e+02
  4.444511e+00,  1.161829e+02
  2.774996e+00,  1.051697e+02
  1.642789e+00,  7.087162e+01
  1.837963e+00,  2.182773e+01
  2.659634e+00,  2.381632e+00
  3.295503e+00,  3.571188e+02
  3.543746e+00,  3.570926e+02
  3.371584e+00,  6.820212e-02
  2.818939e+00,  6.129145e+00
  1.988085e+00,  1.809260e+01
  1.126929e+00,  4.993637e+01
  1.117867e+00,  1.208879e+02
  2.063544e+00,  1.555125e+02
  3.102629e+00,  1.701889e+02
  3.996701e+00,  1.801290e+02
  4.663124e+00,  1.888109e+02
  5.072090e+00,  1.974052e+02
  5.230033e+00,  2.064561e+02
  5.169773e+00,  2.162628e+02
  4.938154e+00,  2.269741e+02
  4.581118e+00,  2.386130e+02
  4.130131e+00,  2.511329e+02
  3.596465e+00,  2.645906e+02
  2.979519e+00,  2.795523e+02
  2.294150e+00,  2.980742e+02
  1.639712e+00,  3.263428e+02
  1.374363e+00,  1.337685e+01
  1.862249e+00,  5.667548e+01
  2.750439e+00,  7.983006e+01
  3.690714e+00,  9.285698e+01
  4.515497e+00,  1.011929e+02
  5.120991e+00,  1.067705e+02
  5.439382e+00,  1.102302e+02
  5.440350e+00,  1.115785e+02
  5.141666e+00,  1.102879e+02
  4.628553e+00,  1.051479e+02
  4.088300e+00,  9.422958e+01
  3.836796e+00,  7.668446e+01
  4.172965e+00,  5.723860e+01
  5.072827e+00,  4.294155e+01
  6.268889e+00,  3.503814e+01
  7.514515e+00,  3.156774e+01
  8.643661e+00,  3.079390e+01
  9.548806e+00,  3.165742e+01
  1.016252e+01,  3.352797e+01
  1.044785e+01,  3.599857e+01
  1.039262e+01,  3.876748e+01
  1.000551e+01,  4.156896e+01
  9.313138e+00,  4.412365e+01
  8.358778e+00,  4.608605e+01
  7.203118e+00,  4.696154e+01
  5.928164e+00,  4.594446e+01
  4.646753e+00,  4.159644e+01
  3.522858e+00,  3.141975e+01
  2.789422e+00,  1.293870e+01
  2.624850e+00,  3.502996e+02
  2.862336e+00,  3.336898e+02
  3.146851e+00,  3.254788e+02
  3.249142e+00,  3.231702e+02
  3.078129e+00,  3.251194e+02
  2.632595e+00,  3.314729e+02
  1.995244e+00,  3.452857e+02
  1.420451e+00,  1.624439e+01
  1.484944e+00,  6.503246e+01
  2.241453e+00,  9.631009e+01
  3.176806e+00,  1.122395e+02
  4.039028e+00,  1.225836e+02
  4.720716e+00,  1.309408e+02
  5.174382e+00,  1.387190e+02
  5.392817e+00,  1.465938e+02
  5.399980e+00,  1.549336e+02
  5.240487e+00,  1.639167e+02
  4.965900e+00,  1.735416e+02
  4.619898e+00,  1.836157e+02
  4.227104e+00,  1.937793e+02
  3.790875e+00,  2.035915e+02
  3.301549e+00,  2.126326e+02
  2.750622e+00,  2.205369e+02
  2.143678e+00,  2.268632e+02
  1.507955e+00,  2.305878e+02
  8.985713e-01,  2.279819e+02
  4.461671e-01,  2.012784e+02
  4.766597e-01,  1.467656e+02
  7.444299e-01,  1.354375e+02
  9.585884e-01,  1.439831e+02
  1.144314e+00,  1.618474e+02
  1.420158e+00,  1.838912e+02
  1.874647e+00,  2.038702e+02
  2.487453e+00,  2.189531e+02
  3.168621e+00,  2.299012e+02
  3.812191e+00,  2.381769e+02
  4.319578e+00,  2.448922e+02
  4.610829e+00,  2.508188e+02
  4.633142e+00,  2.565758e+02
  4.368298e+00,  2.628306e+02
  3.840173e+00,  2.705863e+02
  3.127265e+00,  2.817703e+02
  2.396841e+00,  3.003785e+02
  1.972754e+00,  3.311495e+02
  2.166121e+00,  4.745869e+00
  2.768990e+00,  2.608428e+01
  3.404054e+00,  3.737565e+01
  3.867905e+00,  4.329102e+01
  4.074767e+00,  4.603361e+01
  4.007195e+00,  4.639468e+01
  3.698979e+00,  4.440080e+01
  3.227757e+00,  3.949392e+01
  2.709569e+00,  3.062175e+01
  2.285305e+00,  1.697808e+01
  2.067294e+00,  3.566533e-01
  2.044962e+00,  3.460100e+02
  2.092576e+00,  3.380053e+02
  2.095726e+00,  3.371911e+02
  2.031074e+00,  3.436827e+02
  1.979923e+00,  3.576369e+02
  2.090771e+00,  1.672525e+01
  2.447900e+00,  3.498715e+01
  2.982346e+00,  4.853385e+01
  3.554868e+00,  5.764328e+01
  4.039951e+00,  6.373936e+01
  4.346486e+00,  6.789138e+01
  4.418478e+00,  7.070289e+01
  4.233600e+00,  7.243645e+01
  3.801081e+00,  7.306668e+01
  3.158782e+00,  7.217645e+01
  2.371622e+00,  6.845120e+01
  1.543268e+00,  5.755048e+01
  9.173500e-01,  2.388819e+01
  1.033748e+00,  3.301375e+02
  1.628110e+00,  3.073234e+02
  2.210530e+00,  2.995616e+02
  2.650823e+00,  2.964964e+02
  2.912971e+00,  2.951480e+02
  2.993073e+00,  2.943249e+02
  2.905825e+00,  2.933043e+02
  2.679462e+00,  2.914031e+02
  2.354429e+00,  2.876858e+02
  1.984785e+00,  2.807837e+02
  1.643338e+00,  2.688881e+02
  1.419355e+00,  2.510466e+02
  1.371720e+00,  2.304336e+02
  1.455348e+00,  2.128284e+02
  1.554766e+00,  1.999894e+02
  1.570162e+00,  1.901391e+02
  1.443703e+00,  1.806300e+02
  1.164012e+00,  1.674105e+02
  8.157607e-01,  1.395712e+02
  8.029865e-01,  8.395105e+01
  1.407311e+00,  4.782252e+01
  2.273370e+00,  3.297749e+01
  3.205796e+00,  2.501045e+01
  4.102088e+00,  1.955066e+01
  4.882563e+00,  1.511073e+01
  5.482803e+00,  1.104369e+01
  5.856178e+00,  7.001599e+00
  5.976840e+00,  2.755801e+00
  5.840977e+00,  3.581223e+02
  5.465851e+00,  3.529200e+02
  4.886761e+00,  3.469347e+02
  4.152348e+00,  3.398643e+02
  3.319425e+00,  3.312089e+02
  2.448565e+00,  3.199897e+02
  1.602189e+00,  3.035543e+02
  8.823775e-01,  2.715157e+02
  6.822512e-01,  2.004300e+02
  1.185167e+00,  1.522730e+02
  1.846162e+00,  1.295673e+02
  2.515645e+00,  1.138270e+02
  3.160981e+00,  1.008030e+02
  3.757720e+00,  8.925438e+01
  4.277445e+00,  7.864620e+01
  4.690691e+00,  6.863880e+01
  4.972835e+00,  5.895325e+01
  5.109282e+00,  4.933378e+01
  5.098354e+00,  3.953663e+01
  4.951443e+00,  2.932467e+01
  4.690876e+00,  1.846030e+01
  4.346586e+00,  6.693324e+00
  3.952990e+00,  3.537441e+02
  3.547179e+00,  3.392935e+02
  3.168561e+00,  3.230192e+02
  2.858163e+00,  3.047566e+02
  2.653205e+00,  2.848403e+02
  2.573363e+00,  2.643898e+02
  2.606096e+00,  2.449752e+02
  2.708301e+00,  2.277408e+02
  2.825841e+00,  2.129713e+02
  2.909081e+00,  2.003533e+02
  2.920988e+00,  1.893115e+02
  2.840835e+00,  1.791696e+02
  2.666120e+00,  1.691551e+02
  2.414286e+00,  1.583118e+02
  2.125311e+00,  1.453989e+02
  1.864628e+00,  1.290663e+02
  1.715836e+00,  1.090726e+02
  1.737407e+00,  8.820279e+01
  1.906279e+00,  7.060134e+01
  2.137471e+00,  5.772383e+01
  2.344719e+00,  4.863565e+01
  2.464197e+00,  4.195726e+01
  2.453468e+00,  3.654421e+01
  2.288255e+00,  3.142468e+01
  1.962358e+00,  2.546597e+01
  1.492489e+00,  1.647372e+01
  9.441678e-01,  3.572256e+02
  6.209370e-01,  3.019398e+02
  1.044823e+00,  2.485701e+02
  1.754467e+00,  2.291297e+02
  2.458278e+00,  2.185175e+02
  3.065846e+00,  2.099692e+02
  3.534565e+00,  2.013574e+02
  3.857526e+00,  1.916031e+02
  4.070834e+00,  1.800167e+02
  4.254245e+00,  1.663590e+02
  4.509453e+00,  1.511741e+02
  4.909586e+00,  1.358175e+02
  5.450361e+00,  1.217201e+02
  6.047904e+00,  1.095776e+02
  6.576794e+00,  9.929795e+01
  6.910246e+00,  9.038438e+01
  6.946568e+00,  8.220605e+01
  6.625556e+00,  7.404180e+01
  5.940926e+00,  6.492709e+01
  4.956104e+00,  5.321224e+01
  3.843331e+00,  3.549842e+01
  2.994317e+00,  5.781390e+00
  3.021442e+00,  3.265554e+02
  3.931363e+00,  2.969592e+02
  5.122678e+00,  2.791170e+02
  6.201226e+00,  2.670056e+02
  6.985246e+00,  2.572108e+02
  7.405450e+00,  2.480133e+02
  7.474495e+00,  2.383433e+02
  7.278045e+00,  2.273921e+02
  6.963030e+00,  2.146144e+02
  6.704477e+00,  2.000652e+02
  6.636492e+00,  1.847982e+02
  6.774180e+00,  1.705523e+02
  7.005177e+00,  1.586853e+02
  7.161973e+00,  1.496182e+02
  7.099061e+00,  1.431683e+02
  6.731003e+00,  1.390470e+02
  6.040952e+00,  1.371634e+02
  5.077100e+00,  1.378599e+02
  3.948719e+00,  1.423585e+02
  2.837789e+00,  1.538730e+02
  2.053465e+00,  1.784064e+02
  1.956785e+00,  2.119649e+02
  2.366119e+00,  2.342005e+02
  2.799565e+00,  2.438211e+02
  3.029502e+00,  2.462369e+02
  3.012662e+00,  2.434754e+02
  2.817728e+00,  2.351766e+02
  2.621064e+00,  2.200691e+02
  2.677680e+00,  1.996379e+02
  3.134392e+00,  1.807679e+02
  3.890959e+00,  1.681560e+02
  4.756954e+00,  1.610167e+02
  5.579312e+00,  1.573244e+02
  6.250863e+00,  1.556125e+02
  6.696084e+00,  1.549469e+02
  6.862885e+00,  1.546819e+02
  6.720377e+00,  1.542850e+02
  6.261403e+00,  1.531942e+02
  5.509187e+00,  1.506261e+02
  4.530266e+00,  1.451751e+02
  3.465469e+00,  1.338641e+02
  2.612552e+00,  1.110054e+02
  2.458160e+00,  7.671997e+01
  3.054342e+00,  4.966462e+01
  3.864728e+00,  3.481504e+01
  4.498027e+00,  2.620227e+01
  4.761302e+00,  2.006091e+01
  4.566653e+00,  1.432291e+01
  3.907438e+00,  7.044570e+00
  2.879373e+00,  3.542258e+02
  1.845880e+00,  3.224913e+02
  1.961126e+00,  2.640348e+02
  3.341108e+00,  2.334584e+02
  4.936322e+00,  2.209958e+02
  6.325946e+00,  2.139646e+02
  7.304009e+00,  2.087572e+02
  7.748839e+00,  2.039722e+02
  7.613117e+00,  1.987190e+02
  6.931623e+00,  1.920103e+02
  5.836428e+00,  1.822043e+02
  4.596293e+00,  1.661070e+02
  3.702622e+00,  1.392541e+02
  3.727469e+00,  1.059580e+02
  4.537414e+00,  8.103201e+01
  5.482882e+00,  6.601678e+01
  6.129527e+00,  5.627180e+01
  6.276042e+00,  4.875881e+01
  5.863845e+00,  4.157343e+01
  4.947729e+00,  3.272700e+01
  3.714588e+00,  1.835871e+01
  2.627187e+00,  3.491043e+02
  2.624136e+00,  3.037164e+02
  3.757593e+00,  2.745604e+02
  5.111881e+00,  2.614889e+02
  6.215502e+00,  2.551415e+02
  6.871237e+00,  2.519245e+02
  7.000522e+00,  2.505414e+02
  6.606336e+00,  2.505447e+02
  5.759061e+00,  2.519441e+02
  4.584239e+00,  2.552454e+02
  3.251673e+00,  2.620306e+02
  1.983644e+00,  2.774046e+02
  1.169221e+00,  3.167107e+02
  1.267345e+00,  7.357829e+00
  1.653883e+00,  3.036205e+01
  1.783411e+00,  4.063457e+01
  1.543029e+00,  4.634512e+01
  9.483903e-01,  4.892295e+01
  1.095752e-01,  2.103362e+00
  1.018203e+00,  2.477643e+02
  2.175849e+00,  2.490933e+02
  3.319550e+00,  2.525026e+02
  4.363100e+00,  2.565610e+02
  5.242061e+00,  2.609474e+02
  5.912054e+00,  2.654488e+02
  6.343117e+00,  2.698177e+02
  6.512923e+00,  2.737319e+02
  6.403358e+00,  2.767622e+02
  6.004524e+00,  2.782950e+02
  5.329486e+00,  2.773179e+02
  4.446691e+00,  2.718761e+02
  3.554298e+00,  2.580738e+02
  3.109254e+00,  2.320096e+02
  3.594281e+00,  2.033709e+02
  4.783894e+00,  1.855221e+02
  6.162000e+00,  1.762884e+02
  7.390518e+00,  1.713032e+02
  8.261911e+00,  1.683019e+02
  8.647033e+00,  1.661770e+02
  8.484241e+00,  1.642887e+02
  7.780267e+00,  1.621247e+02
  6.610562e+00,  1.590379e+02
  5.118661e+00,  1.537981e+02
  3.526715e+00,  1.432909e+02
  2.216163e+00,  1.187406e+02
  1.864574e+00,  7.443472e+01
  2.397398e+00,  4.491036e+01
  2.907479e+00,  3.456968e+01
  3.019925e+00,  3.370707e+01
  2.701251e+00,  4.093205e+01
  2.182610e+00,  6.168315e+01
  2.149760e+00,  1.003966e+02
  3.112812e+00,  1.315807e+02
  4.577809e+00,  1.462713e+02
  6.065969e+00,  1.532009e+02
  7.302941e+00,  1.566723e+02
  8.113298e+00,  1.582748e+02
  8.396043e+00,  1.585791e+02
  8.124477e+00,  1.576744e+02
  7.348166e+00,  1.552738e+02
  6.193460e+00,  1.505693e+02
  4.868200e+00,  1.417899e+02
  3.683239e+00,  1.256919e+02
  3.044157e+00,  1.005260e+02
  3.115671e+00,  7.558922e+01
  3.500411e+00,  6.092792e+01
  3.760730e+00,  5.560277e+01
  3.716344e+00,  5.726995e+01
  3.395166e+00,  6.601991e+01
  3.020925e+00,  8.396427e+01
  3.000722e+00,  1.104752e+02
  3.589364e+00,  1.356042e+02
  4.573185e+00,  1.525922e+02
  5.613078e+00,  1.633434e+02
  6.474823e+00,  1.706322e+02
  7.022578e+00,  1.760299e+02
  7.193061e+00,  1.802915e+02
  6.980326e+00,  1.837010e+02
  6.423862e+00,  1.861917e+02
  5.598218e+00,  1.872857e+02
  4.608852e+00,  1.858056e+02
  3.607906e+00,  1.792120e+02
  2.854008e+00,  1.633011e+02
  2.728513e+00,  1.387730e+02
  3.328885e+00,  1.190536e+02
  4.308044e+00,  1.095322e+02
  5.354061e+00,  1.062303e+02
  6.282979e+00,  1.059212e+02
  6.968690e+00,  1.069854e+02
  7.314986e+00,  1.086253e+02
  7.254235e+00,  1.104221e+02
  6.755590e+00,  1.121227e+02
  5.832230e+00,  1.135046e+02
  4.544176e+00,  1.142017e+02
  2.996909e+00,  1.131227e+02
  1.351106e+00,  1.038633e+02
  6.167558e-01,  3.551123e+02
  1.957914e+00,  3.218472e+02
  3.121492e+00,  3.188222e+02
  3.880799e+00,  3.194895e+02
  4.166185e+00,  3.217085e+02
  3.969778e+00,  3.253184e+02
  3.344033e+00,  3.310564e+02
  2.407947e+00,  3.415485e+02
  1.411278e+00,  7.477757e+00
  1.141821e+00,  7.170543e+01
  1.956140e+00,  1.121246e+02
  2.880950e+00,  1.281931e+02
  3.579746e+00,  1.384574e+02
  3.968164e+00,  1.476934e+02
  4.056665e+00,  1.577982e+02
  3.928667e+00,  1.699669e+02
  3.721984e+00,  1.848378e+02
  3.579490e+00,  2.017930e+02
  3.562601e+00,  2.185817e+02
  3.600055e+00,  2.327460e+02
  3.542133e+00,  2.431828e+02
  3.251528e+00,  2.497321e+02
  2.656129e+00,  2.517096e+02
  1.787299e+00,  2.446584e+02
  1.024361e+00,  2.038580e+02
  1.645105e+00,  1.442101e+02
  3.049912e+00,  1.288717e+02
  4.510431e+00,  1.253198e+02
  5.801785e+00,  1.250343e+02
  6.784349e+00,  1.260306e+02
  7.363689e+00,  1.276457e+02
  7.489907e+00,  1.295802e+02
  7.157772e+00,  1.316294e+02
  6.403074e+00,  1.335511e+02
  5.295861e+00,  1.349021e+02
  3.934214e+00,  1.345879e+02
  2.453049e+00,  1.288478e+02
  1.185861e+00,  9.726604e+01
  1.466420e+00,  2.707571e+01
  2.746263e+00,  8.612163e+00
  3.885861e+00,  5.781356e+00
  3.440088e+00,  1.008062e+01
##END=
