##TITLE= E:\桌面\nmr\ogm\sjd\matlabcod\1_unitary\3_17_xjhsjd
##JCAMP-DX= 5.00 Bruker JCAMP library
##DATA TYPE= Shape Data
##ORIGIN= Colm's GRAPE Pulses 
##OWNER= Dawei.Lu
##DATE= 02-Aug-2025
##TIME= 13:25
##MINX= 2.310304e-01
##MAXX= 2.688572e+01
##MINY= 2.842779e+00
##MAXY= 3.588496e+02
##$SHAPE_EXMODE= None
##$SHAPE_TOTROT= 9.000000e+01
##$SHAPE_BWFAC= 1.000000e+00
##$SHAPE_INTEGFAC= 1.000000e+00
##$SHAPE_MODE= 1
##PULSE_WIDTH= 2000
##Calibration_Power= 12500
##NPOINTS= 200
##XYPOINTS= (XY..XY)
  2.532764e+00,  1.518876e+02
  1.070597e+01,  2.363412e+02
  2.315244e+01,  2.401617e+02
  2.408531e+01,  2.338757e+02
  2.131364e+01,  2.237332e+02
  1.811238e+01,  2.033734e+02
  1.831951e+01,  1.732933e+02
  2.244142e+01,  1.485988e+02
  2.641906e+01,  1.329788e+02
  2.688572e+01,  1.208653e+02
  2.314962e+01,  1.072864e+02
  1.725910e+01,  8.674521e+01
  1.301763e+01,  5.503533e+01
  1.190472e+01,  2.503384e+01
  1.075280e+01,  1.189819e+01
  8.073782e+00,  1.837816e+01
  6.276815e+00,  4.956262e+01
  6.948271e+00,  7.685098e+01
  6.634611e+00,  7.989814e+01
  4.112065e+00,  5.167864e+01
  5.076610e+00,  3.311750e+02
  1.004449e+01,  3.014993e+02
  1.344131e+01,  2.865318e+02
  1.389736e+01,  2.701625e+02
  1.261528e+01,  2.454195e+02
  1.263178e+01,  2.127124e+02
  1.489232e+01,  1.869705e+02
  1.704741e+01,  1.729871e+02
  1.740308e+01,  1.655515e+02
  1.580075e+01,  1.597167e+02
  1.297270e+01,  1.505036e+02
  1.021931e+01,  1.319217e+02
  9.075881e+00,  1.031682e+02
  9.377477e+00,  7.622213e+01
  9.046448e+00,  5.476999e+01
  6.991995e+00,  2.891746e+01
  5.019925e+00,  3.355466e+02
  7.252403e+00,  2.769351e+02
  1.072558e+01,  2.487784e+02
  1.231136e+01,  2.289003e+02
  1.150710e+01,  2.075946e+02
  9.370528e+00,  1.794934e+02
  7.437824e+00,  1.425869e+02
  6.090439e+00,  1.007179e+02
  4.965884e+00,  5.045739e+01
  5.540373e+00,  3.493736e+02
  8.279418e+00,  3.073733e+02
  1.096117e+01,  2.817338e+02
  1.229241e+01,  2.614351e+02
  1.223064e+01,  2.418629e+02
  1.142527e+01,  2.221043e+02
  1.039317e+01,  2.042055e+02
  9.111335e+00,  1.909312e+02
  7.448074e+00,  1.828722e+02
  5.557149e+00,  1.771357e+02
  3.768702e+00,  1.646425e+02
  2.835533e+00,  1.282574e+02
  3.684281e+00,  8.779671e+01
  4.904409e+00,  6.600700e+01
  5.101760e+00,  4.675493e+01
  4.354568e+00,  1.518396e+01
  4.547615e+00,  3.270532e+02
  6.066591e+00,  2.938534e+02
  6.484081e+00,  2.764953e+02
  4.365154e+00,  2.645208e+02
  2.310304e-01,  1.381249e+02
  5.465975e+00,  7.101295e+01
  9.673842e+00,  5.881874e+01
  1.137769e+01,  4.214602e+01
  1.111070e+01,  1.539841e+01
  1.159705e+01,  3.387137e+02
  1.391489e+01,  3.076490e+02
  1.531819e+01,  2.870785e+02
  1.354863e+01,  2.703960e+02
  8.845094e+00,  2.472576e+02
  5.276268e+00,  1.863544e+02
  8.290695e+00,  1.295309e+02
  1.127528e+01,  1.104013e+02
  1.128154e+01,  9.894182e+01
  8.927349e+00,  8.448951e+01
  6.677175e+00,  5.618991e+01
  7.332898e+00,  2.357294e+01
  9.880535e+00,  1.182980e+01
  1.241710e+01,  1.215128e+01
  1.399719e+01,  1.462516e+01
  1.381405e+01,  1.419538e+01
  1.164557e+01,  6.555422e+00
  8.845960e+00,  3.438851e+02
  8.485322e+00,  3.065824e+02
  1.041241e+01,  2.824372e+02
  1.127538e+01,  2.736087e+02
  9.674515e+00,  2.725920e+02
  6.028616e+00,  2.773499e+02
  1.690937e+00,  3.000462e+02
  2.442371e+00,  8.730024e+01
  4.846682e+00,  1.060549e+02
  5.630863e+00,  1.202699e+02
  4.952371e+00,  1.342707e+02
  3.082823e+00,  1.453017e+02
  6.172559e-01,  9.421570e+01
  3.447221e+00,  1.395334e+01
  6.986392e+00,  1.988822e+01
  9.751601e+00,  2.755992e+01
  1.097948e+01,  3.373418e+01
  1.029120e+01,  3.616540e+01
  7.993277e+00,  2.929791e+01
  5.937069e+00,  3.588496e+02
  7.478937e+00,  3.181734e+02
  1.080223e+01,  3.013008e+02
  1.264799e+01,  2.948978e+02
  1.166771e+01,  2.899934e+02
  8.038728e+00,  2.797451e+02
  4.096821e+00,  2.383115e+02
  5.723665e+00,  1.722636e+02
  8.968073e+00,  1.566600e+02
  1.017753e+01,  1.541756e+02
  9.188741e+00,  1.541701e+02
  6.837869e+00,  1.491231e+02
  4.863645e+00,  1.217432e+02
  6.385084e+00,  8.094434e+01
  1.028245e+01,  6.531628e+01
  1.361538e+01,  5.928656e+01
  1.460531e+01,  5.318337e+01
  1.262399e+01,  4.135162e+01
  9.119939e+00,  1.324793e+01
  8.531516e+00,  3.227119e+02
  1.131438e+01,  2.873865e+02
  1.260252e+01,  2.669164e+02
  1.073899e+01,  2.460007e+02
  7.620342e+00,  2.086625e+02
  7.816091e+00,  1.550784e+02
  1.002034e+01,  1.251004e+02
  9.918840e+00,  1.110423e+02
  6.669822e+00,  1.039147e+02
  1.711643e+00,  1.166065e+02
  3.380626e+00,  2.464669e+02
  6.107127e+00,  2.403274e+02
  6.580405e+00,  2.201629e+02
  6.568839e+00,  1.852380e+02
  8.023599e+00,  1.511955e+02
  9.697625e+00,  1.316308e+02
  9.835419e+00,  1.213162e+02
  8.150367e+00,  1.154217e+02
  5.446100e+00,  1.105648e+02
  2.855886e+00,  9.828705e+01
  1.650661e+00,  4.923790e+01
  2.515325e+00,  5.607839e+00
  3.626726e+00,  3.455602e+02
  4.538467e+00,  3.206338e+02
  6.033444e+00,  2.888642e+02
  8.671889e+00,  2.615584e+02
  1.159582e+01,  2.411112e+02
  1.356202e+01,  2.233613e+02
  1.393645e+01,  2.048859e+02
  1.292872e+01,  1.838197e+02
  1.109878e+01,  1.602909e+02
  8.544545e+00,  1.359317e+02
  4.912248e+00,  1.088075e+02
  1.496002e+00,  1.048955e+01
  5.706653e+00,  2.888351e+02
  9.980324e+00,  2.664604e+02
  1.247659e+01,  2.465578e+02
  1.330176e+01,  2.240082e+02
  1.351624e+01,  1.987194e+02
  1.374922e+01,  1.749347e+02
  1.331439e+01,  1.562934e+02
  1.132622e+01,  1.421325e+02
  7.864490e+00,  1.282482e+02
  4.197729e+00,  1.002605e+02
  3.611988e+00,  3.489641e+01
  6.034193e+00,  5.901643e+00
  8.098813e+00,  3.565766e+02
  9.044172e+00,  3.463497e+02
  9.230887e+00,  3.263207e+02
  1.048237e+01,  2.960964e+02
  1.392955e+01,  2.700622e+02
  1.765081e+01,  2.535541e+02
  1.916087e+01,  2.420920e+02
  1.733212e+01,  2.317307e+02
  1.289230e+01,  2.188488e+02
  8.143357e+00,  1.978161e+02
  5.616362e+00,  1.686979e+02
  5.189817e+00,  1.610609e+02
  6.675999e+00,  1.815175e+02
  1.050623e+01,  1.944435e+02
  1.404670e+01,  1.939419e+02
  1.492624e+01,  1.835830e+02
  1.332035e+01,  1.593475e+02
  1.335853e+01,  1.180504e+02
  1.779373e+01,  8.314639e+01
  2.239943e+01,  6.258343e+01
  2.360448e+01,  4.701042e+01
  2.120239e+01,  2.915263e+01
  1.815658e+01,  2.842779e+00
  1.858700e+01,  3.319156e+02
  2.223049e+01,  3.110002e+02
  2.565531e+01,  3.002126e+02
  2.619727e+01,  2.933060e+02
  1.782521e+01,  2.877949e+02
  2.211194e+00,  7.593949e+01
##END=
