##TITLE= E:\桌面\nmr\ogm\sjd\matlabcod\1_unitary\3_18_xjhsjd
##JCAMP-DX= 5.00 Bruker JCAMP library
##DATA TYPE= Shape Data
##ORIGIN= Colm's GRAPE Pulses 
##OWNER= Dawei.Lu
##DATE= 02-Aug-2025
##TIME= 13:25
##MINX= 5.773582e-01
##MAXX= 2.131187e+01
##MINY= 1.803716e+00
##MAXY= 3.599779e+02
##$SHAPE_EXMODE= None
##$SHAPE_TOTROT= 9.000000e+01
##$SHAPE_BWFAC= 1.000000e+00
##$SHAPE_INTEGFAC= 1.000000e+00
##$SHAPE_MODE= 1
##PULSE_WIDTH= 2000
##Calibration_Power= 12500
##NPOINTS= 200
##XYPOINTS= (XY..XY)
  4.194377e+00,  3.092781e+02
  9.241953e-01,  1.450106e+02
  7.727260e+00,  1.229301e+02
  8.648959e+00,  1.056872e+02
  6.819019e+00,  7.034142e+01
  7.971201e+00,  1.069325e+01
  1.310728e+01,  3.392508e+02
  1.717275e+01,  3.253881e+02
  1.803684e+01,  3.166825e+02
  1.589976e+01,  3.086839e+02
  1.250653e+01,  2.978456e+02
  1.013218e+01,  2.815679e+02
  9.996117e+00,  2.657572e+02
  1.112188e+01,  2.587785e+02
  1.175779e+01,  2.593944e+02
  1.080397e+01,  2.660142e+02
  8.627480e+00,  2.825137e+02
  7.508784e+00,  3.124691e+02
  8.604851e+00,  3.342117e+02
  9.619104e+00,  3.341734e+02
  9.765483e+00,  3.161517e+02
  1.048030e+01,  2.877041e+02
  1.179084e+01,  2.628047e+02
  1.133382e+01,  2.445681e+02
  7.437151e+00,  2.262892e+02
  2.053804e+00,  1.385671e+02
  8.899421e+00,  5.456726e+01
  1.599092e+01,  3.673688e+01
  1.988208e+01,  2.027378e+01
  2.041591e+01,  3.599779e+02
  1.938566e+01,  3.343416e+02
  1.857630e+01,  3.068738e+02
  1.744116e+01,  2.833814e+02
  1.435774e+01,  2.647671e+02
  9.123921e+00,  2.467864e+02
  3.600193e+00,  2.084239e+02
  3.857779e+00,  1.121830e+02
  6.563086e+00,  8.970196e+01
  7.722410e+00,  8.516430e+01
  8.159985e+00,  8.380834e+01
  8.924024e+00,  7.771969e+01
  1.059327e+01,  6.401074e+01
  1.316728e+01,  4.713313e+01
  1.559913e+01,  3.106607e+01
  1.624717e+01,  1.572027e+01
  1.405546e+01,  3.587936e+02
  9.385851e+00,  3.349150e+02
  4.609863e+00,  2.810863e+02
  5.688679e+00,  1.897085e+02
  9.851903e+00,  1.439469e+02
  1.397519e+01,  1.101524e+02
  1.796158e+01,  8.111630e+01
  2.086460e+01,  5.616642e+01
  2.131187e+01,  3.321435e+01
  1.890051e+01,  8.886449e+00
  1.486184e+01,  3.385358e+02
  1.153117e+01,  2.981368e+02
  1.013583e+01,  2.526382e+02
  9.499539e+00,  2.088245e+02
  9.219913e+00,  1.634023e+02
  1.016284e+01,  1.202740e+02
  1.136037e+01,  8.732707e+01
  1.093010e+01,  6.088848e+01
  8.518094e+00,  3.170410e+01
  6.150026e+00,  3.451815e+02
  6.774753e+00,  2.922652e+02
  8.337128e+00,  2.626494e+02
  8.393480e+00,  2.451015e+02
  7.053129e+00,  2.304229e+02
  5.645697e+00,  2.144502e+02
  5.460745e+00,  2.000446e+02
  6.777851e+00,  1.934432e+02
  8.918071e+00,  1.907748e+02
  1.056883e+01,  1.871122e+02
  1.040082e+01,  1.804575e+02
  7.928960e+00,  1.679201e+02
  4.202203e+00,  1.358501e+02
  3.395041e+00,  5.052630e+01
  5.629566e+00,  1.803716e+00
  7.069829e+00,  3.250243e+02
  9.205170e+00,  2.851059e+02
  1.322675e+01,  2.554695e+02
  1.726107e+01,  2.378107e+02
  1.919722e+01,  2.265842e+02
  1.833415e+01,  2.182590e+02
  1.547863e+01,  2.105496e+02
  1.232285e+01,  2.013767e+02
  1.052014e+01,  1.901689e+02
  1.075987e+01,  1.808139e+02
  1.245895e+01,  1.764454e+02
  1.438094e+01,  1.750226e+02
  1.526714e+01,  1.737541e+02
  1.435858e+01,  1.704622e+02
  1.181192e+01,  1.621245e+02
  8.895562e+00,  1.433536e+02
  7.554283e+00,  1.131689e+02
  7.786079e+00,  8.867549e+01
  7.329962e+00,  7.671425e+01
  4.956389e+00,  7.221491e+01
  9.232461e-01,  7.926078e+01
  3.710817e+00,  2.450914e+02
  7.559940e+00,  2.466993e+02
  9.693881e+00,  2.468449e+02
  9.912527e+00,  2.445886e+02
  8.899496e+00,  2.366265e+02
  8.183936e+00,  2.195403e+02
  9.317188e+00,  2.003719e+02
  1.210956e+01,  1.902112e+02
  1.534655e+01,  1.871124e+02
  1.797821e+01,  1.857850e+02
  1.919462e+01,  1.823948e+02
  1.868419e+01,  1.738347e+02
  1.720590e+01,  1.573804e+02
  1.647995e+01,  1.338612e+02
  1.703544e+01,  1.109831e+02
  1.698245e+01,  9.405439e+01
  1.442764e+01,  8.158929e+01
  9.235991e+00,  6.943500e+01
  3.137449e+00,  3.912081e+01
  3.571331e+00,  2.793400e+02
  6.484860e+00,  2.588108e+02
  6.768281e+00,  2.489148e+02
  5.296329e+00,  2.352392e+02
  4.146044e+00,  2.083905e+02
  5.041148e+00,  1.845283e+02
  7.395838e+00,  1.801211e+02
  1.026847e+01,  1.817505e+02
  1.255866e+01,  1.813665e+02
  1.315778e+01,  1.762410e+02
  1.185722e+01,  1.638432e+02
  9.912591e+00,  1.408456e+02
  9.112003e+00,  1.113972e+02
  8.974642e+00,  9.039697e+01
  7.702318e+00,  8.473972e+01
  5.745345e+00,  1.028603e+02
  6.544668e+00,  1.378699e+02
  9.468954e+00,  1.456590e+02
  1.167577e+01,  1.325776e+02
  1.343160e+01,  1.069229e+02
  1.622618e+01,  7.762189e+01
  1.949482e+01,  5.271762e+01
  2.099243e+01,  3.185054e+01
  1.935173e+01,  1.101347e+01
  1.524630e+01,  3.449638e+02
  1.116007e+01,  3.072854e+02
  9.285257e+00,  2.598833e+02
  8.572449e+00,  2.135433e+02
  8.225884e+00,  1.627680e+02
  1.024673e+01,  1.127087e+02
  1.388105e+01,  7.959920e+01
  1.630645e+01,  5.774640e+01
  1.621136e+01,  4.006451e+01
  1.404439e+01,  2.290226e+01
  1.123529e+01,  5.069466e+00
  9.011812e+00,  3.494172e+02
  7.705917e+00,  3.421147e+02
  7.235422e+00,  3.441174e+02
  7.163468e+00,  3.474624e+02
  6.475926e+00,  3.453006e+02
  4.550633e+00,  3.343432e+02
  1.934433e+00,  2.996927e+02
  1.659264e+00,  1.799629e+02
  3.632260e+00,  1.224680e+02
  6.514798e+00,  8.023678e+01
  1.080103e+01,  4.994499e+01
  1.515265e+01,  2.747901e+01
  1.783101e+01,  6.911093e+00
  1.820144e+01,  3.438943e+02
  1.731585e+01,  3.158544e+02
  1.676727e+01,  2.850549e+02
  1.627921e+01,  2.576353e+02
  1.405683e+01,  2.351917e+02
  9.349867e+00,  2.134820e+02
  3.584304e+00,  1.721190e+02
  3.899449e+00,  5.421569e+01
  7.103942e+00,  1.634691e+01
  8.407445e+00,  3.442571e+02
  9.785857e+00,  3.066027e+02
  1.272529e+01,  2.761631e+02
  1.550346e+01,  2.578254e+02
  1.617646e+01,  2.465978e+02
  1.432365e+01,  2.379950e+02
  1.089096e+01,  2.274222e+02
  7.648521e+00,  2.074361e+02
  6.518396e+00,  1.761308e+02
  7.103754e+00,  1.534198e+02
  6.928039e+00,  1.429103e+02
  4.504605e+00,  1.358107e+02
  5.773582e-01,  1.333427e+01
  6.369338e+00,  3.184533e+02
  1.155816e+01,  3.107679e+02
  1.400823e+01,  3.010495e+02
  1.317706e+01,  2.844726e+02
  1.106229e+01,  2.538733e+02
  1.134811e+01,  2.140735e+02
  1.320192e+01,  1.873685e+02
  1.285737e+01,  1.736955e+02
  9.150109e+00,  1.681801e+02
  2.870952e+00,  1.767430e+02
  7.710284e+00,  3.319851e+02
##END=
