##TITLE= E:\桌面\nmr\ogm\sjd\matlabcod\1_unitary\3_19_xjhsjd
##JCAMP-DX= 5.00 Bruker JCAMP library
##DATA TYPE= Shape Data
##ORIGIN= Colm's GRAPE Pulses 
##OWNER= Dawei.Lu
##DATE= 02-Aug-2025
##TIME= 13:25
##MINX= 6.537569e-01
##MAXX= 2.484091e+01
##MINY= 4.358354e-01
##MAXY= 3.582487e+02
##$SHAPE_EXMODE= None
##$SHAPE_TOTROT= 9.000000e+01
##$SHAPE_BWFAC= 1.000000e+00
##$SHAPE_INTEGFAC= 1.000000e+00
##$SHAPE_MODE= 1
##PULSE_WIDTH= 2000
##Calibration_Power= 12500
##NPOINTS= 200
##XYPOINTS= (XY..XY)
  3.326153e+00,  2.962420e+02
  1.121316e+01,  2.431218e+02
  1.877461e+01,  2.233181e+02
  1.517931e+01,  1.908168e+02
  1.339922e+01,  1.433797e+02
  1.509470e+01,  1.061469e+02
  1.458287e+01,  8.387513e+01
  9.840004e+00,  6.336289e+01
  4.104846e+00,  4.819889e+00
  7.610414e+00,  2.841976e+02
  1.196833e+01,  2.675314e+02
  1.292797e+01,  2.608806e+02
  1.107086e+01,  2.544044e+02
  8.308739e+00,  2.387884e+02
  7.511842e+00,  2.059310e+02
  9.920197e+00,  1.789650e+02
  1.263103e+01,  1.662945e+02
  1.302165e+01,  1.582735e+02
  1.015542e+01,  1.490220e+02
  5.053907e+00,  1.277129e+02
  2.907564e+00,  3.110176e+01
  5.834860e+00,  3.472185e+02
  6.205106e+00,  3.287237e+02
  3.984000e+00,  2.976721e+02
  3.539310e+00,  2.193257e+02
  6.139079e+00,  1.816063e+02
  6.963634e+00,  1.673014e+02
  5.039953e+00,  1.569186e+02
  1.402903e+00,  1.350380e+02
  2.344587e+00,  3.395254e+02
  4.185367e+00,  3.244452e+02
  3.740337e+00,  3.071663e+02
  2.285534e+00,  2.597048e+02
  3.302223e+00,  1.936349e+02
  5.112612e+00,  1.735838e+02
  5.940844e+00,  1.672647e+02
  6.046174e+00,  1.632935e+02
  6.208113e+00,  1.534647e+02
  7.273956e+00,  1.338466e+02
  9.794591e+00,  1.114796e+02
  1.314037e+01,  9.184380e+01
  1.593808e+01,  7.327586e+01
  1.720754e+01,  5.269843e+01
  1.703059e+01,  2.778175e+01
  1.627647e+01,  3.582487e+02
  1.536173e+01,  3.262438e+02
  1.381505e+01,  2.921654e+02
  1.187302e+01,  2.512563e+02
  1.160563e+01,  2.020565e+02
  1.368579e+01,  1.588355e+02
  1.561614e+01,  1.258765e+02
  1.580914e+01,  9.648384e+01
  1.472040e+01,  6.627701e+01
  1.335499e+01,  3.617647e+01
  1.152749e+01,  1.056179e+01
  8.379454e+00,  3.516001e+02
  4.021750e+00,  3.403660e+02
  6.549879e-01,  8.293944e+01
  3.192770e+00,  1.179923e+02
  3.627588e+00,  1.040607e+02
  2.422559e+00,  6.612295e+01
  2.720607e+00,  3.513771e+02
  4.241142e+00,  3.162744e+02
  4.333495e+00,  2.924092e+02
  3.287057e+00,  2.500162e+02
  4.300412e+00,  1.898950e+02
  6.844450e+00,  1.655826e+02
  8.269793e+00,  1.593931e+02
  8.049190e+00,  1.627288e+02
  7.050666e+00,  1.733024e+02
  6.238320e+00,  1.834657e+02
  5.640605e+00,  1.797621e+02
  5.761626e+00,  1.562315e+02
  7.634637e+00,  1.311360e+02
  1.010993e+01,  1.178359e+02
  1.139946e+01,  1.110683e+02
  1.057656e+01,  1.051758e+02
  7.729827e+00,  9.302323e+01
  4.711882e+00,  5.203975e+01
  6.457756e+00,  3.505765e+02
  1.041122e+01,  3.259633e+02
  1.283956e+01,  3.095638e+02
  1.330121e+01,  2.879419e+02
  1.391748e+01,  2.559755e+02
  1.731533e+01,  2.235105e+02
  2.207563e+01,  2.005308e+02
  2.484091e+01,  1.834876e+02
  2.376414e+01,  1.669458e+02
  1.949295e+01,  1.458084e+02
  1.498341e+01,  1.150683e+02
  1.288738e+01,  7.946159e+01
  1.136264e+01,  5.366297e+01
  7.465287e+00,  4.143254e+01
  2.041766e+00,  8.000386e+01
  5.932136e+00,  1.657729e+02
  9.740714e+00,  1.619202e+02
  9.802818e+00,  1.470182e+02
  7.438050e+00,  1.150446e+02
  7.086688e+00,  6.206048e+01
  8.915894e+00,  2.804863e+01
  8.517932e+00,  1.264973e+01
  4.814585e+00,  9.303211e+00
  1.685371e+00,  1.078050e+02
  5.639900e+00,  1.395072e+02
  6.729609e+00,  1.293945e+02
  4.441577e+00,  9.534297e+01
  5.013371e+00,  7.736879e+00
  9.769208e+00,  3.296561e+02
  1.233503e+01,  3.062558e+02
  1.182868e+01,  2.753872e+02
  1.213300e+01,  2.283750e+02
  1.680330e+01,  1.882233e+02
  2.200531e+01,  1.641670e+02
  2.397145e+01,  1.460740e+02
  2.209043e+01,  1.269703e+02
  1.856541e+01,  1.016400e+02
  1.668979e+01,  7.057712e+01
  1.677325e+01,  4.474326e+01
  1.605047e+01,  2.903897e+01
  1.299578e+01,  2.025384e+01
  8.184097e+00,  1.498313e+01
  3.237107e+00,  8.389325e+00
  6.953736e-01,  2.545572e+02
  2.018619e+00,  2.248298e+02
  1.875721e+00,  2.458428e+02
  1.645183e+00,  3.015123e+02
  2.416243e+00,  3.466450e+02
  2.921472e+00,  8.222437e+00
  2.327070e+00,  2.375790e+01
  6.537569e-01,  7.399967e+01
  2.465282e+00,  1.878370e+02
  5.098902e+00,  1.941638e+02
  6.589571e+00,  1.910261e+02
  6.408184e+00,  1.795280e+02
  5.284485e+00,  1.532708e+02
  5.216702e+00,  1.128212e+02
  6.396629e+00,  8.424548e+01
  6.908648e+00,  7.049387e+01
  6.000724e+00,  6.473645e+01
  4.248353e+00,  6.522361e+01
  2.841451e+00,  6.966043e+01
  2.629046e+00,  5.909677e+01
  4.153194e+00,  3.252777e+01
  7.150183e+00,  1.227189e+01
  1.021679e+01,  3.546233e+02
  1.210821e+01,  3.338793e+02
  1.274234e+01,  3.064892e+02
  1.327229e+01,  2.726894e+02
  1.430625e+01,  2.381288e+02
  1.483420e+01,  2.054524e+02
  1.420024e+01,  1.707408e+02
  1.361707e+01,  1.301846e+02
  1.457624e+01,  8.892819e+01
  1.619198e+01,  5.399085e+01
  1.689763e+01,  2.352456e+01
  1.656895e+01,  3.539445e+02
  1.587635e+01,  3.252366e+02
  1.477217e+01,  3.002752e+02
  1.249267e+01,  2.807463e+02
  8.829323e+00,  2.664169e+02
  4.657544e+00,  2.583054e+02
  1.533318e+00,  2.742973e+02
  1.319725e+00,  3.313937e+02
  1.936687e+00,  3.112796e+02
  2.841218e+00,  2.827888e+02
  3.419822e+00,  2.726140e+02
  3.058591e+00,  2.841775e+02
  3.048261e+00,  3.237337e+02
  4.378703e+00,  3.514286e+02
  5.033813e+00,  4.358354e-01
  3.866967e+00,  5.442251e+00
  1.502619e+00,  2.975851e+01
  1.778986e+00,  1.252196e+02
  2.748104e+00,  1.210232e+02
  3.128744e+00,  7.169421e+01
  6.232004e+00,  2.650085e+01
  1.063621e+01,  8.448654e+00
  1.358179e+01,  3.580922e+02
  1.346682e+01,  3.485186e+02
  1.032284e+01,  3.343727e+02
  6.288938e+00,  3.019918e+02
  5.683544e+00,  2.445502e+02
  7.130903e+00,  2.140717e+02
  6.445132e+00,  1.998269e+02
  3.363998e+00,  1.782696e+02
  2.874128e+00,  7.542477e+01
  7.282817e+00,  5.097328e+01
  1.088599e+01,  4.826983e+01
  1.250896e+01,  4.666749e+01
  1.163715e+01,  3.948674e+01
  9.030689e+00,  1.614975e+01
  8.719039e+00,  3.278109e+02
  1.243234e+01,  2.916577e+02
  1.500088e+01,  2.712250e+02
  1.344147e+01,  2.509656e+02
  9.107800e+00,  2.122916e+02
  9.684083e+00,  1.452201e+02
  1.458038e+01,  1.089260e+02
  1.526218e+01,  8.665293e+01
  7.599082e+00,  4.730553e+01
##END=
