##TITLE= E:\桌面\nmr\ogm\sjd\matlabcod\1_unitary\3_1_xjhsjd
##JCAMP-DX= 5.00 Bruker JCAMP library
##DATA TYPE= Shape Data
##ORIGIN= Colm's GRAPE Pulses 
##OWNER= Dawei.Lu
##DATE= 02-Aug-2025
##TIME= 13:30
##MINX= 1.483097e+00
##MAXX= 1.861212e+01
##MINY= 4.001378e-01
##MAXY= 3.599266e+02
##$SHAPE_EXMODE= None
##$SHAPE_TOTROT= 9.000000e+01
##$SHAPE_BWFAC= 1.000000e+00
##$SHAPE_INTEGFAC= 1.000000e+00
##$SHAPE_MODE= 1
##PULSE_WIDTH= 2000
##Calibration_Power= 12500
##NPOINTS= 200
##XYPOINTS= (XY..XY)
  4.526000e+00,  1.146103e+02
  7.639707e+00,  8.240526e+01
  1.283552e+01,  4.999211e+01
  1.629802e+01,  2.107529e+01
  1.675970e+01,  3.587374e+02
  1.390120e+01,  3.348283e+02
  9.938972e+00,  2.995173e+02
  8.314485e+00,  2.501267e+02
  8.546072e+00,  2.088219e+02
  7.706584e+00,  1.741420e+02
  6.522965e+00,  1.286829e+02
  7.701382e+00,  8.258661e+01
  9.690336e+00,  5.912258e+01
  1.013581e+01,  5.118155e+01
  9.119711e+00,  5.393996e+01
  8.133746e+00,  6.345372e+01
  7.983502e+00,  6.769387e+01
  8.320163e+00,  5.740350e+01
  9.317202e+00,  3.727244e+01
  1.074892e+01,  1.905741e+01
  1.118529e+01,  7.983665e+00
  9.653566e+00,  4.987186e+00
  6.915577e+00,  1.517325e+01
  5.649505e+00,  4.389259e+01
  6.811221e+00,  5.878638e+01
  8.306988e+00,  4.678109e+01
  1.034829e+01,  2.106963e+01
  1.337970e+01,  3.559347e+02
  1.588771e+01,  3.354505e+02
  1.618109e+01,  3.158347e+02
  1.418178e+01,  2.912544e+02
  1.202661e+01,  2.556534e+02
  1.225857e+01,  2.153641e+02
  1.361090e+01,  1.846137e+02
  1.350130e+01,  1.605951e+02
  1.163678e+01,  1.348836e+02
  9.884906e+00,  1.011100e+02
  1.008351e+01,  6.652244e+01
  1.115165e+01,  4.391993e+01
  1.137590e+01,  3.109668e+01
  1.047924e+01,  2.181237e+01
  9.134794e+00,  9.840849e+00
  8.475009e+00,  3.502214e+02
  9.498522e+00,  3.275720e+02
  1.174471e+01,  3.109979e+02
  1.374317e+01,  3.002454e+02
  1.438768e+01,  2.917919e+02
  1.346852e+01,  2.827111e+02
  1.170833e+01,  2.702815e+02
  1.036399e+01,  2.531973e+02
  1.022561e+01,  2.355504e+02
  1.073744e+01,  2.230093e+02
  1.068399e+01,  2.153734e+02
  9.205866e+00,  2.095955e+02
  6.210692e+00,  2.020682e+02
  2.512696e+00,  1.796431e+02
  1.965503e+00,  6.570118e+01
  4.097867e+00,  3.586463e+01
  4.856284e+00,  2.003943e+01
  4.680097e+00,  3.588046e+02
  4.837712e+00,  3.329162e+02
  5.762769e+00,  3.172541e+02
  6.910661e+00,  3.164209e+02
  8.245023e+00,  3.243050e+02
  9.963382e+00,  3.323501e+02
  1.164466e+01,  3.345396e+02
  1.259508e+01,  3.290578e+02
  1.271274e+01,  3.159835e+02
  1.259852e+01,  2.974730e+02
  1.258742e+01,  2.787760e+02
  1.209528e+01,  2.645455e+02
  1.047989e+01,  2.560493e+02
  7.895957e+00,  2.528561e+02
  5.089924e+00,  2.528688e+02
  2.643448e+00,  2.449931e+02
  1.605629e+00,  1.783084e+02
  3.639013e+00,  1.308900e+02
  6.045853e+00,  1.110813e+02
  8.056797e+00,  8.863451e+01
  1.019432e+01,  6.092255e+01
  1.314860e+01,  3.335018e+01
  1.627523e+01,  9.836958e+00
  1.801411e+01,  3.488424e+02
  1.735931e+01,  3.266352e+02
  1.483401e+01,  2.984534e+02
  1.251936e+01,  2.603545e+02
  1.206085e+01,  2.178693e+02
  1.232783e+01,  1.796971e+02
  1.202626e+01,  1.428450e+02
  1.182740e+01,  1.034546e+02
  1.241938e+01,  6.628139e+01
  1.256817e+01,  3.552889e+01
  1.088356e+01,  6.979258e+00
  7.809053e+00,  3.297853e+02
  6.358588e+00,  2.708943e+02
  8.102225e+00,  2.203531e+02
  9.693921e+00,  1.884641e+02
  9.793344e+00,  1.606604e+02
  9.154976e+00,  1.316600e+02
  8.589074e+00,  1.051725e+02
  7.765089e+00,  8.823965e+01
  6.350919e+00,  8.504389e+01
  5.183102e+00,  9.682434e+01
  4.983486e+00,  1.092816e+02
  4.731134e+00,  1.043129e+02
  4.009374e+00,  7.583289e+01
  4.099940e+00,  2.899752e+01
  4.826061e+00,  3.496407e+02
  4.682402e+00,  3.113183e+02
  4.627194e+00,  2.541637e+02
  7.057945e+00,  2.023152e+02
  1.012805e+01,  1.709719e+02
  1.159860e+01,  1.440362e+02
  1.141070e+01,  1.108771e+02
  1.190799e+01,  6.838725e+01
  1.467104e+01,  2.958547e+01
  1.760630e+01,  4.001378e-01
  1.861212e+01,  3.347481e+02
  1.775421e+01,  3.069749e+02
  1.670308e+01,  2.754563e+02
  1.639514e+01,  2.449426e+02
  1.558701e+01,  2.199145e+02
  1.287070e+01,  1.985290e+02
  8.507158e+00,  1.736802e+02
  4.874008e+00,  1.261963e+02
  5.236943e+00,  6.662098e+01
  6.409742e+00,  4.178218e+01
  5.997566e+00,  3.323481e+01
  4.606015e+00,  3.294439e+01
  3.528593e+00,  3.426779e+01
  3.587333e+00,  2.231397e+01
  5.190395e+00,  2.955679e+00
  7.739705e+00,  3.506665e+02
  9.819670e+00,  3.439406e+02
  1.032979e+01,  3.400203e+02
  9.058155e+00,  3.374166e+02
  6.687313e+00,  3.341930e+02
  4.375845e+00,  3.249791e+02
  3.340385e+00,  3.019588e+02
  4.000327e+00,  2.814473e+02
  5.223204e+00,  2.740160e+02
  5.796315e+00,  2.690788e+02
  4.996880e+00,  2.574648e+02
  3.491589e+00,  2.187993e+02
  4.962308e+00,  1.584095e+02
  8.607485e+00,  1.345508e+02
  1.145440e+01,  1.234054e+02
  1.245603e+01,  1.142683e+02
  1.185174e+01,  1.030213e+02
  1.087755e+01,  8.714024e+01
  1.095044e+01,  6.861913e+01
  1.234374e+01,  5.392398e+01
  1.407837e+01,  4.457413e+01
  1.494963e+01,  3.738959e+01
  1.417857e+01,  2.894832e+01
  1.187679e+01,  1.569034e+01
  9.307393e+00,  3.530144e+02
  8.240056e+00,  3.221289e+02
  8.602203e+00,  2.974015e+02
  8.691390e+00,  2.829630e+02
  7.716733e+00,  2.720741e+02
  6.042822e+00,  2.547202e+02
  5.242879e+00,  2.188065e+02
  7.062730e+00,  1.827764e+02
  1.006973e+01,  1.631386e+02
  1.231351e+01,  1.487125e+02
  1.293818e+01,  1.314645e+02
  1.255438e+01,  1.061318e+02
  1.307378e+01,  7.350888e+01
  1.510326e+01,  4.376145e+01
  1.672347e+01,  2.064805e+01
  1.625574e+01,  3.599266e+02
  1.383411e+01,  3.363925e+02
  1.110913e+01,  3.064609e+02
  9.333137e+00,  2.744981e+02
  7.438648e+00,  2.507188e+02
  4.029114e+00,  2.429149e+02
  2.127148e+00,  3.332762e+02
  6.634513e+00,  3.544349e+02
  1.017770e+01,  3.427882e+02
  1.186928e+01,  3.233544e+02
  1.252298e+01,  2.983764e+02
  1.307439e+01,  2.727588e+02
  1.309594e+01,  2.518884e+02
  1.160372e+01,  2.368118e+02
  8.564911e+00,  2.264369e+02
  5.059657e+00,  2.200141e+02
  2.460189e+00,  2.157951e+02
  1.483097e+00,  1.989648e+02
  1.970030e+00,  1.704229e+02
  2.757395e+00,  1.480790e+02
  2.913482e+00,  1.125538e+02
  3.941176e+00,  5.391795e+01
  7.358609e+00,  1.579254e+01
  1.108829e+01,  3.537967e+02
  1.309681e+01,  3.342607e+02
  1.271616e+01,  3.099530e+02
  1.136127e+01,  2.745980e+02
  1.106288e+01,  2.312334e+02
  6.841388e+00,  1.887990e+02
##END=
