##TITLE= E:\桌面\nmr\ogm\sjd\matlabcod\1_unitary\3_20_xjhsjd
##JCAMP-DX= 5.00 Bruker JCAMP library
##DATA TYPE= Shape Data
##ORIGIN= Colm's GRAPE Pulses 
##OWNER= Dawei.Lu
##DATE= 02-Aug-2025
##TIME= 13:25
##MINX= 7.342083e-01
##MAXX= 1.922334e+01
##MINY= 8.558686e-01
##MAXY= 3.554522e+02
##$SHAPE_EXMODE= None
##$SHAPE_TOTROT= 9.000000e+01
##$SHAPE_BWFAC= 1.000000e+00
##$SHAPE_INTEGFAC= 1.000000e+00
##$SHAPE_MODE= 1
##PULSE_WIDTH= 2000
##Calibration_Power= 12500
##NPOINTS= 200
##XYPOINTS= (XY..XY)
  5.558914e+00,  1.344857e+02
  1.758743e+00,  6.178637e+01
  6.858753e+00,  3.347070e+02
  7.682628e+00,  3.154797e+02
  5.637081e+00,  2.866216e+02
  4.644830e+00,  2.189617e+02
  8.198692e+00,  1.723701e+02
  1.152725e+01,  1.536127e+02
  1.252465e+01,  1.407022e+02
  1.139964e+01,  1.268951e+02
  9.692125e+00,  1.084074e+02
  9.137545e+00,  8.742227e+01
  1.000107e+01,  7.332403e+01
  1.126330e+01,  6.784999e+01
  1.186747e+01,  6.610757e+01
  1.101404e+01,  6.438970e+01
  8.540614e+00,  6.126262e+01
  5.228997e+00,  5.743710e+01
  2.556066e+00,  6.262075e+01
  2.437876e+00,  9.118350e+01
  5.137659e+00,  8.877981e+01
  9.393970e+00,  7.600454e+01
  1.359605e+01,  6.305436e+01
  1.593436e+01,  4.892070e+01
  1.551072e+01,  3.089659e+01
  1.312496e+01,  4.790256e+00
  1.103646e+01,  3.276914e+02
  1.042735e+01,  2.873432e+02
  9.678904e+00,  2.495835e+02
  8.342760e+00,  2.032251e+02
  9.633509e+00,  1.468461e+02
  1.397692e+01,  1.081115e+02
  1.780466e+01,  8.307238e+01
  1.922334e+01,  6.183492e+01
  1.843813e+01,  3.983201e+01
  1.686856e+01,  1.613072e+01
  1.556610e+01,  3.540590e+02
  1.432003e+01,  3.383930e+02
  1.273020e+01,  3.309316e+02
  1.112196e+01,  3.297165e+02
  9.871242e+00,  3.286529e+02
  8.761701e+00,  3.204393e+02
  7.643948e+00,  3.019158e+02
  6.579394e+00,  2.762585e+02
  4.944338e+00,  2.482352e+02
  2.105320e+00,  1.985172e+02
  3.894677e+00,  7.442936e+01
  9.184642e+00,  4.398205e+01
  1.365188e+01,  2.294851e+01
  1.622177e+01,  8.558686e-01
  1.712487e+01,  3.350356e+02
  1.737430e+01,  3.060272e+02
  1.729863e+01,  2.768993e+02
  1.608587e+01,  2.488130e+02
  1.327546e+01,  2.181240e+02
  1.021056e+01,  1.768354e+02
  9.521418e+00,  1.253407e+02
  1.066695e+01,  8.266176e+01
  1.092078e+01,  4.771874e+01
  1.005024e+01,  9.425180e+00
  9.947872e+00,  3.249621e+02
  1.116772e+01,  2.857101e+02
  1.187496e+01,  2.545916e+02
  1.113585e+01,  2.245463e+02
  9.965247e+00,  1.898541e+02
  9.736987e+00,  1.545871e+02
  9.772224e+00,  1.286166e+02
  8.568432e+00,  1.131996e+02
  5.936282e+00,  1.075514e+02
  3.081961e+00,  1.200071e+02
  2.042369e+00,  1.657160e+02
  2.214897e+00,  1.833860e+02
  1.843280e+00,  1.692448e+02
  1.454088e+00,  1.452131e+02
  1.451061e+00,  1.646792e+02
  3.550325e+00,  1.976288e+02
  7.726578e+00,  1.998768e+02
  1.236223e+01,  1.934097e+02
  1.588350e+01,  1.827092e+02
  1.748868e+01,  1.676561e+02
  1.769129e+01,  1.475961e+02
  1.779974e+01,  1.242919e+02
  1.825999e+01,  1.027134e+02
  1.809055e+01,  8.615283e+01
  1.633394e+01,  7.419371e+01
  1.309229e+01,  6.494428e+01
  9.379791e+00,  5.602363e+01
  6.503076e+00,  4.460022e+01
  5.383793e+00,  3.136798e+01
  5.968340e+00,  2.380002e+01
  7.414282e+00,  2.170695e+01
  8.612753e+00,  1.978125e+01
  8.583541e+00,  1.492116e+01
  7.023023e+00,  3.548971e+00
  4.814315e+00,  3.359427e+02
  4.229598e+00,  2.856716e+02
  5.253264e+00,  2.497773e+02
  5.399720e+00,  2.268406e+02
  4.301590e+00,  1.952790e+02
  4.378257e+00,  1.398558e+02
  7.098411e+00,  1.045691e+02
  9.930148e+00,  9.009800e+01
  1.139373e+01,  8.184604e+01
  1.120374e+01,  7.410767e+01
  9.945363e+00,  6.315838e+01
  8.811289e+00,  4.665922e+01
  8.854105e+00,  2.859974e+01
  9.966161e+00,  1.679781e+01
  1.134209e+01,  1.159377e+01
  1.235147e+01,  8.484093e+00
  1.261420e+01,  2.738135e+00
  1.217953e+01,  3.499984e+02
  1.199078e+01,  3.276915e+02
  1.335215e+01,  3.009528e+02
  1.587102e+01,  2.784425e+02
  1.773152e+01,  2.604964e+02
  1.768595e+01,  2.432270e+02
  1.593186e+01,  2.227378e+02
  1.393739e+01,  1.969844e+02
  1.291334e+01,  1.701433e+02
  1.214458e+01,  1.497753e+02
  1.030128e+01,  1.381340e+02
  7.301980e+00,  1.352491e+02
  4.261454e+00,  1.440832e+02
  2.349210e+00,  1.661449e+02
  1.174615e+00,  1.753452e+02
  7.342083e-01,  7.246922e+01
  2.102343e+00,  3.486934e+01
  2.735082e+00,  1.005253e+01
  2.992147e+00,  3.234590e+02
  4.840534e+00,  2.770139e+02
  7.463898e+00,  2.527218e+02
  8.840050e+00,  2.372360e+02
  7.856365e+00,  2.233689e+02
  4.643871e+00,  2.056417e+02
  9.646131e-01,  1.242630e+02
  3.882095e+00,  1.730338e+01
  6.666038e+00,  3.453491e+02
  9.026969e+00,  3.113766e+02
  1.188777e+01,  2.791116e+02
  1.456270e+01,  2.522145e+02
  1.548574e+01,  2.278693e+02
  1.405843e+01,  2.004634e+02
  1.174632e+01,  1.625902e+02
  1.154269e+01,  1.149216e+02
  1.359354e+01,  7.430422e+01
  1.529509e+01,  4.211172e+01
  1.578636e+01,  1.135004e+01
  1.587899e+01,  3.398282e+02
  1.597246e+01,  3.105682e+02
  1.511547e+01,  2.859347e+02
  1.238987e+01,  2.642865e+02
  8.141595e+00,  2.405372e+02
  4.092036e+00,  1.995655e+02
  3.131842e+00,  1.245330e+02
  3.878088e+00,  7.932405e+01
  3.821918e+00,  4.908834e+01
  3.646598e+00,  2.049599e+01
  4.149630e+00,  3.921040e+00
  5.518114e+00,  2.304114e+00
  7.736046e+00,  2.133616e+00
  9.988184e+00,  3.554522e+02
  1.128898e+01,  3.405572e+02
  1.167670e+01,  3.162084e+02
  1.238735e+01,  2.844385e+02
  1.393254e+01,  2.532664e+02
  1.493755e+01,  2.261098e+02
  1.418343e+01,  1.989411e+02
  1.230274e+01,  1.655853e+02
  1.137344e+01,  1.251301e+02
  1.169648e+01,  8.849343e+01
  1.103075e+01,  5.907881e+01
  8.303705e+00,  2.744023e+01
  5.645752e+00,  3.322765e+02
  7.135495e+00,  2.696400e+02
  9.591198e+00,  2.362018e+02
  1.001905e+01,  2.105002e+02
  8.873881e+00,  1.798687e+02
  8.260030e+00,  1.419200e+02
  8.709920e+00,  1.103967e+02
  8.313240e+00,  9.118212e+01
  5.978514e+00,  7.961699e+01
  2.215848e+00,  7.019898e+01
  1.718255e+00,  2.585945e+02
  4.635384e+00,  2.536495e+02
  6.143133e+00,  2.525649e+02
  6.514011e+00,  2.480984e+02
  6.538396e+00,  2.330309e+02
  7.649441e+00,  2.070769e+02
  1.055783e+01,  1.843566e+02
  1.381272e+01,  1.689888e+02
  1.542922e+01,  1.562673e+02
  1.432865e+01,  1.416852e+02
  1.111127e+01,  1.195180e+02
  8.303251e+00,  8.205516e+01
  7.996426e+00,  4.063981e+01
  7.809089e+00,  1.530884e+01
  5.512548e+00,  2.301530e+00
  1.264186e+00,  7.482631e+00
  6.583063e+00,  1.680202e+02
##END=
