##TITLE= E:\桌面\nmr\ogm\sjd\matlabcod\1\3_21_xjhsjd
##JCAMP-DX= 5.00 Bruker JCAMP library
##DATA TYPE= Shape Data
##ORIGIN= Colm's GRAPE Pulses 
##OWNER= Dawei.Lu
##DATE= 02-Aug-2025
##TIME= 11:40
##MINX= 7.275783e-02
##MAXX= 1.347925e+01
##MINY= 1.604849e+00
##MAXY= 3.598873e+02
##$SHAPE_EXMODE= None
##$SHAPE_TOTROT= 9.000000e+01
##$SHAPE_BWFAC= 1.000000e+00
##$SHAPE_INTEGFAC= 1.000000e+00
##$SHAPE_MODE= 1
##PULSE_WIDTH= 5000
##Calibration_Power= 12500
##NPOINTS= 1000
##XYPOINTS= (XY..XY)
  4.118642e-01,  2.328050e+02
  5.723098e-01,  2.455305e+02
  8.538405e-01,  3.103746e+02
  1.946001e+00,  3.524867e+02
  3.189579e+00,  7.321202e+00
  4.225866e+00,  1.704906e+01
  4.936885e+00,  2.569826e+01
  5.275244e+00,  3.465827e+01
  5.254674e+00,  4.487688e+01
  4.954025e+00,  5.734584e+01
  4.518136e+00,  7.314745e+01
  4.141222e+00,  9.286856e+01
  3.996149e+00,  1.152104e+02
  4.112497e+00,  1.368831e+02
  4.349627e+00,  1.554814e+02
  4.515689e+00,  1.709988e+02
  4.470050e+00,  1.846693e+02
  4.152594e+00,  1.980601e+02
  3.586861e+00,  2.131601e+02
  2.892824e+00,  2.331532e+02
  2.331076e+00,  2.626904e+02
  2.269423e+00,  3.001683e+02
  2.742501e+00,  3.313360e+02
  3.383595e+00,  3.521857e+02
  3.897830e+00,  7.222975e+00
  4.136963e+00,  1.988625e+01
  4.047129e+00,  3.234908e+01
  3.652349e+00,  4.666611e+01
  3.071324e+00,  6.588299e+01
  2.577420e+00,  9.437642e+01
  2.594550e+00,  1.306586e+02
  3.244768e+00,  1.609910e+02
  4.188031e+00,  1.808820e+02
  5.101172e+00,  1.943683e+02
  5.788727e+00,  2.045142e+02
  6.133112e+00,  2.128622e+02
  6.069401e+00,  2.202014e+02
  5.576493e+00,  2.269852e+02
  4.672301e+00,  2.335502e+02
  3.409127e+00,  2.403490e+02
  1.869869e+00,  2.489696e+02
  2.588206e-01,  3.065190e+02
  1.666530e+00,  6.499904e+01
  3.381183e+00,  7.390235e+01
  4.915642e+00,  7.995702e+01
  6.153317e+00,  8.522933e+01
  6.999747e+00,  9.010224e+01
  7.387237e+00,  9.467682e+01
  7.279831e+00,  9.895094e+01
  6.676233e+00,  1.028391e+02
  5.610777e+00,  1.061111e+02
  4.153393e+00,  1.081088e+02
  2.414870e+00,  1.060647e+02
  7.159219e-01,  6.704658e+01
  1.721542e+00,  3.288076e+02
  3.561775e+00,  3.216985e+02
  5.202686e+00,  3.220830e+02
  6.486448e+00,  3.240239e+02
  7.307452e+00,  3.264057e+02
  7.598796e+00,  3.288089e+02
  7.335771e+00,  3.309396e+02
  6.538897e+00,  3.324124e+02
  5.276447e+00,  3.324291e+02
  3.674887e+00,  3.286370e+02
  2.009253e+00,  3.104406e+02
  1.509373e+00,  2.437360e+02
  2.959596e+00,  2.085142e+02
  4.643156e+00,  2.014444e+02
  6.077254e+00,  2.008549e+02
  7.106620e+00,  2.026646e+02
  7.655425e+00,  2.057979e+02
  7.702792e+00,  2.099599e+02
  7.278411e+00,  2.151967e+02
  6.459439e+00,  2.218384e+02
  5.366940e+00,  2.306270e+02
  4.164279e+00,  2.430685e+02
  3.063147e+00,  2.619903e+02
  2.322662e+00,  2.904810e+02
  2.097913e+00,  3.241292e+02
  2.166109e+00,  3.521761e+02
  2.178783e+00,  1.399316e+01
  1.989996e+00,  3.527380e+01
  1.687400e+00,  6.357732e+01
  1.632844e+00,  1.037974e+02
  2.152128e+00,  1.399655e+02
  3.017167e+00,  1.615303e+02
  3.891409e+00,  1.743833e+02
  4.549692e+00,  1.829989e+02
  4.837946e+00,  1.893897e+02
  4.656780e+00,  1.945152e+02
  3.961968e+00,  1.989384e+02
  2.766560e+00,  2.032475e+02
  1.141436e+00,  2.101157e+02
  8.224703e-01,  1.701713e+01
  2.923087e+00,  2.586497e+01
  5.015480e+00,  2.888887e+01
  6.912648e+00,  3.093167e+01
  8.446519e+00,  3.240003e+01
  9.481181e+00,  3.332238e+01
  9.928020e+00,  3.358423e+01
  9.757517e+00,  3.292891e+01
  9.008163e+00,  3.086764e+01
  7.796397e+00,  2.645335e+01
  6.335870e+00,  1.781066e+01
  4.991555e+00,  1.604849e+00
  4.321571e+00,  3.358672e+02
  4.674741e+00,  3.094067e+02
  5.636073e+00,  2.919623e+02
  6.608412e+00,  2.820798e+02
  7.242559e+00,  2.762091e+02
  7.373436e+00,  2.721479e+02
  6.947025e+00,  2.684711e+02
  5.994618e+00,  2.637428e+02
  4.640042e+00,  2.553632e+02
  3.191017e+00,  2.362799e+02
  2.528215e+00,  1.937008e+02
  3.548263e+00,  1.546857e+02
  5.324948e+00,  1.383893e+02
  7.105445e+00,  1.315598e+02
  8.597501e+00,  1.283014e+02
  9.651272e+00,  1.265521e+02
  1.018754e+01,  1.254030e+02
  1.018368e+01,  1.243200e+02
  9.669903e+00,  1.228638e+02
  8.726817e+00,  1.205327e+02
  7.483373e+00,  1.165998e+02
  6.117603e+00,  1.098977e+02
  4.861394e+00,  9.871008e+01
  3.985381e+00,  8.185166e+01
  3.666145e+00,  6.238882e+01
  3.769206e+00,  4.725514e+01
  3.968868e+00,  3.955828e+01
  4.041477e+00,  3.862989e+01
  3.938873e+00,  4.375915e+01
  3.763171e+00,  5.495585e+01
  3.723049e+00,  7.147125e+01
  4.003834e+00,  8.967971e+01
  4.594095e+00,  1.050025e+02
  5.307210e+00,  1.158301e+02
  5.931100e+00,  1.228352e+02
  6.305183e+00,  1.269755e+02
  6.334975e+00,  1.288043e+02
  5.992545e+00,  1.283852e+02
  5.317340e+00,  1.252102e+02
  4.423031e+00,  1.178998e+02
  3.520610e+00,  1.037384e+02
  2.944399e+00,  8.015718e+01
  2.976371e+00,  5.272255e+01
  3.442641e+00,  3.210418e+01
  3.929361e+00,  1.910960e+01
  4.155605e+00,  1.020421e+01
  3.987578e+00,  2.535848e+00
  3.399573e+00,  3.533876e+02
  2.492067e+00,  3.373550e+02
  1.722503e+00,  2.986974e+02
  2.223272e+00,  2.452708e+02
  3.745957e+00,  2.208443e+02
  5.479787e+00,  2.102643e+02
  7.102606e+00,  2.042166e+02
  8.435604e+00,  1.998771e+02
  9.361122e+00,  1.961287e+02
  9.814944e+00,  1.923674e+02
  9.788431e+00,  1.881438e+02
  9.328931e+00,  1.830190e+02
  8.535991e+00,  1.764873e+02
  7.552620e+00,  1.679519e+02
  6.548827e+00,  1.568274e+02
  5.688429e+00,  1.429290e+02
  5.069021e+00,  1.270928e+02
  4.660562e+00,  1.111618e+02
  4.316755e+00,  9.670184e+01
  3.866798e+00,  8.386231e+01
  3.199137e+00,  7.120659e+01
  2.307839e+00,  5.460487e+01
  1.426977e+00,  1.941249e+01
  1.548563e+00,  3.148867e+02
  2.793478e+00,  2.829748e+02
  4.285117e+00,  2.700837e+02
  5.719514e+00,  2.628564e+02
  6.953409e+00,  2.577877e+02
  7.896292e+00,  2.536203e+02
  8.499133e+00,  2.497320e+02
  8.754022e+00,  2.457183e+02
  8.692346e+00,  2.412569e+02
  8.379135e+00,  2.360686e+02
  7.902998e+00,  2.299342e+02
  7.361316e+00,  2.227663e+02
  6.840654e+00,  2.147212e+02
  6.395346e+00,  2.062814e+02
  6.033181e+00,  1.981931e+02
  5.719047e+00,  1.912436e+02
  5.396923e+00,  1.860529e+02
  5.017341e+00,  1.830512e+02
  4.557875e+00,  1.826267e+02
  4.034497e+00,  1.853320e+02
  3.508096e+00,  1.920042e+02
  3.085989e+00,  2.034106e+02
  2.895455e+00,  2.187171e+02
  2.997023e+00,  2.341543e+02
  3.320088e+00,  2.458248e+02
  3.731950e+00,  2.527522e+02
  4.126775e+00,  2.557112e+02
  4.447599e+00,  2.556261e+02
  4.679164e+00,  2.531771e+02
  4.834236e+00,  2.488885e+02
  4.937214e+00,  2.432770e+02
  5.006636e+00,  2.369251e+02
  5.041528e+00,  2.304439e+02
  5.017660e+00,  2.243699e+02
  4.894987e+00,  2.190956e+02
  4.631404e+00,  2.148953e+02
  4.196510e+00,  2.120501e+02
  3.582529e+00,  2.110954e+02
  2.815146e+00,  2.134173e+02
  1.981347e+00,  2.231891e+02
  1.356113e+00,  2.522360e+02
  1.527280e+00,  2.958914e+02
  2.352530e+00,  3.167576e+02
  3.315147e+00,  3.228665e+02
  4.218921e+00,  3.232103e+02
  4.988119e+00,  3.207119e+02
  5.592499e+00,  3.164120e+02
  6.030103e+00,  3.107654e+02
  6.317572e+00,  3.040545e+02
  6.478246e+00,  2.965507e+02
  6.528245e+00,  2.885625e+02
  6.465908e+00,  2.804070e+02
  6.270783e+00,  2.723378e+02
  5.908993e+00,  2.644700e+02
  5.346768e+00,  2.567115e+02
  4.565926e+00,  2.486616e+02
  3.577674e+00,  2.392790e+02
  2.442400e+00,  2.254401e+02
  1.371793e+00,  1.940148e+02
  1.273169e+00,  1.241141e+02
  2.325241e+00,  8.794309e+01
  3.533071e+00,  7.364016e+01
  4.614015e+00,  6.501535e+01
  5.468368e+00,  5.829639e+01
  6.049010e+00,  5.220224e+01
  6.346845e+00,  4.610578e+01
  6.387917e+00,  3.960422e+01
  6.228801e+00,  3.241285e+01
  5.946742e+00,  2.438557e+01
  5.623012e+00,  1.561149e+01
  5.320904e+00,  6.515811e+00
  5.066228e+00,  3.578305e+02
  4.843029e+00,  3.503666e+02
  4.609472e+00,  3.447413e+02
  4.322968e+00,  3.412798e+02
  3.959183e+00,  3.401020e+02
  3.518413e+00,  3.412764e+02
  3.021703e+00,  3.449783e+02
  2.505627e+00,  3.515667e+02
  2.014805e+00,  1.628389e+00
  1.593876e+00,  1.587386e+01
  1.277617e+00,  3.457076e+01
  1.075436e+00,  5.643259e+01
  9.581563e-01,  7.851406e+01
  8.701039e-01,  9.836774e+01
  7.580867e-01,  1.154696e+02
  5.852693e-01,  1.307061e+02
  3.309038e-01,  1.473505e+02
  7.275783e-02,  2.574765e+02
  4.757815e-01,  3.254036e+02
  9.934504e-01,  3.366765e+02
  1.560032e+00,  3.441148e+02
  2.132815e+00,  3.499983e+02
  2.662368e+00,  3.549353e+02
  3.098240e+00,  3.592192e+02
  3.396511e+00,  3.039087e+00
  3.527306e+00,  6.536479e+00
  3.480718e+00,  9.822383e+00
  3.269906e+00,  1.297630e+01
  2.930597e+00,  1.602178e+01
  2.516979e+00,  1.885617e+01
  2.094842e+00,  2.106993e+01
  1.733953e+00,  2.159481e+01
  1.503384e+00,  1.876976e+01
  1.472222e+00,  1.203102e+01
  1.692195e+00,  4.163830e+00
  2.163356e+00,  3.584660e+02
  2.837529e+00,  3.553076e+02
  3.640446e+00,  3.536298e+02
  4.480981e+00,  3.525142e+02
  5.257352e+00,  3.514004e+02
  5.866746e+00,  3.499290e+02
  6.217642e+00,  3.477895e+02
  6.243666e+00,  3.445921e+02
  5.919106e+00,  3.397059e+02
  5.279252e+00,  3.319658e+02
  4.456403e+00,  3.191443e+02
  3.749849e+00,  2.978571e+02
  3.635529e+00,  2.685583e+02
  4.327949e+00,  2.420312e+02
  5.481258e+00,  2.243650e+02
  6.684155e+00,  2.128612e+02
  7.679825e+00,  2.044675e+02
  8.325931e+00,  1.973842e+02
  8.562864e+00,  1.904960e+02
  8.405590e+00,  1.829336e+02
  7.944870e+00,  1.738519e+02
  7.349711e+00,  1.624247e+02
  6.848104e+00,  1.482625e+02
  6.657141e+00,  1.322907e+02
  6.859303e+00,  1.169345e+02
  7.346007e+00,  1.044346e+02
  7.912039e+00,  9.545578e+01
  8.374746e+00,  8.955529e+01
  8.621670e+00,  8.601835e+01
  8.609489e+00,  8.419460e+01
  8.347728e+00,  8.351379e+01
  7.879875e+00,  8.340098e+01
  7.266717e+00,  8.317385e+01
  6.576830e+00,  8.194911e+01
  5.889807e+00,  7.859847e+01
  5.313449e+00,  7.190999e+01
  4.997176e+00,  6.135310e+01
  5.089093e+00,  4.841844e+01
  5.622367e+00,  3.630207e+01
  6.470641e+00,  2.712357e+01
  7.433175e+00,  2.092651e+01
  8.316668e+00,  1.688548e+01
  8.964018e+00,  1.418652e+01
  9.261917e+00,  1.221813e+01
  9.145090e+00,  1.051134e+01
  8.599789e+00,  8.626686e+00
  7.666703e+00,  6.006458e+00
  6.438269e+00,  1.716983e+00
  5.066540e+00,  3.538988e+02
  3.805605e+00,  3.387583e+02
  3.098394e+00,  3.120642e+02
  3.339786e+00,  2.824766e+02
  4.230062e+00,  2.639723e+02
  5.259927e+00,  2.547616e+02
  6.165190e+00,  2.501878e+02
  6.831789e+00,  2.476787e+02
  7.212547e+00,  2.458293e+02
  7.299078e+00,  2.436769e+02
  7.117341e+00,  2.403571e+02
  6.736188e+00,  2.349375e+02
  6.283742e+00,  2.264353e+02
  5.955187e+00,  2.143076e+02
  5.964378e+00,  1.995849e+02
  6.409969e+00,  1.851480e+02
  7.187627e+00,  1.735213e+02
  8.070778e+00,  1.652648e+02
  8.829427e+00,  1.597713e+02
  9.282493e+00,  1.562841e+02
  9.308971e+00,  1.542471e+02
  8.848877e+00,  1.533334e+02
  7.902431e+00,  1.534325e+02
  6.528042e+00,  1.547250e+02
  4.837691e+00,  1.580105e+02
  3.002150e+00,  1.663786e+02
  1.385299e+00,  1.976202e+02
  1.477915e+00,  2.769082e+02
  2.766547e+00,  3.017086e+02
  3.862723e+00,  3.085214e+02
  4.544465e+00,  3.106435e+02
  4.770374e+00,  3.102477e+02
  4.579263e+00,  3.073435e+02
  4.087660e+00,  3.007843e+02
  3.512555e+00,  2.883183e+02
  3.194068e+00,  2.685077e+02
  3.439744e+00,  2.468384e+02
  4.193371e+00,  2.318841e+02
  5.172976e+00,  2.245854e+02
  6.166455e+00,  2.223522e+02
  7.062943e+00,  2.231478e+02
  7.809234e+00,  2.257273e+02
  8.377246e+00,  2.292764e+02
  8.744520e+00,  2.331919e+02
  8.885543e+00,  2.369828e+02
  8.773363e+00,  2.402174e+02
  8.389627e+00,  2.424686e+02
  7.739137e+00,  2.432239e+02
  6.865678e+00,  2.417354e+02
  5.874015e+00,  2.368145e+02
  4.955082e+00,  2.267998e+02
  4.387036e+00,  2.108991e+02
  4.392747e+00,  1.926598e+02
  4.888350e+00,  1.783341e+02
  5.563529e+00,  1.699841e+02
  6.144436e+00,  1.663202e+02
  6.467110e+00,  1.658742e+02
  6.454823e+00,  1.677917e+02
  6.094239e+00,  1.717572e+02
  5.420853e+00,  1.779359e+02
  4.511978e+00,  1.871538e+02
  3.495132e+00,  2.015904e+02
  2.603179e+00,  2.261652e+02
  2.273653e+00,  2.643752e+02
  2.775184e+00,  3.000568e+02
  3.723420e+00,  3.219037e+02
  4.735357e+00,  3.351455e+02
  5.621704e+00,  3.439187e+02
  6.275814e+00,  3.499284e+02
  6.630119e+00,  3.537637e+02
  6.651339e+00,  3.554478e+02
  6.350557e+00,  3.545662e+02
  5.803192e+00,  3.502030e+02
  5.179808e+00,  3.409307e+02
  4.766588e+00,  3.258296e+02
  4.865696e+00,  3.074754e+02
  5.522614e+00,  2.916810e+02
  6.481085e+00,  2.812677e+02
  7.432422e+00,  2.754161e+02
  8.149136e+00,  2.726866e+02
  8.492544e+00,  2.721138e+02
  8.399545e+00,  2.732054e+02
  7.872367e+00,  2.758106e+02
  6.969168e+00,  2.800694e+02
  5.793462e+00,  2.864828e+02
  4.484120e+00,  2.962038e+02
  3.214628e+00,  3.118374e+02
  2.225054e+00,  3.388063e+02
  1.848871e+00,  1.976947e+01
  2.129213e+00,  5.746398e+01
  2.660622e+00,  8.282938e+01
  3.196814e+00,  1.012654e+02
  3.676826e+00,  1.162324e+02
  4.082711e+00,  1.287772e+02
  4.380233e+00,  1.390170e+02
  4.510691e+00,  1.468094e+02
  4.409602e+00,  1.518669e+02
  4.036914e+00,  1.534933e+02
  3.417112e+00,  1.498364e+02
  2.718350e+00,  1.363325e+02
  2.415184e+00,  1.078452e+02
  3.025516e+00,  7.850903e+01
  4.280526e+00,  6.327838e+01
  5.704976e+00,  5.722098e+01
  7.021334e+00,  5.553267e+01
  8.063218e+00,  5.616063e+01
  8.729473e+00,  5.826485e+01
  8.974576e+00,  6.150797e+01
  8.805661e+00,  6.578376e+01
  8.276285e+00,  7.110055e+01
  7.473972e+00,  7.751290e+01
  6.501575e+00,  8.505588e+01
  5.454937e+00,  9.366205e+01
  4.402184e+00,  1.030678e+02
  3.372709e+00,  1.127381e+02
  2.363191e+00,  1.217710e+02
  1.360895e+00,  1.281148e+02
  3.986250e-01,  1.139957e+02
  6.817453e-01,  3.544905e+02
  1.559262e+00,  3.526408e+02
  2.299304e+00,  3.588167e+02
  2.828226e+00,  7.250856e+00
  3.117577e+00,  1.789962e+01
  3.205137e+00,  3.174363e+01
  3.222940e+00,  4.982866e+01
  3.383341e+00,  7.142054e+01
  3.847738e+00,  9.262524e+01
  4.576947e+00,  1.097136e+02
  5.380208e+00,  1.221543e+02
  6.044649e+00,  1.310728e+02
  6.396774e+00,  1.376102e+02
  6.320350e+00,  1.425483e+02
  5.763092e+00,  1.463680e+02
  4.738579e+00,  1.493301e+02
  3.322814e+00,  1.514437e+02
  1.645380e+00,  1.517211e+02
  1.828241e-01,  1.984119e+01
  1.833151e+00,  3.441320e+02
  3.261518e+00,  3.446690e+02
  4.279025e+00,  3.465777e+02
  4.782833e+00,  3.492821e+02
  4.734100e+00,  3.530748e+02
  4.169135e+00,  3.589031e+02
  3.216761e+00,  9.348223e+00
  2.175735e+00,  3.231627e+01
  1.794129e+00,  7.961169e+01
  2.549642e+00,  1.178541e+02
  3.605209e+00,  1.345096e+02
  4.427201e+00,  1.428664e+02
  4.811536e+00,  1.480942e+02
  4.682447e+00,  1.520255e+02
  4.049762e+00,  1.555420e+02
  2.994036e+00,  1.594130e+02
  1.653293e+00,  1.656199e+02
  2.833351e-01,  2.137838e+02
  1.258474e+00,  3.333393e+02
  2.427445e+00,  3.422368e+02
  3.245201e+00,  3.485974e+02
  3.636823e+00,  3.559374e+02
  3.617398e+00,  6.104772e+00
  3.324275e+00,  2.160749e+01
  3.066931e+00,  4.506690e+01
  3.253734e+00,  7.343889e+01
  3.985577e+00,  9.702754e+01
  4.968490e+00,  1.127981e+02
  5.882727e+00,  1.233488e+02
  6.515817e+00,  1.310849e+02
  6.749922e+00,  1.374328e+02
  6.545619e+00,  1.432666e+02
  5.931422e+00,  1.492421e+02
  4.992246e+00,  1.560334e+02
  3.854464e+00,  1.646210e+02
  2.670385e+00,  1.769426e+02
  1.613059e+00,  1.979764e+02
  9.271876e-01,  2.415813e+02
  9.219932e-01,  3.033115e+02
  1.284449e+00,  3.431324e+02
  1.711971e+00,  1.071510e+01
  2.210118e+00,  3.284932e+01
  2.777805e+00,  5.016893e+01
  3.329520e+00,  6.313118e+01
  3.730619e+00,  7.271988e+01
  3.845414e+00,  7.991561e+01
  3.569820e+00,  8.546970e+01
  2.850741e+00,  8.993284e+01
  1.695557e+00,  9.383605e+01
  1.744138e-01,  1.045377e+02
  1.595879e+00,  2.776170e+02
  3.447045e+00,  2.805100e+02
  5.199461e+00,  2.829601e+02
  6.674243e+00,  2.853816e+02
  7.719719e+00,  2.879912e+02
  8.233475e+00,  2.910328e+02
  8.180049e+00,  2.948606e+02
  7.603121e+00,  3.000544e+02
  6.633948e+00,  3.076194e+02
  5.501430e+00,  3.192479e+02
  4.540880e+00,  3.369668e+02
  4.109927e+00,  3.597806e+02
  4.261705e+00,  2.053307e+01
  4.641565e+00,  3.391777e+01
  4.877261e+00,  4.032709e+01
  4.788149e+00,  4.105683e+01
  4.380322e+00,  3.604479e+01
  3.841198e+00,  2.369384e+01
  3.540829e+00,  3.067745e+00
  3.816429e+00,  3.400845e+02
  4.562659e+00,  3.233406e+02
  5.391259e+00,  3.138091e+02
  5.983960e+00,  3.091846e+02
  6.154250e+00,  3.078987e+02
  5.826237e+00,  3.094806e+02
  5.026486e+00,  3.145824e+02
  3.903692e+00,  3.258745e+02
  2.839085e+00,  3.505997e+02
  2.649816e+00,  3.257837e+01
  3.635802e+00,  6.503078e+01
  5.019795e+00,  8.168111e+01
  6.293943e+00,  9.146389e+01
  7.249187e+00,  9.859208e+01
  7.804534e+00,  1.047520e+02
  7.956084e+00,  1.107156e+02
  7.755577e+00,  1.168559e+02
  7.291597e+00,  1.232692e+02
  6.661861e+00,  1.297610e+02
  5.948355e+00,  1.357698e+02
  5.204573e+00,  1.402850e+02
  4.466700e+00,  1.417715e+02
  3.795313e+00,  1.381263e+02
  3.333876e+00,  1.273657e+02
  3.295754e+00,  1.110360e+02
  3.750176e+00,  9.603420e+01
  4.500137e+00,  8.673521e+01
  5.278699e+00,  8.245085e+01
  5.881749e+00,  8.156243e+01
  6.180501e+00,  8.313999e+01
  6.118341e+00,  8.696160e+01
  5.714897e+00,  9.341712e+01
  5.075905e+00,  1.035397e+02
  4.405649e+00,  1.188629e+02
  3.987651e+00,  1.398669e+02
  4.025009e+00,  1.628027e+02
  4.419297e+00,  1.819885e+02
  4.874918e+00,  1.959141e+02
  5.140233e+00,  2.060459e+02
  5.077218e+00,  2.140549e+02
  4.646305e+00,  2.212345e+02
  3.886137e+00,  2.287964e+02
  2.901113e+00,  2.385683e+02
  1.857550e+00,  2.551086e+02
  1.065661e+00,  2.933244e+02
  1.082587e+00,  3.532891e+02
  1.551452e+00,  2.546339e+01
  1.896338e+00,  4.435792e+01
  2.031749e+00,  6.235307e+01
  2.080538e+00,  8.420853e+01
  2.276989e+00,  1.092988e+02
  2.764298e+00,  1.312505e+02
  3.445130e+00,  1.461267e+02
  4.114429e+00,  1.548435e+02
  4.590686e+00,  1.590617e+02
  4.754300e+00,  1.595404e+02
  4.567891e+00,  1.559304e+02
  4.114956e+00,  1.465022e+02
  3.679951e+00,  1.283211e+02
  3.774478e+00,  1.024216e+02
  4.697984e+00,  7.953278e+01
  6.180894e+00,  6.543173e+01
  7.827439e+00,  5.763623e+01
  9.353476e+00,  5.337015e+01
  1.056763e+01,  5.108823e+01
  1.134551e+01,  4.997427e+01
  1.162154e+01,  4.955516e+01
  1.138785e+01,  4.950080e+01
  1.068613e+01,  4.950570e+01
  9.599175e+00,  4.918887e+01
  8.242449e+00,  4.796083e+01
  6.759299e+00,  4.479450e+01
  5.329424e+00,  3.784874e+01
  4.200790e+00,  2.438441e+01
  3.689103e+00,  3.804963e+00
  3.922144e+00,  3.434614e+02
  4.612018e+00,  3.303553e+02
  5.391260e+00,  3.235956e+02
  6.029493e+00,  3.203899e+02
  6.396593e+00,  3.188247e+02
  6.419830e+00,  3.176944e+02
  6.071595e+00,  3.160406e+02
  5.373968e+00,  3.127105e+02
  4.418615e+00,  3.056698e+02
  3.426521e+00,  2.907179e+02
  2.879323e+00,  2.627531e+02
  3.297669e+00,  2.318408e+02
  4.422212e+00,  2.135846e+02
  5.717296e+00,  2.051115e+02
  6.883667e+00,  2.014810e+02
  7.769660e+00,  2.002992e+02
  8.298866e+00,  2.004476e+02
  8.446248e+00,  2.013259e+02
  8.225111e+00,  2.025128e+02
  7.677456e+00,  2.035973e+02
  6.866276e+00,  2.040445e+02
  5.872159e+00,  2.030121e+02
  4.800082e+00,  1.990222e+02
  3.807435e+00,  1.894943e+02
  3.153531e+00,  1.715338e+02
  3.127334e+00,  1.483712e+02
  3.687548e+00,  1.303648e+02
  4.490121e+00,  1.203472e+02
  5.247044e+00,  1.154407e+02
  5.782478e+00,  1.132305e+02
  5.987903e+00,  1.123989e+02
  5.801499e+00,  1.122492e+02
  5.204087e+00,  1.123845e+02
  4.219239e+00,  1.125267e+02
  2.911950e+00,  1.123320e+02
  1.384237e+00,  1.104824e+02
  2.636201e-01,  3.174945e+02
  1.823238e+00,  2.980805e+02
  3.213156e+00,  2.964087e+02
  4.297004e+00,  2.952460e+02
  4.986055e+00,  2.937546e+02
  5.236524e+00,  2.914833e+02
  5.057245e+00,  2.878226e+02
  4.520343e+00,  2.816786e+02
  3.779581e+00,  2.709530e+02
  3.110507e+00,  2.523583e+02
  2.904724e+00,  2.259127e+02
  3.328208e+00,  2.020200e+02
  4.087653e+00,  1.875320e+02
  4.849024e+00,  1.801385e+02
  5.427511e+00,  1.768737e+02
  5.742282e+00,  1.760619e+02
  5.773696e+00,  1.767893e+02
  5.539251e+00,  1.784567e+02
  5.076949e+00,  1.805181e+02
  4.433040e+00,  1.822692e+02
  3.656741e+00,  1.825344e+02
  2.810421e+00,  1.789086e+02
  2.023304e+00,  1.657183e+02
  1.647160e+00,  1.347489e+02
  2.074607e+00,  1.024928e+02
  2.998993e+00,  8.725851e+01
  4.032984e+00,  8.139162e+01
  4.986864e+00,  7.922036e+01
  5.745230e+00,  7.851551e+01
  6.227678e+00,  7.832173e+01
  6.386096e+00,  7.812633e+01
  6.209072e+00,  7.752022e+01
  5.724263e+00,  7.602452e+01
  4.999595e+00,  7.289133e+01
  4.146406e+00,  6.679168e+01
  3.332033e+00,  5.547678e+01
  2.795747e+00,  3.684328e+01
  2.757691e+00,  1.446172e+01
  3.166657e+00,  3.571988e+02
  3.768605e+00,  3.474426e+02
  4.369317e+00,  3.426550e+02
  4.868473e+00,  3.404026e+02
  5.215073e+00,  3.390563e+02
  5.381819e+00,  3.374291e+02
  5.360946e+00,  3.344716e+02
  5.176602e+00,  3.290680e+02
  4.910838e+00,  3.199751e+02
  4.731260e+00,  3.062978e+02
  4.867992e+00,  2.890182e+02
  5.472239e+00,  2.717268e+02
  6.485390e+00,  2.575800e+02
  7.707148e+00,  2.470284e+02
  8.920682e+00,  2.391152e+02
  9.944541e+00,  2.328119e+02
  1.064349e+01,  2.273502e+02
  1.093234e+01,  2.221740e+02
  1.078034e+01,  2.168347e+02
  1.021029e+01,  2.109079e+02
  9.296159e+00,  2.039165e+02
  8.158211e+00,  1.952612e+02
  6.954332e+00,  1.842031e+02
  5.862171e+00,  1.700532e+02
  5.036931e+00,  1.528434e+02
  4.534618e+00,  1.341641e+02
  4.259804e+00,  1.165209e+02
  4.029672e+00,  1.012992e+02
  3.692291e+00,  8.811382e+01
  3.184997e+00,  7.543293e+01
  2.540736e+00,  6.061575e+01
  1.899849e+00,  3.876890e+01
  1.553609e+00,  4.564122e+00
  1.742431e+00,  3.298461e+02
  2.225662e+00,  3.096029e+02
  2.690149e+00,  3.000195e+02
  3.000094e+00,  2.964817e+02
  3.128377e+00,  2.971402e+02
  3.115293e+00,  3.014480e+02
  3.047427e+00,  3.091134e+02
  3.025686e+00,  3.191655e+02
  3.112509e+00,  3.294991e+02
  3.293340e+00,  3.377936e+02
  3.498293e+00,  3.427757e+02
  3.655512e+00,  3.441784e+02
  3.728601e+00,  3.420831e+02
  3.730388e+00,  3.365810e+02
  3.719366e+00,  3.279052e+02
  3.776471e+00,  3.168646e+02
  3.961014e+00,  3.050431e+02
  4.271844e+00,  2.941709e+02
  4.650386e+00,  2.852376e+02
  5.016400e+00,  2.783594e+02
  5.299816e+00,  2.731904e+02
  5.455063e+00,  2.692653e+02
  5.463291e+00,  2.661294e+02
  5.328859e+00,  2.633496e+02
  5.073487e+00,  2.604864e+02
  4.730081e+00,  2.570659e+02
  4.337720e+00,  2.525713e+02
  3.938313e+00,  2.464808e+02
  3.573637e+00,  2.383821e+02
  3.279454e+00,  2.281782e+02
  3.074317e+00,  2.162680e+02
  2.947918e+00,  2.034254e+02
  2.861275e+00,  1.902928e+02
  2.763980e+00,  1.768838e+02
  2.619966e+00,  1.624235e+02
  2.433270e+00,  1.454368e+02
  2.271244e+00,  1.241647e+02
  2.269422e+00,  9.849628e+01
  2.551242e+00,  7.248935e+01
  3.104857e+00,  5.085195e+01
  3.811803e+00,  3.424191e+01
  4.545336e+00,  2.112862e+01
  5.206277e+00,  1.001981e+01
  5.725606e+00,  3.598873e+02
  6.063179e+00,  3.500453e+02
  6.206172e+00,  3.400134e+02
  6.165511e+00,  3.294377e+02
  5.969400e+00,  3.180499e+02
  5.654856e+00,  3.056420e+02
  5.259861e+00,  2.920318e+02
  4.819575e+00,  2.770033e+02
  4.369278e+00,  2.602332e+02
  3.953775e+00,  2.412775e+02
  3.637185e+00,  2.198100e+02
  3.496978e+00,  1.963098e+02
  3.584543e+00,  1.726432e+02
  3.877197e+00,  1.511514e+02
  4.282356e+00,  1.330029e+02
  4.684293e+00,  1.180231e+02
  4.979823e+00,  1.054804e+02
  5.093257e+00,  9.459516e+01
  4.980989e+00,  8.469088e+01
  4.632258e+00,  7.515495e+01
  4.068013e+00,  6.532071e+01
  3.338146e+00,  5.424051e+01
  2.519930e+00,  4.012689e+01
  1.729586e+00,  1.872430e+01
  1.187110e+00,  3.406654e+02
  1.212885e+00,  2.905979e+02
  1.657365e+00,  2.568050e+02
  2.180340e+00,  2.357147e+02
  2.674705e+00,  2.196094e+02
  3.134029e+00,  2.057385e+02
  3.574331e+00,  1.934075e+02
  4.002978e+00,  1.826450e+02
  4.406863e+00,  1.736382e+02
  4.754409e+00,  1.665006e+02
  5.005544e+00,  1.612359e+02
  5.123325e+00,  1.577876e+02
  5.083347e+00,  1.561034e+02
  4.879710e+00,  1.561908e+02
  4.527680e+00,  1.581685e+02
  4.063885e+00,  1.623223e+02
  3.545266e+00,  1.691582e+02
  3.047996e+00,  1.793583e+02
  2.663177e+00,  1.933092e+02
  2.470575e+00,  2.098629e+02
  2.488022e+00,  2.257689e+02
  2.653969e+00,  2.379028e+02
  2.880898e+00,  2.452189e+02
  3.109211e+00,  2.479859e+02
  3.323253e+00,  2.467213e+02
  3.548062e+00,  2.419833e+02
  3.835426e+00,  2.346056e+02
  4.236005e+00,  2.258262e+02
  4.765716e+00,  2.169634e+02
  5.388675e+00,  2.088928e+02
  6.025605e+00,  2.018686e+02
  6.574787e+00,  1.957087e+02
  6.932843e+00,  1.900216e+02
  7.012665e+00,  1.843057e+02
  6.760306e+00,  1.779176e+02
  6.173547e+00,  1.699014e+02
  5.328294e+00,  1.586190e+02
  4.428380e+00,  1.412444e+02
  3.874760e+00,  1.150681e+02
  4.106393e+00,  8.511415e+01
  5.050324e+00,  6.196669e+01
  6.249088e+00,  4.686729e+01
  7.336682e+00,  3.653748e+01
  8.095389e+00,  2.855430e+01
  8.409008e+00,  2.148337e+01
  8.242484e+00,  1.432270e+01
  7.638477e+00,  6.115955e+00
  6.720798e+00,  3.556580e+02
  5.702341e+00,  3.413123e+02
  4.882542e+00,  3.215937e+02
  4.549844e+00,  2.978442e+02
  4.727370e+00,  2.754931e+02
  5.120432e+00,  2.581562e+02
  5.400232e+00,  2.451168e+02
  5.370311e+00,  2.342634e+02
  4.973011e+00,  2.234047e+02
  4.282525e+00,  2.098404e+02
  3.543354e+00,  1.895275e+02
  3.231322e+00,  1.599330e+02
  3.739248e+00,  1.306888e+02
  4.823508e+00,  1.120138e+02
  6.033977e+00,  1.018818e+02
  7.084486e+00,  9.662065e+01
  7.818827e+00,  9.423956e+01
  8.161604e+00,  9.378858e+01
  8.097789e+00,  9.482607e+01
  7.661662e+00,  9.718107e+01
  6.927077e+00,  1.008572e+02
  5.997191e+00,  1.059913e+02
  4.988925e+00,  1.128207e+02
  4.016571e+00,  1.215834e+02
  3.172625e+00,  1.322053e+02
  2.504624e+00,  1.436388e+02
  2.000096e+00,  1.531343e+02
  1.615160e+00,  1.561087e+02
  1.372270e+00,  1.469518e+02
  1.448021e+00,  1.265701e+02
  1.956661e+00,  1.098638e+02
  2.757732e+00,  1.023797e+02
  3.674066e+00,  1.002614e+02
  4.564755e+00,  1.006348e+02
  5.306763e+00,  1.021704e+02
  5.789166e+00,  1.042799e+02
  5.917949e+00,  1.067248e+02
  5.624893e+00,  1.094868e+02
  4.877731e+00,  1.128168e+02
  3.691208e+00,  1.176675e+02
  2.152117e+00,  1.285016e+02
  8.150133e-01,  1.913340e+02
  2.143397e+00,  2.658478e+02
  4.136821e+00,  2.769714e+02
  6.015972e+00,  2.802093e+02
  7.583655e+00,  2.808463e+02
  8.708846e+00,  2.798108e+02
  9.320682e+00,  2.771459e+02
  9.426247e+00,  2.724949e+02
  9.133124e+00,  2.651994e+02
  8.670209e+00,  2.544825e+02
  8.376790e+00,  2.401728e+02
  8.583060e+00,  2.239458e+02
  9.386663e+00,  2.090068e+02
  1.058371e+01,  1.974882e+02
  1.184296e+01,  1.894938e+02
  1.286856e+01,  1.842374e+02
  1.345297e+01,  1.809125e+02
  1.347925e+01,  1.789070e+02
  1.291200e+01,  1.777700e+02
  1.178601e+01,  1.771329e+02
  1.019340e+01,  1.766181e+02
  8.269692e+00,  1.756964e+02
  6.182270e+00,  1.733499e+02
  4.132291e+00,  1.669759e+02
  2.427116e+00,  1.482120e+02
  1.779146e+00,  1.026618e+02
  2.419558e+00,  6.839690e+01
  3.236971e+00,  5.787082e+01
  3.755358e+00,  5.613403e+01
  3.870046e+00,  5.816482e+01
  3.572988e+00,  6.261611e+01
  2.902230e+00,  6.974841e+01
  1.942277e+00,  8.265412e+01
  9.539501e-01,  1.214877e+02
  1.243132e+00,  2.059302e+02
  2.538949e+00,  2.333535e+02
  3.890847e+00,  2.452896e+02
  5.096897e+00,  2.537739e+02
  6.050564e+00,  2.612483e+02
  6.685070e+00,  2.685941e+02
  6.974646e+00,  2.763202e+02
  6.939431e+00,  2.848441e+02
  6.645989e+00,  2.945522e+02
  6.198319e+00,  3.057266e+02
  5.713135e+00,  3.183164e+02
  5.276476e+00,  3.316373e+02
  4.898063e+00,  3.443444e+02
  4.503140e+00,  3.548904e+02
  3.980097e+00,  1.887608e+00
  3.254171e+00,  3.499052e+00
  2.378421e+00,  3.548033e+02
  1.778016e+00,  3.232002e+02
  2.300692e+00,  2.825483e+02
  3.620083e+00,  2.648801e+02
  5.058885e+00,  2.588380e+02
  6.291350e+00,  2.569380e+02
  7.115008e+00,  2.567670e+02
  7.391857e+00,  2.574628e+02
  7.046813e+00,  2.587145e+02
  6.073466e+00,  2.605086e+02
  4.536483e+00,  2.632366e+02
  2.571475e+00,  2.690072e+02
  5.406310e-01,  3.182491e+02
  2.065219e+00,  6.854130e+01
  4.172763e+00,  7.649310e+01
  5.934200e+00,  7.986498e+01
  7.173257e+00,  8.221642e+01
  7.781499e+00,  8.419921e+01
  7.718774e+00,  8.599656e+01
  7.014395e+00,  8.761750e+01
  5.761487e+00,  8.888665e+01
  4.105528e+00,  8.913009e+01
  2.236495e+00,  8.510243e+01
  6.200455e-01,  3.227755e+01
  1.752595e+00,  3.072863e+02
  3.303301e+00,  3.024754e+02
  4.550282e+00,  3.048774e+02
  5.429130e+00,  3.096524e+02
  5.941638e+00,  3.158460e+02
  6.122380e+00,  3.230558e+02
  6.012896e+00,  3.309390e+02
  5.642181e+00,  3.391331e+02
  5.018043e+00,  3.472861e+02
  4.133324e+00,  3.551335e+02
  2.983722e+00,  2.607637e+00
  1.588309e+00,  1.028189e+01
  7.599639e-02,  1.034457e+02
  1.681840e+00,  1.957896e+02
  3.321474e+00,  2.016814e+02
  4.769071e+00,  2.063043e+02
  5.870272e+00,  2.104484e+02
  6.492582e+00,  2.144093e+02
  6.546139e+00,  2.184650e+02
  6.000665e+00,  2.230424e+02
  4.897621e+00,  2.290622e+02
  3.366813e+00,  2.393503e+02
  1.750147e+00,  2.679635e+02
  1.622635e+00,  3.470520e+02
  3.245989e+00,  2.025771e+01
  4.906101e+00,  3.150185e+01
  6.197984e+00,  3.792351e+01
  6.968086e+00,  4.281854e+01
  7.154988e+00,  4.725343e+01
  6.773863e+00,  5.177241e+01
  5.908464e+00,  5.682096e+01
  4.697542e+00,  6.296638e+01
  3.315036e+00,  7.124096e+01
  1.948219e+00,  8.437555e+01
  8.078965e-01,  1.158266e+02
  5.884905e-01,  2.172445e+02
  1.196843e+00,  2.641866e+02
  1.814326e+00,  2.915037e+02
  2.550744e+00,  3.150845e+02
  3.518340e+00,  3.342706e+02
  4.678841e+00,  3.487965e+02
  5.890827e+00,  3.597472e+02
  6.981954e+00,  8.346846e+00
  7.792691e+00,  1.552206e+01
  8.201352e+00,  2.193487e+01
  8.139285e+00,  2.810403e+01
  7.598619e+00,  3.452858e+01
  6.633377e+00,  4.184203e+01
  5.356182e+00,  5.110882e+01
  3.938907e+00,  6.460512e+01
  2.649425e+00,  8.798413e+01
  1.981323e+00,  1.297441e+02
  2.224179e+00,  1.710158e+02
  1.587456e+00,  1.871946e+02
##END=
