##TITLE= E:\桌面\nmr\ogm\sjd\matlabcod\1\3_22_xjhsjd
##JCAMP-DX= 5.00 Bruker JCAMP library
##DATA TYPE= Shape Data
##ORIGIN= Colm's GRAPE Pulses 
##OWNER= Dawei.Lu
##DATE= 02-Aug-2025
##TIME= 11:40
##MINX= 4.994342e-03
##MAXX= 1.173225e+01
##MINY= 6.349469e-01
##MAXY= 3.597252e+02
##$SHAPE_EXMODE= None
##$SHAPE_TOTROT= 9.000000e+01
##$SHAPE_BWFAC= 1.000000e+00
##$SHAPE_INTEGFAC= 1.000000e+00
##$SHAPE_MODE= 1
##PULSE_WIDTH= 5000
##Calibration_Power= 12500
##NPOINTS= 1000
##XYPOINTS= (XY..XY)
  2.589194e+00,  1.071096e+02
  2.032944e+00,  1.306941e+02
  1.174601e+00,  1.725632e+02
  1.372095e+00,  3.236602e+02
  3.751748e+00,  3.393398e+02
  5.927530e+00,  3.465697e+02
  7.793909e+00,  3.525484e+02
  9.294202e+00,  3.580080e+02
  1.038387e+01,  2.981479e+00
  1.102350e+01,  7.310218e+00
  1.118048e+01,  1.073578e+01
  1.083954e+01,  1.289029e+01
  1.002212e+01,  1.321193e+01
  8.814757e+00,  1.075059e+01
  7.412031e+00,  3.839469e+00
  6.179238e+00,  3.500960e+02
  5.643761e+00,  3.293201e+02
  6.087108e+00,  3.086065e+02
  7.137988e+00,  2.948404e+02
  8.224582e+00,  2.877135e+02
  8.962482e+00,  2.850121e+02
  9.159925e+00,  2.853965e+02
  8.771995e+00,  2.884526e+02
  7.880524e+00,  2.945239e+02
  6.690462e+00,  3.047468e+02
  5.531985e+00,  3.209218e+02
  4.808225e+00,  3.435452e+02
  4.722463e+00,  7.830946e+00
  5.004282e+00,  2.750914e+01
  5.197301e+00,  4.187674e+01
  5.002909e+00,  5.329977e+01
  4.327751e+00,  6.463103e+01
  3.268963e+00,  8.029537e+01
  2.226551e+00,  1.112746e+02
  2.198427e+00,  1.627531e+02
  3.310367e+00,  1.945683e+02
  4.562784e+00,  2.082753e+02
  5.464422e+00,  2.150898e+02
  5.804551e+00,  2.186633e+02
  5.503364e+00,  2.199669e+02
  4.588799e+00,  2.185339e+02
  3.210620e+00,  2.111586e+02
  1.818656e+00,  1.821936e+02
  1.977429e+00,  1.182042e+02
  3.585282e+00,  9.362951e+01
  5.243590e+00,  8.779308e+01
  6.560818e+00,  8.749313e+01
  7.393509e+00,  8.991015e+01
  7.707245e+00,  9.437281e+01
  7.555122e+00,  1.008600e+02
  7.059416e+00,  1.095953e+02
  6.380493e+00,  1.208057e+02
  5.670257e+00,  1.344382e+02
  5.014429e+00,  1.499393e+02
  4.402264e+00,  1.665653e+02
  3.764429e+00,  1.843611e+02
  3.071709e+00,  2.053933e+02
  2.468742e+00,  2.346798e+02
  2.372098e+00,  2.737420e+02
  3.005447e+00,  3.067558e+02
  3.979810e+00,  3.263467e+02
  4.877676e+00,  3.376810e+02
  5.437515e+00,  3.445225e+02
  5.501741e+00,  3.484850e+02
  5.001260e+00,  3.499666e+02
  3.962221e+00,  3.480795e+02
  2.541517e+00,  3.379471e+02
  1.368528e+00,  2.928828e+02
  2.183611e+00,  2.308171e+02
  3.831952e+00,  2.147542e+02
  5.274323e+00,  2.103078e+02
  6.212779e+00,  2.094088e+02
  6.496971e+00,  2.104196e+02
  6.077558e+00,  2.132997e+02
  5.016289e+00,  2.192858e+02
  3.535246e+00,  2.329096e+02
  2.304795e+00,  2.695705e+02
  2.793380e+00,  3.228366e+02
  4.465175e+00,  3.465891e+02
  6.106323e+00,  3.560805e+02
  7.272629e+00,  8.442542e-01
  7.766224e+00,  3.642264e+00
  7.514514e+00,  5.476549e+00
  6.549193e+00,  6.819426e+00
  4.993376e+00,  8.017478e+00
  3.043340e+00,  9.729478e+00
  9.503247e-01,  1.747009e+01
  1.082336e+00,  1.763158e+02
  2.720713e+00,  1.815639e+02
  3.815276e+00,  1.814411e+02
  4.230615e+00,  1.794559e+02
  3.932514e+00,  1.748769e+02
  3.024544e+00,  1.640108e+02
  1.967943e+00,  1.320463e+02
  2.293243e+00,  7.299393e+01
  4.106535e+00,  4.634126e+01
  6.187758e+00,  3.707272e+01
  8.062729e+00,  3.310024e+01
  9.485422e+00,  3.128095e+01
  1.030781e+01,  3.054893e+01
  1.046549e+01,  3.042175e+01
  9.973089e+00,  3.058760e+01
  8.915043e+00,  3.072484e+01
  7.429233e+00,  3.029866e+01
  5.691729e+00,  2.812678e+01
  3.922811e+00,  2.102263e+01
  2.500114e+00,  3.596146e+02
  2.239517e+00,  3.174727e+02
  3.221178e+00,  2.913324e+02
  4.516955e+00,  2.835835e+02
  5.738952e+00,  2.826321e+02
  6.755626e+00,  2.840819e+02
  7.482838e+00,  2.861892e+02
  7.845397e+00,  2.880817e+02
  7.782495e+00,  2.891905e+02
  7.266597e+00,  2.889621e+02
  6.326110e+00,  2.865430e+02
  5.073795e+00,  2.801468e+02
  3.767455e+00,  2.656005e+02
  2.951644e+00,  2.365061e+02
  3.220942e+00,  2.024389e+02
  4.178751e+00,  1.824113e+02
  5.111201e+00,  1.732623e+02
  5.658341e+00,  1.695698e+02
  5.675782e+00,  1.692233e+02
  5.150813e+00,  1.720304e+02
  4.195009e+00,  1.796116e+02
  3.103871e+00,  1.971162e+02
  2.539383e+00,  2.319023e+02
  3.098195e+00,  2.668504e+02
  4.195338e+00,  2.844802e+02
  5.158125e+00,  2.920788e+02
  5.677819e+00,  2.948808e+02
  5.630050e+00,  2.946065e+02
  5.013060e+00,  2.911987e+02
  3.948430e+00,  2.826310e+02
  2.761120e+00,  2.620570e+02
  2.269414e+00,  2.190791e+02
  3.098687e+00,  1.813518e+02
  4.381220e+00,  1.641182e+02
  5.447584e+00,  1.555518e+02
  6.018516e+00,  1.502606e+02
  5.970245e+00,  1.462370e+02
  5.279900e+00,  1.424046e+02
  4.011851e+00,  1.375195e+02
  2.319431e+00,  1.275425e+02
  7.590222e-01,  6.739463e+01
  2.063869e+00,  3.432967e+02
  3.960262e+00,  3.309774e+02
  5.578059e+00,  3.254005e+02
  6.736181e+00,  3.210733e+02
  7.343531e+00,  3.166106e+02
  7.389082e+00,  3.111509e+02
  6.952884e+00,  3.036987e+02
  6.220982e+00,  2.928386e+02
  5.501330e+00,  2.769573e+02
  5.180363e+00,  2.562837e+02
  5.480442e+00,  2.355159e+02
  6.233320e+00,  2.196419e+02
  7.086460e+00,  2.091915e+02
  7.759925e+00,  2.025843e+02
  8.091927e+00,  1.983642e+02
  8.012057e+00,  1.955245e+02
  7.515672e+00,  1.933161e+02
  6.646177e+00,  1.910100e+02
  5.484242e+00,  1.875793e+02
  4.149747e+00,  1.809756e+02
  2.846940e+00,  1.659536e+02
  2.057955e+00,  1.315943e+02
  2.426458e+00,  9.093942e+01
  3.481395e+00,  7.057108e+01
  4.582836e+00,  6.148846e+01
  5.483016e+00,  5.648227e+01
  6.074748e+00,  5.279358e+01
  6.311650e+00,  4.911656e+01
  6.195904e+00,  4.455841e+01
  5.781054e+00,  3.823086e+01
  5.178780e+00,  2.904157e+01
  4.563063e+00,  1.582450e+01
  4.144731e+00,  3.583999e+02
  4.062957e+00,  3.393335e+02
  4.252276e+00,  3.227066e+02
  4.492620e+00,  3.103569e+02
  4.569691e+00,  3.017929e+02
  4.349044e+00,  2.960454e+02
  3.779176e+00,  2.925553e+02
  2.880324e+00,  2.916281e+02
  1.741904e+00,  2.964555e+02
  6.685158e-01,  3.370239e+02
  1.223707e+00,  6.110577e+01
  2.390168e+00,  7.296595e+01
  3.369501e+00,  7.410902e+01
  4.016975e+00,  7.227349e+01
  4.265651e+00,  6.865107e+01
  4.105885e+00,  6.313924e+01
  3.588896e+00,  5.475772e+01
  2.840545e+00,  4.092428e+01
  2.117030e+00,  1.567907e+01
  1.893706e+00,  3.352882e+02
  2.395359e+00,  2.996611e+02
  3.189982e+00,  2.780740e+02
  3.934238e+00,  2.633410e+02
  4.497722e+00,  2.508804e+02
  4.861288e+00,  2.385770e+02
  5.076711e+00,  2.254168e+02
  5.238464e+00,  2.111449e+02
  5.441297e+00,  1.962693e+02
  5.729148e+00,  1.818271e+02
  6.069288e+00,  1.687709e+02
  6.372110e+00,  1.575059e+02
  6.533553e+00,  1.479185e+02
  6.469171e+00,  1.396274e+02
  6.131076e+00,  1.321587e+02
  5.512410e+00,  1.249788e+02
  4.645074e+00,  1.173857e+02
  3.595742e+00,  1.081379e+02
  2.470963e+00,  9.413869e+01
  1.486878e+00,  6.508270e+01
  1.257663e+00,  6.952126e+00
  1.959852e+00,  3.276881e+02
  2.854460e+00,  3.099878e+02
  3.677741e+00,  2.989527e+02
  4.376046e+00,  2.901055e+02
  4.951616e+00,  2.819551e+02
  5.429692e+00,  2.739308e+02
  5.842993e+00,  2.658588e+02
  6.219380e+00,  2.577766e+02
  6.573525e+00,  2.498184e+02
  6.900170e+00,  2.421126e+02
  7.176156e+00,  2.347030e+02
  7.369042e+00,  2.275193e+02
  7.448090e+00,  2.203878e+02
  7.394402e+00,  2.130609e+02
  7.208238e+00,  2.052484e+02
  6.912276e+00,  1.966561e+02
  6.549483e+00,  1.870469e+02
  6.173887e+00,  1.763398e+02
  5.833659e+00,  1.647206e+02
  5.550747e+00,  1.526702e+02
  5.308351e+00,  1.408093e+02
  5.056775e+00,  1.296246e+02
  4.735018e+00,  1.192785e+02
  4.294576e+00,  1.095863e+02
  3.715196e+00,  1.000477e+02
  3.011393e+00,  8.975470e+01
  2.234570e+00,  7.689113e+01
  1.483293e+00,  5.694261e+01
  9.619948e-01,  1.891166e+01
  9.669145e-01,  3.275316e+02
  1.285502e+00,  2.952200e+02
  1.562159e+00,  2.751861e+02
  1.700646e+00,  2.578540e+02
  1.730274e+00,  2.387981e+02
  1.757853e+00,  2.162139e+02
  1.911088e+00,  1.920871e+02
  2.226918e+00,  1.709943e+02
  2.618623e+00,  1.550083e+02
  2.955955e+00,  1.432529e+02
  3.125642e+00,  1.342243e+02
  3.049720e+00,  1.266612e+02
  2.691198e+00,  1.193944e+02
  2.059111e+00,  1.105675e+02
  1.229171e+00,  9.381227e+01
  6.253960e-01,  2.921153e+01
  1.329728e+00,  3.259335e+02
  2.377629e+00,  3.101533e+02
  3.330253e+00,  3.027011e+02
  4.057558e+00,  2.974782e+02
  4.481386e+00,  2.928683e+02
  4.563316e+00,  2.880537e+02
  4.308312e+00,  2.822576e+02
  3.770709e+00,  2.743084e+02
  3.066880e+00,  2.620032e+02
  2.408853e+00,  2.414119e+02
  2.125741e+00,  2.106800e+02
  2.388505e+00,  1.809788e+02
  2.924717e+00,  1.615258e+02
  3.415890e+00,  1.493237e+02
  3.695060e+00,  1.404070e+02
  3.700526e+00,  1.322543e+02
  3.446959e+00,  1.227800e+02
  3.031304e+00,  1.093967e+02
  2.667570e+00,  8.902245e+01
  2.674614e+00,  6.264476e+01
  3.202028e+00,  3.953602e+01
  4.058980e+00,  2.478664e+01
  4.991753e+00,  1.625959e+01
  5.824061e+00,  1.128622e+01
  6.440480e+00,  8.237577e+00
  6.765081e+00,  6.145061e+00
  6.753351e+00,  4.332140e+00
  6.391406e+00,  2.175495e+00
  5.699848e+00,  3.588717e+02
  4.744328e+00,  3.530236e+02
  3.666144e+00,  3.416680e+02
  2.775319e+00,  3.188907e+02
  2.628775e+00,  2.839306e+02
  3.370976e+00,  2.562563e+02
  4.459277e+00,  2.415877e+02
  5.487518e+00,  2.336226e+02
  6.259252e+00,  2.285422e+02
  6.676934e+00,  2.245388e+02
  6.706182e+00,  2.205406e+02
  6.371099e+00,  2.156295e+02
  5.759245e+00,  2.087028e+02
  5.033369e+00,  1.982857e+02
  4.440560e+00,  1.830286e+02
  4.253523e+00,  1.640895e+02
  4.566437e+00,  1.466123e+02
  5.196863e+00,  1.346033e+02
  5.885560e+00,  1.280116e+02
  6.451008e+00,  1.253903e+02
  6.800546e+00,  1.255502e+02
  6.904537e+00,  1.277190e+02
  6.772233e+00,  1.313719e+02
  6.431626e+00,  1.360851e+02
  5.913188e+00,  1.414429e+02
  5.239453e+00,  1.469848e+02
  4.422496e+00,  1.521490e+02
  3.469766e+00,  1.561020e+02
  2.398355e+00,  1.569754e+02
  1.278014e+00,  1.468447e+02
  7.096587e-01,  7.667017e+01
  1.657349e+00,  3.211080e+01
  2.828065e+00,  2.528416e+01
  3.875533e+00,  2.415292e+01
  4.679725e+00,  2.417470e+01
  5.154807e+00,  2.405493e+01
  5.247580e+00,  2.303756e+01
  4.950097e+00,  2.022045e+01
  4.321079e+00,  1.396379e+01
  3.536098e+00,  9.040089e-01
  3.000590e+00,  3.363375e+02
  3.273317e+00,  3.057683e+02
  4.332535e+00,  2.848212e+02
  5.686236e+00,  2.740161e+02
  6.974958e+00,  2.685931e+02
  7.985415e+00,  2.658480e+02
  8.583790e+00,  2.644829e+02
  8.692869e+00,  2.638028e+02
  8.285713e+00,  2.633351e+02
  7.382798e+00,  2.626083e+02
  6.050091e+00,  2.608816e+02
  4.402961e+00,  2.563946e+02
  2.652422e+00,  2.428534e+02
  1.530196e+00,  1.934086e+02
  2.442798e+00,  1.392716e+02
  4.040585e+00,  1.239264e+02
  5.487443e+00,  1.187414e+02
  6.581111e+00,  1.164284e+02
  7.237614e+00,  1.149435e+02
  7.432581e+00,  1.133174e+02
  7.194851e+00,  1.107472e+02
  6.613191e+00,  1.062284e+02
  5.853258e+00,  9.831348e+01
  5.184111e+00,  8.536570e+01
  4.956349e+00,  6.771117e+01
  5.388484e+00,  5.025119e+01
  6.352856e+00,  3.794027e+01
  7.553820e+00,  3.115935e+01
  8.748747e+00,  2.828195e+01
  9.780940e+00,  2.787387e+01
  1.055301e+01,  2.899078e+01
  1.100504e+01,  3.101239e+01
  1.110211e+01,  3.348999e+01
  1.082798e+01,  3.604907e+01
  1.018344e+01,  3.831943e+01
  9.188783e+00,  3.985811e+01
  7.890513e+00,  4.001229e+01
  6.374670e+00,  3.759973e+01
  4.797622e+00,  3.009357e+01
  3.473113e+00,  1.211325e+01
  2.982002e+00,  3.402942e+02
  3.559080e+00,  3.119190e+02
  4.551768e+00,  2.970721e+02
  5.411851e+00,  2.897880e+02
  5.890238e+00,  2.856638e+02
  5.878907e+00,  2.825277e+02
  5.357244e+00,  2.788517e+02
  4.389475e+00,  2.725192e+02
  3.175420e+00,  2.583801e+02
  2.309208e+00,  2.238385e+02
  2.848675e+00,  1.800510e+02
  4.399501e+00,  1.596751e+02
  6.118622e+00,  1.521817e+02
  7.658325e+00,  1.496312e+02
  8.846592e+00,  1.493454e+02
  9.583866e+00,  1.502816e+02
  9.821403e+00,  1.519463e+02
  9.553946e+00,  1.540524e+02
  8.813650e+00,  1.563819e+02
  7.662977e+00,  1.587013e+02
  6.187128e+00,  1.606501e+02
  4.488143e+00,  1.614339e+02
  2.688064e+00,  1.583706e+02
  1.034693e+00,  1.320104e+02
  1.284341e+00,  3.599903e+01
  2.731216e+00,  1.926042e+01
  3.987988e+00,  1.639287e+01
  4.892036e+00,  1.572451e+01
  5.371753e+00,  1.502444e+01
  5.400943e+00,  1.311632e+01
  5.012341e+00,  8.588761e+00
  4.340610e+00,  3.589552e+02
  3.718297e+00,  3.402866e+02
  3.729376e+00,  3.129898e+02
  4.683879e+00,  2.896945e+02
  6.218516e+00,  2.765761e+02
  7.890687e+00,  2.702369e+02
  9.415576e+00,  2.675829e+02
  1.061536e+01,  2.670507e+02
  1.138499e+01,  2.678895e+02
  1.168045e+01,  2.697261e+02
  1.151160e+01,  2.723619e+02
  1.093289e+01,  2.756667e+02
  1.003017e+01,  2.795057e+02
  8.904593e+00,  2.836625e+02
  7.655922e+00,  2.877351e+02
  6.370133e+00,  2.909746e+02
  5.119863e+00,  2.920054e+02
  3.991387e+00,  2.883319e+02
  3.154063e+00,  2.761501e+02
  2.904085e+00,  2.549562e+02
  3.362157e+00,  2.352975e+02
  4.218030e+00,  2.242100e+02
  5.110575e+00,  2.191947e+02
  5.796282e+00,  2.172061e+02
  6.108412e+00,  2.165969e+02
  5.935010e+00,  2.165042e+02
  5.219248e+00,  2.163454e+02
  3.965139e+00,  2.153424e+02
  2.246556e+00,  2.106464e+02
  4.968295e-01,  1.441760e+02
  2.271619e+00,  5.724942e+01
  4.561146e+00,  5.170973e+01
  6.682199e+00,  5.041800e+01
  8.436945e+00,  5.011316e+01
  9.672887e+00,  5.012167e+01
  1.029020e+01,  5.018187e+01
  1.025158e+01,  5.011644e+01
  9.586305e+00,  4.971963e+01
  8.387661e+00,  4.865249e+01
  6.805787e+00,  4.623525e+01
  5.042753e+00,  4.088636e+01
  3.373974e+00,  2.843733e+01
  2.264813e+00,  3.597252e+02
  2.262706e+00,  3.215210e+02
  2.896142e+00,  3.015684e+02
  3.449907e+00,  2.956093e+02
  3.694643e+00,  2.965725e+02
  3.617675e+00,  3.022209e+02
  3.301689e+00,  3.124772e+02
  2.888994e+00,  3.283306e+02
  2.563987e+00,  3.506246e+02
  2.490310e+00,  1.725153e+01
  2.690807e+00,  4.286099e+01
  3.049910e+00,  6.440493e+01
  3.447651e+00,  8.236944e+01
  3.816639e+00,  9.796282e+01
  4.122138e+00,  1.119041e+02
  4.332429e+00,  1.244625e+02
  4.403408e+00,  1.357380e+02
  4.280778e+00,  1.458788e+02
  3.914326e+00,  1.552113e+02
  3.275703e+00,  1.644099e+02
  2.375282e+00,  1.751921e+02
  1.297453e+00,  1.950679e+02
  6.894816e-01,  2.769872e+02
  1.721069e+00,  3.314535e+02
  2.983767e+00,  3.452896e+02
  4.097227e+00,  3.527102e+02
  4.926494e+00,  3.581653e+02
  5.384825e+00,  2.856946e+00
  5.429647e+00,  7.342614e+00
  5.066375e+00,  1.204758e+01
  4.348360e+00,  1.749139e+01
  3.372743e+00,  2.459948e+01
  2.276199e+00,  3.563115e+01
  1.251412e+00,  5.867978e+01
  7.516077e-01,  1.205224e+02
  1.120529e+00,  1.753029e+02
  1.563175e+00,  2.008239e+02
  1.851401e+00,  2.222975e+02
  2.108249e+00,  2.461835e+02
  2.557226e+00,  2.706524e+02
  3.301830e+00,  2.905741e+02
  4.242955e+00,  3.043819e+02
  5.194681e+00,  3.134497e+02
  5.973682e+00,  3.192874e+02
  6.430669e+00,  3.228051e+02
  6.465778e+00,  3.243652e+02
  6.041453e+00,  3.238125e+02
  5.197098e+00,  3.202273e+02
  4.079949e+00,  3.110153e+02
  3.046471e+00,  2.900264e+02
  2.805323e+00,  2.544390e+02
  3.641040e+00,  2.258910e+02
  4.876716e+00,  2.122181e+02
  5.988302e+00,  2.062476e+02
  6.731012e+00,  2.039826e+02
  6.991527e+00,  2.038717e+02
  6.740221e+00,  2.053881e+02
  6.017669e+00,  2.085691e+02
  4.923903e+00,  2.140721e+02
  3.616932e+00,  2.239053e+02
  2.352713e+00,  2.442042e+02
  1.676974e+00,  2.876132e+02
  2.084269e+00,  3.320555e+02
  2.875143e+00,  3.540558e+02
  3.505524e+00,  6.264834e+00
  3.818267e+00,  1.522426e+01
  3.786086e+00,  2.338569e+01
  3.445127e+00,  3.212169e+01
  2.875230e+00,  4.282684e+01
  2.193219e+00,  5.783916e+01
  1.564515e+00,  8.186562e+01
  1.228445e+00,  1.197281e+02
  1.311360e+00,  1.590059e+02
  1.563480e+00,  1.860606e+02
  1.738398e+00,  2.055978e+02
  1.747479e+00,  2.234244e+02
  1.600279e+00,  2.440294e+02
  1.408116e+00,  2.726709e+02
  1.427196e+00,  3.110763e+02
  1.869302e+00,  3.460558e+02
  2.631715e+00,  9.430144e+00
  3.532472e+00,  2.510763e+01
  4.444306e+00,  3.673367e+01
  5.271001e+00,  4.611216e+01
  5.932191e+00,  5.413050e+01
  6.362196e+00,  6.126087e+01
  6.512659e+00,  6.776980e+01
  6.354950e+00,  7.381039e+01
  5.881494e+00,  7.946985e+01
  5.106359e+00,  8.479967e+01
  4.065403e+00,  8.983987e+01
  2.815620e+00,  9.465483e+01
  1.433045e+00,  9.951945e+01
  2.877335e-02,  1.759501e+02
  1.358397e+00,  2.848629e+02
  2.563458e+00,  2.886025e+02
  3.510303e+00,  2.914261e+02
  4.116102e+00,  2.934324e+02
  4.322853e+00,  2.943360e+02
  4.109717e+00,  2.934485e+02
  3.512345e+00,  2.890962e+02
  2.676313e+00,  2.766861e+02
  2.059447e+00,  2.457353e+02
  2.496759e+00,  2.054667e+02
  3.822651e+00,  1.850666e+02
  5.385450e+00,  1.772881e+02
  6.862994e+00,  1.745501e+02
  8.077602e+00,  1.741037e+02
  8.913987e+00,  1.748793e+02
  9.304878e+00,  1.764000e+02
  9.229536e+00,  1.784306e+02
  8.712124e+00,  1.808434e+02
  7.816900e+00,  1.835517e+02
  6.639863e+00,  1.864535e+02
  5.297451e+00,  1.893355e+02
  3.913899e+00,  1.916230e+02
  2.612194e+00,  1.915540e+02
  1.531838e+00,  1.829073e+02
  9.830912e-01,  1.487354e+02
  1.302735e+00,  1.146766e+02
  1.981979e+00,  1.090265e+02
  2.738737e+00,  1.137831e+02
  3.525123e+00,  1.213328e+02
  4.295012e+00,  1.291739e+02
  4.970659e+00,  1.365092e+02
  5.456483e+00,  1.432340e+02
  5.661498e+00,  1.495518e+02
  5.520009e+00,  1.558600e+02
  5.008575e+00,  1.628283e+02
  4.161806e+00,  1.717867e+02
  3.101542e+00,  1.860215e+02
  2.147929e+00,  2.143315e+02
  2.025817e+00,  2.610326e+02
  2.881514e+00,  2.932870e+02
  3.959235e+00,  3.079750e+02
  4.844666e+00,  3.151230e+02
  5.363413e+00,  3.184821e+02
  5.442889e+00,  3.190621e+02
  5.091030e+00,  3.165627e+02
  4.413435e+00,  3.093662e+02
  3.674014e+00,  2.940437e+02
  3.376170e+00,  2.684338e+02
  3.946373e+00,  2.425000e+02
  5.147043e+00,  2.266195e+02
  6.516171e+00,  2.187928e+02
  7.753911e+00,  2.153739e+02
  8.687898e+00,  2.143711e+02
  9.222142e+00,  2.147858e+02
  9.315587e+00,  2.160639e+02
  8.970710e+00,  2.178284e+02
  8.224091e+00,  2.197340e+02
  7.137786e+00,  2.213401e+02
  5.793573e+00,  2.218915e+02
  4.296224e+00,  2.197060e+02
  2.811650e+00,  2.099004e+02
  1.782165e+00,  1.776248e+02
  2.085813e+00,  1.310280e+02
  3.208604e+00,  1.119127e+02
  4.339483e+00,  1.063811e+02
  5.211730e+00,  1.053428e+02
  5.705218e+00,  1.060427e+02
  5.753396e+00,  1.074668e+02
  5.331504e+00,  1.091504e+02
  4.457050e+00,  1.108017e+02
  3.189933e+00,  1.120484e+02
  1.630148e+00,  1.114271e+02
  1.871183e-01,  3.540578e+02
  1.860781e+00,  3.054890e+02
  3.470902e+00,  3.051288e+02
  4.806883e+00,  3.061462e+02
  5.752215e+00,  3.073943e+02
  6.230290e+00,  3.085450e+02
  6.211273e+00,  3.093257e+02
  5.715238e+00,  3.092995e+02
  4.813702e+00,  3.075344e+02
  3.640864e+00,  3.016340e+02
  2.467432e+00,  2.844978e+02
  1.985179e+00,  2.446322e+02
  2.768086e+00,  2.104321e+02
  4.080301e+00,  1.981072e+02
  5.405681e+00,  1.950749e+02
  6.571579e+00,  1.957767e+02
  7.506829e+00,  1.981823e+02
  8.175804e+00,  2.013312e+02
  8.557222e+00,  2.046176e+02
  8.636651e+00,  2.075500e+02
  8.407644e+00,  2.096356e+02
  7.880578e+00,  2.102708e+02
  7.099529e+00,  2.085771e+02
  6.170696e+00,  2.031554e+02
  5.307846e+00,  1.920296e+02
  4.860062e+00,  1.743055e+02
  5.137298e+00,  1.543444e+02
  6.063392e+00,  1.389188e+02
  7.277769e+00,  1.294375e+02
  8.450309e+00,  1.240764e+02
  9.355334e+00,  1.211285e+02
  9.848363e+00,  1.195272e+02
  9.848604e+00,  1.186167e+02
  9.332261e+00,  1.179316e+02
  8.329462e+00,  1.170289e+02
  6.921330e+00,  1.152836e+02
  5.238869e+00,  1.114203e+02
  3.480019e+00,  1.018757e+02
  2.047975e+00,  7.438733e+01
  1.917237e+00,  2.111082e+01
  2.912388e+00,  3.530048e+02
  3.920920e+00,  3.435095e+02
  4.592451e+00,  3.399543e+02
  4.833533e+00,  3.385516e+02
  4.634767e+00,  3.377389e+02
  4.038342e+00,  3.362544e+02
  3.134572e+00,  3.318830e+02
  2.105543e+00,  3.181130e+02
  1.506627e+00,  2.776285e+02
  2.176490e+00,  2.355444e+02
  3.506199e+00,  2.216555e+02
  4.946410e+00,  2.185584e+02
  6.323927e+00,  2.192266e+02
  7.549765e+00,  2.214168e+02
  8.558121e+00,  2.241819e+02
  9.294360e+00,  2.269992e+02
  9.714667e+00,  2.294990e+02
  9.790394e+00,  2.313497e+02
  9.515155e+00,  2.321821e+02
  8.914121e+00,  2.315111e+02
  8.056091e+00,  2.286331e+02
  7.069561e+00,  2.225265e+02
  6.159442e+00,  2.119916e+02
  5.591108e+00,  1.967613e+02
  5.557901e+00,  1.794911e+02
  5.989845e+00,  1.645345e+02
  6.603602e+00,  1.537793e+02
  7.111422e+00,  1.465339e+02
  7.315643e+00,  1.415105e+02
  7.109208e+00,  1.376004e+02
  6.461233e+00,  1.338142e+02
  5.409705e+00,  1.288884e+02
  4.070949e+00,  1.202544e+02
  2.719538e+00,  1.006091e+02
  2.127600e+00,  5.673436e+01
  2.993921e+00,  1.802125e+01
  4.431309e+00,  2.458730e+00
  5.811370e+00,  3.562641e+02
  6.909432e+00,  3.537036e+02
  7.621651e+00,  3.528152e+02
  7.902508e+00,  3.527649e+02
  7.749763e+00,  3.530979e+02
  7.197634e+00,  3.534741e+02
  6.310844e+00,  3.535170e+02
  5.178733e+00,  3.526281e+02
  3.912122e+00,  3.495589e+02
  2.654227e+00,  3.410629e+02
  1.657226e+00,  3.177482e+02
  1.440010e+00,  2.732855e+02
  1.977199e+00,  2.443273e+02
  2.598487e+00,  2.333553e+02
  3.022185e+00,  2.289229e+02
  3.163497e+00,  2.266392e+02
  3.003343e+00,  2.244869e+02
  2.565283e+00,  2.206171e+02
  1.927033e+00,  2.113560e+02
  1.307640e+00,  1.860907e+02
  1.295915e+00,  1.384648e+02
  2.034028e+00,  1.102555e+02
  2.962806e+00,  1.004623e+02
  3.811741e+00,  9.739426e+01
  4.458846e+00,  9.726981e+01
  4.836194e+00,  9.887766e+01
  4.915433e+00,  1.018834e+02
  4.707579e+00,  1.063989e+02
  4.264858e+00,  1.129161e+02
  3.682549e+00,  1.223658e+02
  3.098652e+00,  1.360209e+02
  2.674436e+00,  1.543813e+02
  2.511478e+00,  1.746979e+02
  2.544770e+00,  1.918713e+02
  2.596348e+00,  2.034890e+02
  2.517506e+00,  2.099893e+02
  2.240610e+00,  2.120256e+02
  1.773853e+00,  2.089041e+02
  1.203782e+00,  1.961205e+02
  7.829740e-01,  1.586353e+02
  9.357956e-01,  1.081076e+02
  1.371670e+00,  8.420108e+01
  1.696610e+00,  7.145779e+01
  1.782438e+00,  5.993456e+01
  1.628827e+00,  4.353748e+01
  1.427058e+00,  1.384120e+01
  1.675212e+00,  3.329047e+02
  2.584839e+00,  3.050271e+02
  3.858032e+00,  2.904961e+02
  5.241928e+00,  2.819566e+02
  6.562535e+00,  2.760145e+02
  7.683354e+00,  2.712070e+02
  8.500329e+00,  2.667862e+02
  8.947220e+00,  2.622747e+02
  9.001152e+00,  2.572863e+02
  8.685096e+00,  2.514370e+02
  8.066292e+00,  2.442913e+02
  7.250278e+00,  2.353371e+02
  6.369317e+00,  2.240346e+02
  5.561018e+00,  2.100374e+02
  4.930758e+00,  1.936299e+02
  4.505284e+00,  1.759729e+02
  4.218926e+00,  1.584552e+02
  3.964131e+00,  1.415825e+02
  3.666280e+00,  1.245923e+02
  3.334345e+00,  1.057877e+02
  3.081018e+00,  8.345888e+01
  3.087970e+00,  5.829604e+01
  3.459076e+00,  3.483770e+01
  4.110784e+00,  1.674123e+01
  4.872914e+00,  3.847744e+00
  5.600352e+00,  3.545856e+02
  6.196410e+00,  3.476112e+02
  6.605944e+00,  3.420128e+02
  6.807000e+00,  3.371726e+02
  6.803848e+00,  3.326425e+02
  6.620387e+00,  3.280715e+02
  6.293451e+00,  3.231732e+02
  5.866032e+00,  3.177216e+02
  5.380472e+00,  3.115685e+02
  4.871739e+00,  3.046734e+02
  4.361333e+00,  2.971283e+02
  3.853340e+00,  2.891482e+02
  3.334749e+00,  2.810063e+02
  2.781165e+00,  2.729204e+02
  2.166490e+00,  2.649065e+02
  1.473317e+00,  2.564607e+02
  7.029723e-01,  2.442657e+02
  2.060769e-01,  1.109494e+02
  1.041930e+00,  7.112456e+01
  1.907214e+00,  6.179085e+01
  2.717452e+00,  5.440871e+01
  3.426429e+00,  4.720063e+01
  4.002139e+00,  3.959958e+01
  4.432348e+00,  3.129338e+01
  4.727002e+00,  2.210509e+01
  4.914150e+00,  1.201630e+01
  5.027943e+00,  1.216533e+00
  5.091344e+00,  3.500991e+02
  5.101688e+00,  3.391529e+02
  5.028368e+00,  3.287950e+02
  4.824490e+00,  3.192535e+02
  4.445370e+00,  3.105586e+02
  3.864931e+00,  3.025994e+02
  3.085253e+00,  2.951873e+02
  2.138720e+00,  2.880897e+02
  1.083989e+00,  2.810071e+02
  4.994342e-03,  1.494206e+02
  1.040638e+00,  8.663300e+01
  1.958413e+00,  7.799669e+01
  2.712013e+00,  6.812655e+01
  3.300370e+00,  5.652838e+01
  3.776310e+00,  4.293658e+01
  4.240137e+00,  2.763452e+01
  4.801709e+00,  1.169473e+01
  5.520164e+00,  3.565793e+02
  6.369356e+00,  3.432980e+02
  7.254942e+00,  3.320592e+02
  8.055319e+00,  3.225380e+02
  8.656230e+00,  3.142219e+02
  8.973008e+00,  3.065799e+02
  8.964165e+00,  2.990954e+02
  8.639101e+00,  2.912427e+02
  8.060593e+00,  2.824570e+02
  7.340965e+00,  2.721550e+02
  6.627216e+00,  2.599104e+02
  6.064566e+00,  2.458857e+02
  5.733802e+00,  2.312478e+02
  5.599431e+00,  2.177785e+02
  5.530282e+00,  2.067542e+02
  5.376292e+00,  1.984434e+02
  5.027402e+00,  1.924749e+02
  4.430580e+00,  1.882806e+02
  3.583515e+00,  1.852435e+02
  2.521744e+00,  1.824936e+02
  1.308574e+00,  1.771666e+02
  2.404590e-01,  9.179475e+01
  1.377364e+00,  1.899658e+01
  2.644493e+00,  1.533934e+01
  3.799975e+00,  1.495367e+01
  4.779137e+00,  1.522934e+01
  5.528840e+00,  1.543216e+01
  6.007571e+00,  1.511718e+01
  6.191460e+00,  1.386527e+01
  6.083855e+00,  1.117147e+01
  5.727700e+00,  6.351526e+00
  5.219293e+00,  3.584956e+02
  4.716376e+00,  3.467199e+02
  4.411224e+00,  3.312376e+02
  4.423247e+00,  3.146637e+02
  4.681414e+00,  3.005530e+02
  4.971338e+00,  2.904485e+02
  5.074353e+00,  2.840328e+02
  4.839960e+00,  2.806877e+02
  4.201186e+00,  2.804136e+02
  3.183355e+00,  2.848996e+02
  1.973068e+00,  3.024516e+02
  1.445436e+00,  3.592929e+02
  2.579135e+00,  4.162129e+01
  4.155500e+00,  5.394999e+01
  5.587425e+00,  5.835694e+01
  6.649763e+00,  6.003683e+01
  7.210085e+00,  6.041538e+01
  7.205177e+00,  5.996155e+01
  6.643432e+00,  5.878186e+01
  5.603559e+00,  5.673599e+01
  4.226906e+00,  5.330260e+01
  2.705041e+00,  4.683253e+01
  1.282818e+00,  2.972419e+01
  5.797953e-01,  3.124708e+02
  1.081097e+00,  2.570731e+02
  1.337638e+00,  2.374518e+02
  1.159247e+00,  2.111610e+02
  1.148473e+00,  1.538464e+02
  2.256023e+00,  1.116929e+02
  4.037268e+00,  9.604241e+01
  6.065373e+00,  8.860601e+01
  8.065810e+00,  8.418935e+01
  9.801248e+00,  8.116652e+01
  1.107185e+01,  7.886941e+01
  1.173225e+01,  7.694371e+01
  1.170637e+01,  7.513432e+01
  1.099533e+01,  7.317659e+01
  9.677531e+00,  7.068712e+01
  7.902903e+00,  6.695415e+01
  5.889115e+00,  6.037419e+01
  3.948106e+00,  4.671609e+01
  2.634393e+00,  1.624604e+01
  2.657126e+00,  3.352217e+02
  3.474644e+00,  3.130280e+02
  4.207605e+00,  3.046783e+02
  4.565328e+00,  3.023962e+02
  4.504028e+00,  3.032584e+02
  4.070074e+00,  3.060748e+02
  3.343712e+00,  3.101104e+02
  2.406255e+00,  3.143610e+02
  1.323756e+00,  3.154508e+02
  3.198033e-01,  2.576101e+02
  1.322361e+00,  1.785777e+02
  2.747536e+00,  1.788372e+02
  4.247498e+00,  1.833154e+02
  5.734559e+00,  1.882808e+02
  7.094968e+00,  1.930298e+02
  8.197485e+00,  1.974218e+02
  8.914995e+00,  2.015031e+02
  9.148565e+00,  2.054130e+02
  8.848541e+00,  2.093729e+02
  8.028982e+00,  2.137295e+02
  6.773937e+00,  2.190888e+02
  5.237900e+00,  2.266832e+02
  3.652138e+00,  2.394364e+02
  2.375082e+00,  2.643771e+02
  1.921251e+00,  3.051912e+02
  2.199824e+00,  3.368534e+02
  2.445830e+00,  3.521222e+02
  2.279697e+00,  3.588974e+02
  1.633035e+00,  3.593128e+02
  6.423582e-01,  3.365722e+02
  9.914573e-01,  2.257511e+02
  2.406627e+00,  2.131129e+02
  3.742294e+00,  2.119556e+02
  4.757110e+00,  2.133026e+02
  5.280212e+00,  2.161808e+02
  5.215393e+00,  2.209936e+02
  4.575718e+00,  2.294315e+02
  3.567200e+00,  2.462838e+02
  2.866062e+00,  2.812393e+02
  3.551007e+00,  3.224868e+02
  5.301163e+00,  3.447458e+02
  7.240329e+00,  3.552686e+02
  8.903065e+00,  8.869995e-01
  1.002522e+01,  4.143913e+00
  1.045483e+01,  5.994037e+00
  1.013768e+01,  6.747342e+00
  9.114812e+00,  6.308761e+00
  7.519106e+00,  4.067522e+00
  5.576774e+00,  3.582266e+02
  3.656008e+00,  3.433441e+02
  2.513342e+00,  3.071279e+02
  2.944188e+00,  2.667547e+02
  3.998344e+00,  2.498695e+02
  4.796702e+00,  2.453104e+02
  5.098795e+00,  2.466707e+02
  4.907810e+00,  2.525400e+02
  4.371441e+00,  2.636367e+02
  3.769417e+00,  2.817973e+02
  3.467997e+00,  3.070486e+02
  3.661545e+00,  3.331214e+02
  4.142276e+00,  3.537982e+02
  4.571687e+00,  9.462126e+00
  4.738359e+00,  2.283465e+01
  4.585187e+00,  3.642500e+01
  4.193729e+00,  5.258167e+01
  3.775328e+00,  7.339048e+01
  3.608432e+00,  9.853452e+01
  3.821794e+00,  1.231721e+02
  4.243560e+00,  1.429811e+02
  4.588872e+00,  1.581613e+02
  4.652192e+00,  1.707970e+02
  4.348990e+00,  1.830943e+02
  3.716212e+00,  1.976720e+02
  2.936181e+00,  2.188483e+02
  2.412239e+00,  2.522268e+02
  2.607008e+00,  2.906167e+02
  3.340686e+00,  3.176975e+02
  4.114888e+00,  3.350762e+02
  4.646947e+00,  3.483049e+02
  4.837353e+00,  6.349469e-01
  4.716978e+00,  1.418635e+01
  4.431464e+00,  3.059451e+01
  4.206308e+00,  5.035576e+01
  4.223917e+00,  7.132004e+01
  4.456277e+00,  8.972844e+01
  4.679321e+00,  1.037482e+02
  4.641629e+00,  1.138074e+02
  4.170171e+00,  1.208748e+02
  3.194614e+00,  1.254602e+02
  1.745614e+00,  1.261488e+02
  2.715872e-01,  2.662970e+01
  2.137168e+00,  3.281318e+02
  4.134843e+00,  3.277085e+02
  5.895973e+00,  3.293680e+02
  7.211555e+00,  3.316265e+02
  7.921440e+00,  3.343387e+02
  7.934709e+00,  3.376883e+02
  7.245978e+00,  3.421778e+02
  5.948805e+00,  3.490248e+02
  4.267589e+00,  1.689875e+00
  2.735357e+00,  3.134659e+01
  2.635257e+00,  8.449080e+01
  4.014158e+00,  1.160822e+02
  5.532942e+00,  1.293515e+02
  6.644293e+00,  1.362833e+02
  7.153348e+00,  1.405788e+02
  7.006395e+00,  1.434145e+02
  6.248510e+00,  1.450369e+02
  5.006275e+00,  1.449250e+02
  3.481003e+00,  1.407896e+02
  2.013397e+00,  1.231184e+02
  1.532836e+00,  7.092578e+01
  2.479510e+00,  3.917944e+01
  3.653742e+00,  3.450332e+01
  4.692971e+00,  3.867060e+01
  5.594048e+00,  4.670819e+01
  6.421233e+00,  5.652002e+01
  7.207623e+00,  6.667696e+01
  7.909257e+00,  7.622579e+01
  8.413225e+00,  8.475000e+01
  8.579516e+00,  9.227705e+01
  8.280028e+00,  9.915212e+01
  7.384698e+00,  1.060521e+02
  5.507709e+00,  1.102103e+02
##END=
