##TITLE= E:\桌面\nmr\ogm\sjd\matlabcod\1_unitary\3_23_xjhsjd
##JCAMP-DX= 5.00 Bruker JCAMP library
##DATA TYPE= Shape Data
##ORIGIN= Colm's GRAPE Pulses 
##OWNER= Dawei.Lu
##DATE= 02-Aug-2025
##TIME= 13:24
##MINX= 5.542521e-01
##MAXX= 2.007349e+01
##MINY= 2.893017e+00
##MAXY= 3.598417e+02
##$SHAPE_EXMODE= None
##$SHAPE_TOTROT= 9.000000e+01
##$SHAPE_BWFAC= 1.000000e+00
##$SHAPE_INTEGFAC= 1.000000e+00
##$SHAPE_MODE= 1
##PULSE_WIDTH= 2000
##Calibration_Power= 12500
##NPOINTS= 200
##XYPOINTS= (XY..XY)
  6.664467e+00,  2.959140e+02
  5.734943e+00,  2.707360e+02
  5.421987e+00,  2.329952e+02
  4.171178e+00,  2.095536e+02
  3.426264e+00,  1.778693e+02
  3.939039e+00,  1.481582e+02
  4.960693e+00,  1.316893e+02
  5.465787e+00,  1.191383e+02
  4.972417e+00,  9.917798e+01
  4.448571e+00,  5.799106e+01
  6.088814e+00,  1.303346e+01
  8.579790e+00,  3.485616e+02
  9.463048e+00,  3.325553e+02
  7.763091e+00,  3.152072e+02
  4.503844e+00,  2.798342e+02
  4.053304e+00,  2.033951e+02
  6.016773e+00,  1.626917e+02
  5.828974e+00,  1.345618e+02
  4.303489e+00,  7.971362e+01
  7.007948e+00,  1.461570e+01
  1.143028e+01,  3.481349e+02
  1.337765e+01,  3.314105e+02
  1.162366e+01,  3.124749e+02
  7.864032e+00,  2.766335e+02
  7.605889e+00,  2.148798e+02
  1.065327e+01,  1.775855e+02
  1.156736e+01,  1.553688e+02
  9.508169e+00,  1.285449e+02
  8.038719e+00,  8.060135e+01
  1.099506e+01,  3.893419e+01
  1.456499e+01,  2.167394e+01
  1.574533e+01,  1.465050e+01
  1.424617e+01,  1.061269e+01
  1.114960e+01,  3.556652e+00
  8.409642e+00,  3.436242e+02
  8.690570e+00,  3.115218e+02
  1.162466e+01,  2.917886e+02
  1.406946e+01,  2.830805e+02
  1.389177e+01,  2.768118e+02
  1.049163e+01,  2.662966e+02
  5.648696e+00,  2.313681e+02
  6.587237e+00,  1.570199e+02
  1.105106e+01,  1.315780e+02
  1.295499e+01,  1.214045e+02
  1.154091e+01,  1.120563e+02
  8.379871e+00,  9.425400e+01
  6.944635e+00,  5.875704e+01
  9.104126e+00,  3.342909e+01
  1.238168e+01,  2.893257e+01
  1.519562e+01,  3.123758e+01
  1.650594e+01,  3.266880e+01
  1.549504e+01,  2.910652e+01
  1.258461e+01,  1.539120e+01
  1.042838e+01,  3.449303e+02
  1.165535e+01,  3.119279e+02
  1.370310e+01,  2.941845e+02
  1.347341e+01,  2.856211e+02
  1.033363e+01,  2.792603e+02
  5.494729e+00,  2.644006e+02
  3.135671e+00,  1.915114e+02
  6.374110e+00,  1.541879e+02
  8.999867e+00,  1.529088e+02
  9.969679e+00,  1.576958e+02
  9.325796e+00,  1.615245e+02
  7.368884e+00,  1.583109e+02
  5.332077e+00,  1.368734e+02
  5.735893e+00,  1.012857e+02
  8.140481e+00,  8.705393e+01
  1.047052e+01,  8.777158e+01
  1.195833e+01,  9.246563e+01
  1.205317e+01,  9.504046e+01
  1.024055e+01,  9.044789e+01
  7.096424e+00,  6.841844e+01
  6.144846e+00,  1.491530e+01
  8.840917e+00,  3.350033e+02
  1.064482e+01,  3.116660e+02
  1.008656e+01,  2.840824e+02
  9.837265e+00,  2.399879e+02
  1.341209e+01,  1.989619e+02
  1.803640e+01,  1.752691e+02
  2.007349e+01,  1.591730e+02
  1.838090e+01,  1.441067e+02
  1.410378e+01,  1.256386e+02
  9.714419e+00,  1.000121e+02
  6.916492e+00,  7.173171e+01
  4.893818e+00,  5.964610e+01
  3.568498e+00,  8.581709e+01
  4.887412e+00,  1.183580e+02
  6.111971e+00,  1.235173e+02
  5.022867e+00,  1.184422e+02
  1.698665e+00,  1.074393e+02
  2.481854e+00,  2.765144e+02
  6.012779e+00,  2.555662e+02
  8.502415e+00,  2.278599e+02
  1.082598e+01,  1.957068e+02
  1.333877e+01,  1.655716e+02
  1.487058e+01,  1.390476e+02
  1.425758e+01,  1.127331e+02
  1.171986e+01,  8.125715e+01
  8.937981e+00,  3.806446e+01
  7.755902e+00,  3.430037e+02
  8.272530e+00,  2.870678e+02
  1.014190e+01,  2.360067e+02
  1.323367e+01,  1.936315e+02
  1.636483e+01,  1.590399e+02
  1.833138e+01,  1.274200e+02
  1.911482e+01,  9.506152e+01
  1.956331e+01,  6.166045e+01
  1.983339e+01,  2.968704e+01
  1.893854e+01,  3.598417e+02
  1.632269e+01,  3.288437e+02
  1.319957e+01,  2.909532e+02
  1.183909e+01,  2.459737e+02
  1.214242e+01,  2.055520e+02
  1.193890e+01,  1.714952e+02
  1.096870e+01,  1.362426e+02
  1.090339e+01,  9.907572e+01
  1.204660e+01,  7.108756e+01
  1.274048e+01,  5.633270e+01
  1.224847e+01,  5.148992e+01
  1.121677e+01,  5.180632e+01
  1.038565e+01,  4.947268e+01
  1.009061e+01,  3.664556e+01
  1.104202e+01,  1.456932e+01
  1.322510e+01,  3.540451e+02
  1.485073e+01,  3.395596e+02
  1.414844e+01,  3.286514e+02
  1.074045e+01,  3.173068e+02
  5.913360e+00,  2.957728e+02
  3.408167e+00,  2.292380e+02
  5.086452e+00,  1.831116e+02
  5.425520e+00,  1.710272e+02
  3.510443e+00,  1.661208e+02
  5.542521e-01,  1.259063e+02
  2.623882e+00,  1.356422e+01
  4.651809e+00,  2.438116e+01
  6.124532e+00,  4.282425e+01
  7.423115e+00,  5.926437e+01
  7.926679e+00,  6.787264e+01
  6.884444e+00,  6.549506e+01
  5.050748e+00,  4.043367e+01
  5.957873e+00,  3.539747e+02
  9.557907e+00,  3.345028e+02
  1.280438e+01,  3.306572e+02
  1.445217e+01,  3.305490e+02
  1.415202e+01,  3.282250e+02
  1.232861e+01,  3.172778e+02
  1.107448e+01,  2.909815e+02
  1.313212e+01,  2.606458e+02
  1.690774e+01,  2.430698e+02
  1.905304e+01,  2.340928e+02
  1.796376e+01,  2.279159e+02
  1.399006e+01,  2.201183e+02
  9.168116e+00,  2.026178e+02
  7.061399e+00,  1.650701e+02
  8.915848e+00,  1.378182e+02
  1.132300e+01,  1.313160e+02
  1.240610e+01,  1.305440e+02
  1.130426e+01,  1.264840e+02
  8.188864e+00,  1.077768e+02
  7.014718e+00,  5.419456e+01
  1.147325e+01,  1.420799e+01
  1.590342e+01,  3.576906e+02
  1.681013e+01,  3.453480e+02
  1.381133e+01,  3.278157e+02
  9.915229e+00,  2.914461e+02
  1.064479e+01,  2.420770e+02
  1.360316e+01,  2.158063e+02
  1.379200e+01,  2.032017e+02
  1.041212e+01,  1.940720e+02
  5.246367e+00,  1.778687e+02
  2.610041e+00,  1.066872e+02
  4.617293e+00,  7.298645e+01
  6.065965e+00,  8.450677e+01
  7.530861e+00,  1.046134e+02
  8.825735e+00,  1.173552e+02
  8.399014e+00,  1.195838e+02
  5.789553e+00,  1.073152e+02
  3.539629e+00,  5.398686e+01
  5.210329e+00,  2.893017e+00
  6.000679e+00,  3.498454e+02
  3.811883e+00,  3.557412e+02
  2.473164e+00,  8.883413e+01
  6.899113e+00,  1.181941e+02
  9.762992e+00,  1.157412e+02
  9.322453e+00,  1.041290e+02
  6.478559e+00,  7.595670e+01
  5.307634e+00,  1.591868e+01
  7.032854e+00,  3.313354e+02
  7.056694e+00,  3.029664e+02
  4.914361e+00,  2.573719e+02
  6.374830e+00,  1.819829e+02
  1.126399e+01,  1.478420e+02
  1.441618e+01,  1.285886e+02
  1.431676e+01,  1.098202e+02
  1.193855e+01,  8.425370e+01
  1.001465e+01,  4.736726e+01
  1.003370e+01,  1.041733e+01
  9.387992e+00,  3.457677e+02
  5.660509e+00,  1.013687e+01
##END=
