##TITLE= E:\桌面\nmr\ogm\sjd\matlabcod\1_unitary\3_24_xjhsjd
##JCAMP-DX= 5.00 Bruker JCAMP library
##DATA TYPE= Shape Data
##ORIGIN= Colm's GRAPE Pulses 
##OWNER= Dawei.Lu
##DATE= 02-Aug-2025
##TIME= 13:24
##MINX= 9.975019e-01
##MAXX= 1.880284e+01
##MINY= 1.093449e+00
##MAXY= 3.569824e+02
##$SHAPE_EXMODE= None
##$SHAPE_TOTROT= 9.000000e+01
##$SHAPE_BWFAC= 1.000000e+00
##$SHAPE_INTEGFAC= 1.000000e+00
##$SHAPE_MODE= 1
##PULSE_WIDTH= 2000
##Calibration_Power= 12500
##NPOINTS= 200
##XYPOINTS= (XY..XY)
  6.143752e+00,  8.936944e+01
  4.698217e+00,  9.380741e+01
  3.117851e+00,  7.321242e+01
  4.806770e+00,  3.087796e+01
  6.592008e+00,  4.496530e+00
  6.929176e+00,  3.378930e+02
  6.422430e+00,  2.970785e+02
  7.974690e+00,  2.460060e+02
  1.180886e+01,  2.108991e+02
  1.530383e+01,  1.863082e+02
  1.709937e+01,  1.629373e+02
  1.757589e+01,  1.366220e+02
  1.797711e+01,  1.081704e+02
  1.844633e+01,  8.219531e+01
  1.761248e+01,  6.102183e+01
  1.443027e+01,  4.325631e+01
  9.327899e+00,  2.587853e+01
  3.933190e+00,  1.647694e+00
  9.975019e-01,  2.518949e+02
  2.287155e+00,  1.671786e+02
  3.264351e+00,  1.104287e+02
  5.442157e+00,  6.787852e+01
  7.619280e+00,  4.443113e+01
  8.133361e+00,  2.760023e+01
  6.590045e+00,  9.073374e+00
  4.213148e+00,  3.350919e+02
  3.842805e+00,  2.785171e+02
  5.057640e+00,  2.496101e+02
  5.436170e+00,  2.429427e+02
  4.963381e+00,  2.462277e+02
  4.358667e+00,  2.488199e+02
  3.991262e+00,  2.335528e+02
  4.923522e+00,  1.981845e+02
  7.680177e+00,  1.707954e+02
  1.054122e+01,  1.528871e+02
  1.189169e+01,  1.357163e+02
  1.145535e+01,  1.128015e+02
  1.084996e+01,  7.971013e+01
  1.209220e+01,  4.452557e+01
  1.421257e+01,  1.912872e+01
  1.502409e+01,  1.602260e+00
  1.381934e+01,  3.469757e+02
  1.144660e+01,  3.315393e+02
  9.492721e+00,  3.136537e+02
  9.075675e+00,  2.975143e+02
  1.008183e+01,  2.886501e+02
  1.172383e+01,  2.845485e+02
  1.298984e+01,  2.801274e+02
  1.301010e+01,  2.721404e+02
  1.171835e+01,  2.578165e+02
  1.018750e+01,  2.346036e+02
  9.774600e+00,  2.063996e+02
  1.014607e+01,  1.834421e+02
  9.840967e+00,  1.674123e+02
  8.247602e+00,  1.531615e+02
  5.981176e+00,  1.320209e+02
  4.796140e+00,  9.394653e+01
  5.813312e+00,  5.979627e+01
  7.283648e+00,  4.411195e+01
  7.816059e+00,  3.590982e+01
  7.082101e+00,  2.779352e+01
  5.516160e+00,  1.388982e+01
  4.242271e+00,  3.483642e+02
  4.209595e+00,  3.214564e+02
  4.828272e+00,  3.113777e+02
  5.511789e+00,  3.138165e+02
  6.220752e+00,  3.175271e+02
  6.671211e+00,  3.132804e+02
  6.784781e+00,  2.952601e+02
  7.649985e+00,  2.641729e+02
  1.022333e+01,  2.346598e+02
  1.335868e+01,  2.131626e+02
  1.541810e+01,  1.950179e+02
  1.571989e+01,  1.756692e+02
  1.486260e+01,  1.523879e+02
  1.406628e+01,  1.261378e+02
  1.361186e+01,  1.022007e+02
  1.256744e+01,  8.430234e+01
  1.032367e+01,  7.238696e+01
  7.380473e+00,  6.539641e+01
  4.854861e+00,  6.086711e+01
  3.568336e+00,  4.901664e+01
  3.797202e+00,  2.285864e+01
  5.100997e+00,  3.569824e+02
  6.259662e+00,  3.329069e+02
  6.674586e+00,  3.027695e+02
  7.226386e+00,  2.630367e+02
  8.947340e+00,  2.243270e+02
  1.076923e+01,  1.939221e+02
  1.108031e+01,  1.665341e+02
  9.612404e+00,  1.339960e+02
  8.051266e+00,  8.734058e+01
  8.708832e+00,  3.361078e+01
  1.075461e+01,  3.497373e+02
  1.267150e+01,  3.112374e+02
  1.468829e+01,  2.739183e+02
  1.706162e+01,  2.397666e+02
  1.880284e+01,  2.097694e+02
  1.874089e+01,  1.813395e+02
  1.690993e+01,  1.503983e+02
  1.475866e+01,  1.137498e+02
  1.371831e+01,  7.374221e+01
  1.332426e+01,  3.629563e+01
  1.240022e+01,  1.093449e+00
  1.106205e+01,  3.242353e+02
  1.011271e+01,  2.864303e+02
  9.187223e+00,  2.531355e+02
  7.118005e+00,  2.245078e+02
  3.777644e+00,  1.893857e+02
  2.190267e+00,  8.773801e+01
  4.743943e+00,  3.120507e+01
  6.254980e+00,  6.046051e+00
  6.256423e+00,  3.430160e+02
  5.644206e+00,  3.195878e+02
  5.202623e+00,  3.034992e+02
  5.288619e+00,  3.040695e+02
  6.594121e+00,  3.133482e+02
  8.847591e+00,  3.147711e+02
  1.068823e+01,  3.059322e+02
  1.137178e+01,  2.878947e+02
  1.146711e+01,  2.609917e+02
  1.203841e+01,  2.296458e+02
  1.282640e+01,  2.003900e+02
  1.263631e+01,  1.729628e+02
  1.134983e+01,  1.416296e+02
  1.065491e+01,  1.025347e+02
  1.190995e+01,  6.557613e+01
  1.360775e+01,  3.956861e+01
  1.392466e+01,  2.081519e+01
  1.257308e+01,  4.324812e+00
  1.049442e+01,  3.466152e+02
  8.980958e+00,  3.271980e+02
  8.611117e+00,  3.111401e+02
  8.968677e+00,  3.027992e+02
  9.409339e+00,  2.999909e+02
  9.415288e+00,  2.983639e+02
  8.704356e+00,  2.943901e+02
  7.492970e+00,  2.846972e+02
  6.607278e+00,  2.666490e+02
  6.899426e+00,  2.455758e+02
  8.099348e+00,  2.309235e+02
  9.208628e+00,  2.217804e+02
  9.421419e+00,  2.126711e+02
  8.506789e+00,  1.978423e+02
  7.306536e+00,  1.707123e+02
  7.538927e+00,  1.344251e+02
  9.051323e+00,  1.064542e+02
  9.908953e+00,  8.756744e+01
  9.139627e+00,  7.029612e+01
  7.285721e+00,  4.697281e+01
  6.117607e+00,  1.249661e+01
  6.628189e+00,  3.422451e+02
  7.463660e+00,  3.288615e+02
  7.763976e+00,  3.267895e+02
  7.753843e+00,  3.282455e+02
  7.693830e+00,  3.241855e+02
  7.856993e+00,  3.076177e+02
  9.181596e+00,  2.815795e+02
  1.189254e+01,  2.582118e+02
  1.451577e+01,  2.406227e+02
  1.549365e+01,  2.251417e+02
  1.439850e+01,  2.077258e+02
  1.226307e+01,  1.846121e+02
  1.088697e+01,  1.561238e+02
  1.072570e+01,  1.315794e+02
  1.047919e+01,  1.171524e+02
  9.367294e+00,  1.107758e+02
  7.668749e+00,  1.074581e+02
  5.946911e+00,  9.850527e+01
  4.999648e+00,  7.271042e+01
  5.856458e+00,  3.941997e+01
  7.487833e+00,  1.740694e+01
  8.010383e+00,  1.141677e+00
  6.698387e+00,  3.413540e+02
  4.622762e+00,  3.031167e+02
  4.713770e+00,  2.450937e+02
  6.101457e+00,  2.107469e+02
  5.847777e+00,  1.892498e+02
  3.522001e+00,  1.613402e+02
  2.055901e+00,  6.608794e+01
  4.605654e+00,  8.568933e+00
  6.069784e+00,  3.396743e+02
  6.155663e+00,  3.014717e+02
  7.467275e+00,  2.525835e+02
  1.076693e+01,  2.173724e+02
  1.355786e+01,  1.940872e+02
  1.421866e+01,  1.733341e+02
  1.300669e+01,  1.489300e+02
  1.170086e+01,  1.180299e+02
  1.161900e+01,  8.701560e+01
  1.172647e+01,  6.396375e+01
  1.058295e+01,  4.767149e+01
  8.106704e+00,  3.316721e+01
  5.365422e+00,  1.312216e+01
  3.915228e+00,  3.403065e+02
  4.190882e+00,  3.137394e+02
  4.856297e+00,  3.050109e+02
  5.019260e+00,  3.017168e+02
  3.886200e+00,  2.858292e+02
  5.286646e+00,  1.709305e+02
##END=
