##TITLE= E:\桌面\nmr\ogm\sjd\matlabcod\1\3_2_xjhsjd
##JCAMP-DX= 5.00 Bruker JCAMP library
##DATA TYPE= Shape Data
##ORIGIN= Colm's GRAPE Pulses 
##OWNER= Dawei.Lu
##DATE= 02-Aug-2025
##TIME= 11:45
##MINX= 1.322893e+00
##MAXX= 1.976358e+01
##MINY= 2.283579e-01
##MAXY= 3.594169e+02
##$SHAPE_EXMODE= None
##$SHAPE_TOTROT= 9.000000e+01
##$SHAPE_BWFAC= 1.000000e+00
##$SHAPE_INTEGFAC= 1.000000e+00
##$SHAPE_MODE= 1
##PULSE_WIDTH= 5000
##Calibration_Power= 12500
##NPOINTS= 1000
##XYPOINTS= (XY..XY)
  1.322893e+00,  2.839100e+02
  4.144500e+00,  1.315419e+02
  9.989341e+00,  1.221832e+02
  1.081332e+01,  1.131522e+02
  1.122201e+01,  1.040928e+02
  1.162623e+01,  9.581782e+01
  1.196821e+01,  8.834137e+01
  1.215411e+01,  8.139704e+01
  1.211913e+01,  7.460471e+01
  1.184071e+01,  6.753361e+01
  1.134355e+01,  5.972412e+01
  1.070137e+01,  5.071362e+01
  1.003271e+01,  4.012445e+01
  9.483141e+00,  2.787312e+01
  9.184047e+00,  1.444648e+01
  9.195475e+00,  9.238309e-01
  9.474512e+00,  3.484777e+02
  9.903121e+00,  3.377725e+02
  1.034831e+01,  3.288441e+02
  1.070733e+01,  3.213486e+02
  1.092505e+01,  3.148114e+02
  1.099388e+01,  3.087522e+02
  1.094670e+01,  3.027329e+02
  1.084758e+01,  2.963905e+02
  1.078095e+01,  2.894895e+02
  1.083754e+01,  2.819949e+02
  1.109486e+01,  2.741162e+02
  1.159477e+01,  2.662479e+02
  1.232719e+01,  2.587959e+02
  1.322890e+01,  2.520005e+02
  1.419716e+01,  2.458709e+02
  1.511044e+01,  2.402304e+02
  1.585000e+01,  2.347956e+02
  1.631998e+01,  2.292346e+02
  1.646510e+01,  2.231951e+02
  1.628513e+01,  2.163142e+02
  1.584411e+01,  2.082375e+02
  1.526948e+01,  1.986816e+02
  1.473269e+01,  1.875719e+02
  1.440144e+01,  1.752204e+02
  1.437019e+01,  1.623614e+02
  1.460951e+01,  1.498680e+02
  1.497906e+01,  1.383252e+02
  1.529453e+01,  1.278391e+02
  1.539846e+01,  1.181368e+02
  1.520406e+01,  1.087444e+02
  1.471266e+01,  9.911044e+01
  1.401379e+01,  8.868921e+01
  1.327086e+01,  7.706409e+01
  1.268488e+01,  6.417829e+01
  1.242693e+01,  5.058286e+01
  1.255794e+01,  3.735678e+01
  1.299701e+01,  2.554411e+01
  1.357085e+01,  1.563756e+01
  1.409487e+01,  7.559385e+00
  1.442805e+01,  9.242083e-01
  1.449223e+01,  3.552553e+02
  1.427036e+01,  3.500784e+02
  1.379646e+01,  3.449440e+02
  1.314347e+01,  3.394323e+02
  1.241073e+01,  3.331768e+02
  1.171001e+01,  3.259324e+02
  1.114689e+01,  3.176857e+02
  1.079536e+01,  3.087426e+02
  1.067308e+01,  2.996711e+02
  1.073335e+01,  2.910640e+02
  1.088235e+01,  2.832864e+02
  1.101097e+01,  2.763863e+02
  1.102322e+01,  2.701598e+02
  1.085385e+01,  2.642476e+02
  1.047742e+01,  2.581930e+02
  9.913380e+00,  2.514566e+02
  9.230167e+00,  2.434252e+02
  8.547317e+00,  2.334955e+02
  8.026913e+00,  2.213692e+02
  7.834475e+00,  2.075780e+02
  8.062637e+00,  1.936663e+02
  8.674762e+00,  1.813238e+02
  9.535819e+00,  1.713250e+02
  1.048758e+01,  1.634888e+02
  1.139621e+01,  1.572055e+02
  1.216562e+01,  1.518026e+02
  1.273786e+01,  1.466683e+02
  1.309337e+01,  1.412653e+02
  1.325398e+01,  1.351269e+02
  1.328605e+01,  1.278797e+02
  1.329782e+01,  1.193174e+02
  1.342144e+01,  1.095200e+02
  1.377334e+01,  9.893174e+01
  1.440339e+01,  8.825384e+01
  1.526379e+01,  7.814489e+01
  1.622060e+01,  6.895633e+01
  1.709683e+01,  6.068489e+01
  1.772035e+01,  5.307914e+01
  1.796124e+01,  4.575637e+01
  1.775683e+01,  3.826699e+01
  1.712688e+01,  3.011516e+01
  1.617995e+01,  2.077455e+01
  1.510866e+01,  9.762543e+00
  1.416252e+01,  3.568579e+02
  1.357923e+01,  3.424533e+02
  1.347753e+01,  3.276874e+02
  1.378398e+01,  3.139087e+02
  1.427800e+01,  3.018897e+02
  1.470806e+01,  2.916369e+02
  1.488096e+01,  2.827021e+02
  1.469684e+01,  2.744837e+02
  1.415144e+01,  2.663619e+02
  1.332488e+01,  2.577397e+02
  1.236367e+01,  2.480922e+02
  1.145257e+01,  2.371101e+02
  1.076765e+01,  2.249588e+02
  1.041088e+01,  2.124442e+02
  1.036112e+01,  2.007220e+02
  1.048943e+01,  1.906586e+02
  1.062811e+01,  1.824889e+02
  1.063440e+01,  1.759527e+02
  1.041929e+01,  1.705571e+02
  9.950715e+00,  1.657227e+02
  9.247178e+00,  1.608057e+02
  8.371534e+00,  1.550528e+02
  7.429430e+00,  1.475504e+02
  6.571919e+00,  1.373204e+02
  5.987281e+00,  1.239104e+02
  5.842262e+00,  1.085388e+02
  6.171956e+00,  9.405588e+01
  6.850291e+00,  8.259593e+01
  7.691168e+00,  7.431701e+01
  8.539421e+00,  6.834926e+01
  9.290955e+00,  6.371346e+01
  9.885162e+00,  5.959141e+01
  1.029785e+01,  5.532136e+01
  1.054014e+01,  5.035245e+01
  1.066135e+01,  4.423432e+01
  1.075034e+01,  3.667260e+01
  1.092681e+01,  2.765441e+01
  1.131304e+01,  1.756860e+01
  1.198907e+01,  7.149238e+00
  1.295559e+01,  3.571690e+02
  1.413096e+01,  3.481077e+02
  1.537981e+01,  3.400575e+02
  1.654942e+01,  3.328321e+02
  1.749938e+01,  3.261095e+02
  1.812301e+01,  3.195192e+02
  1.836378e+01,  3.126755e+02
  1.822802e+01,  3.051873e+02
  1.779227e+01,  2.966764e+02
  1.720106e+01,  2.868353e+02
  1.664675e+01,  2.755562e+02
  1.632156e+01,  2.630995e+02
  1.634604e+01,  2.501448e+02
  1.671111e+01,  2.375460e+02
  1.728138e+01,  2.259219e+02
  1.785791e+01,  2.154425e+02
  1.825184e+01,  2.059005e+02
  1.833463e+01,  1.968808e+02
  1.806235e+01,  1.878861e+02
  1.748202e+01,  1.784103e+02
  1.672458e+01,  1.680108e+02
  1.598091e+01,  1.564399e+02
  1.545226e+01,  1.438380e+02
  1.527558e+01,  1.308406e+02
  1.545809e+01,  1.183685e+02
  1.587362e+01,  1.071676e+02
  1.632519e+01,  9.751667e+01
  1.662172e+01,  8.927907e+01
  1.662738e+01,  8.209643e+01
  1.628056e+01,  7.553376e+01
  1.559399e+01,  6.914491e+01
  1.464529e+01,  6.249785e+01
  1.356165e+01,  5.520673e+01
  1.249820e+01,  4.701408e+01
  1.160686e+01,  3.794149e+01
  1.099580e+01,  2.843242e+01
  1.069326e+01,  1.928967e+01
  1.064276e+01,  1.132354e+01
  1.073745e+01,  4.981238e+00
  1.086612e+01,  2.545921e-01
  1.094143e+01,  3.568142e+02
  1.090626e+01,  3.541687e+02
  1.072948e+01,  3.517594e+02
  1.040195e+01,  3.489944e+02
  9.938260e+00,  3.452529e+02
  9.384690e+00,  3.398900e+02
  8.829604e+00,  3.323038e+02
  8.405264e+00,  3.221689e+02
  8.260753e+00,  3.098608e+02
  8.494322e+00,  2.966630e+02
  9.087774e+00,  2.841444e+02
  9.912994e+00,  2.732029e+02
  1.079837e+01,  2.638528e+02
  1.158839e+01,  2.556196e+02
  1.217331e+01,  2.478950e+02
  1.250125e+01,  2.400839e+02
  1.258413e+01,  2.316433e+02
  1.249939e+01,  2.221208e+02
  1.238178e+01,  2.112582e+02
  1.239485e+01,  1.991660e+02
  1.267622e+01,  1.864332e+02
  1.327665e+01,  1.739471e+02
  1.413617e+01,  1.624591e+02
  1.511531e+01,  1.522790e+02
  1.605089e+01,  1.433007e+02
  1.679981e+01,  1.351864e+02
  1.726398e+01,  1.275136e+02
  1.740284e+01,  1.198475e+02
  1.723877e+01,  1.117742e+02
  1.685618e+01,  1.029359e+02
  1.639033e+01,  9.310221e+01
  1.599941e+01,  8.228229e+01
  1.581756e+01,  7.081581e+01
  1.590250e+01,  5.931689e+01
  1.620885e+01,  4.842654e+01
  1.660802e+01,  3.854403e+01
  1.693908e+01,  2.973361e+01
  1.705882e+01,  2.179728e+01
  1.687431e+01,  1.438669e+01
  1.635843e+01,  7.079125e+00
  1.555378e+01,  3.594169e+02
  1.456841e+01,  3.509459e+02
  1.356178e+01,  3.413057e+02
  1.271468e+01,  3.304138e+02
  1.217705e+01,  3.186847e+02
  1.200638e+01,  3.070264e+02
  1.214027e+01,  2.964257e+02
  1.243208e+01,  2.874498e+02
  1.271847e+01,  2.801199e+02
  1.286977e+01,  2.740975e+02
  1.280842e+01,  2.688813e+02
  1.251059e+01,  2.639076e+02
  1.200282e+01,  2.585802e+02
  1.135966e+01,  2.522853e+02
  1.070194e+01,  2.444614e+02
  1.018770e+01,  2.348060e+02
  9.979251e+00,  2.236138e+02
  1.017896e+01,  2.119193e+02
  1.077182e+01,  2.010124e+02
  1.163228e+01,  1.916826e+02
  1.258527e+01,  1.839944e+02
  1.346342e+01,  1.775661e+02
  1.413654e+01,  1.718709e+02
  1.452298e+01,  1.663779e+02
  1.459469e+01,  1.605848e+02
  1.438066e+01,  1.540157e+02
  1.396829e+01,  1.462374e+02
  1.349773e+01,  1.369383e+02
  1.313949e+01,  1.260935e+02
  1.304620e+01,  1.141381e+02
  1.328933e+01,  1.019183e+02
  1.382318e+01,  9.030287e+01
  1.450835e+01,  7.976947e+01
  1.517251e+01,  7.031639e+01
  1.566411e+01,  6.162883e+01
  1.588398e+01,  5.324641e+01
  1.580090e+01,  4.466103e+01
  1.545819e+01,  3.536947e+01
  1.497257e+01,  2.494114e+01
  1.451841e+01,  1.315938e+01
  1.428465e+01,  2.283579e-01
  1.440249e+01,  3.468667e+02
  1.487918e+01,  3.340448e+02
  1.559232e+01,  3.224929e+02
  1.634827e+01,  3.124400e+02
  1.695336e+01,  3.037065e+02
  1.726032e+01,  2.959094e+02
  1.718883e+01,  2.885973e+02
  1.673126e+01,  2.813019e+02
  1.595138e+01,  2.735517e+02
  1.497773e+01,  2.648994e+02
  1.398808e+01,  2.550147e+02
  1.317595e+01,  2.438796e+02
  1.269323e+01,  2.319961e+02
  1.258632e+01,  2.203292e+02
  1.277468e+01,  2.098451e+02
  1.309578e+01,  2.010440e+02
  1.337626e+01,  1.938914e+02
  1.348019e+01,  1.880203e+02
  1.332582e+01,  1.829186e+02
  1.288888e+01,  1.780118e+02
  1.220088e+01,  1.726734e+02
  1.134884e+01,  1.662178e+02
  1.047663e+01,  1.579576e+02
  9.778055e+00,  1.474614e+02
  9.456972e+00,  1.350763e+02
  9.637704e+00,  1.222287e+02
  1.028529e+01,  1.106760e+02
  1.122892e+01,  1.013451e+02
  1.225609e+01,  9.414915e+01
  1.318160e+01,  8.850655e+01
  1.387216e+01,  8.374493e+01
  1.425096e+01,  7.923666e+01
  1.429920e+01,  7.440318e+01
  1.405919e+01,  6.869293e+01
  1.363771e+01,  6.159485e+01
  1.320296e+01,  5.274689e+01
  1.296007e+01,  4.217484e+01
  1.308913e+01,  3.052635e+01
  1.366188e+01,  1.893142e+01
  1.460125e+01,  8.404883e+00
  1.572186e+01,  3.593723e+02
  1.680694e+01,  3.517057e+02
  1.766629e+01,  3.449949e+02
  1.816500e+01,  3.387456e+02
  1.823746e+01,  3.324589e+02
  1.789341e+01,  3.256451e+02
  1.722003e+01,  3.178283e+02
  1.637770e+01,  3.085933e+02
  1.558030e+01,  2.977288e+02
  1.504532e+01,  2.854602e+02
  1.491192e+01,  2.725756e+02
  1.516976e+01,  2.601471e+02
  1.566269e+01,  2.489721e+02
  1.616584e+01,  2.392744e+02
  1.646986e+01,  2.308157e+02
  1.643044e+01,  2.231211e+02
  1.598715e+01,  2.156133e+02
  1.516817e+01,  2.076485e+02
  1.409164e+01,  1.985182e+02
  1.296401e+01,  1.875259e+02
  1.206043e+01,  1.743037e+02
  1.165149e+01,  1.594113e+02
  1.186696e+01,  1.445495e+02
  1.260669e+01,  1.315511e+02
  1.361241e+01,  1.212041e+02
  1.460782e+01,  1.132794e+02
  1.537888e+01,  1.071373e+02
  1.579143e+01,  1.020996e+02
  1.578603e+01,  9.754425e+01
  1.537131e+01,  9.289177e+01
  1.462007e+01,  8.756596e+01
  1.366763e+01,  8.098359e+01
  1.270693e+01,  7.264131e+01
  1.196579e+01,  6.238795e+01
  1.164487e+01,  5.081539e+01
  1.182434e+01,  3.927168e+01
  1.241485e+01,  2.911559e+01
  1.321000e+01,  2.095355e+01
  1.398098e+01,  1.463041e+01
  1.453747e+01,  9.617726e+00
  1.474886e+01,  5.289494e+00
  1.454893e+01,  1.005273e+00
  1.393932e+01,  3.560851e+02
  1.299796e+01,  3.497459e+02
  1.189372e+01,  3.410742e+02
  1.089898e+01,  3.292316e+02
  1.035838e+01,  3.142302e+02
  1.054107e+01,  2.978976e+02
  1.144084e+01,  2.830472e+02
  1.278239e+01,  2.711909e+02
  1.421566e+01,  2.621250e+02
  1.545197e+01,  2.549723e+02
  1.629910e+01,  2.488448e+02
  1.666064e+01,  2.429818e+02
  1.653399e+01,  2.367171e+02
  1.600941e+01,  2.294310e+02
  1.526695e+01,  2.205693e+02
  1.455899e+01,  2.098094e+02
  1.415543e+01,  1.973911e+02
  1.423929e+01,  1.843283e+02
  1.480796e+01,  1.720019e+02
  1.567701e+01,  1.613517e+02
  1.658118e+01,  1.525435e+02
  1.727450e+01,  1.452183e+02
  1.758086e+01,  1.388142e+02
  1.740920e+01,  1.327184e+02
  1.675623e+01,  1.262866e+02
  1.570903e+01,  1.188086e+02
  1.445102e+01,  1.094984e+02
  1.326398e+01,  9.765163e+01
  1.249243e+01,  8.319239e+01
  1.241538e+01,  6.740286e+01
  1.306610e+01,  5.256391e+01
  1.420436e+01,  4.028620e+01
  1.547991e+01,  3.076487e+01
  1.658373e+01,  2.340156e+01
  1.730143e+01,  1.744512e+01
  1.751605e+01,  1.221464e+01
  1.720120e+01,  7.097432e+00
  1.641518e+01,  1.503174e+00
  1.529706e+01,  3.548223e+02
  1.406159e+01,  3.464566e+02
  1.298054e+01,  3.360355e+02
  1.232406e+01,  3.238788e+02
  1.224921e+01,  3.113055e+02
  1.270772e+01,  3.000284e+02
  1.348167e+01,  2.910571e+02
  1.430676e+01,  2.844103e+02
  1.496120e+01,  2.795567e+02
  1.529235e+01,  2.758179e+02
  1.521463e+01,  2.725158e+02
  1.470493e+01,  2.689693e+02
  1.380526e+01,  2.644256e+02
  1.263588e+01,  2.579805e+02
  1.141757e+01,  2.485905e+02
  1.048352e+01,  2.355049e+02
  1.020623e+01,  2.194650e+02
  1.077223e+01,  2.033364e+02
  1.201519e+01,  1.899151e+02
  1.355810e+01,  1.798530e+02
  1.503317e+01,  1.723872e+02
  1.616872e+01,  1.665065e+02
  1.679797e+01,  1.613428e+02
  1.685656e+01,  1.561602e+02
  1.637997e+01,  1.502736e+02
  1.550521e+01,  1.429825e+02
  1.447188e+01,  1.336068e+02
  1.360409e+01,  1.217705e+02
  1.323295e+01,  1.079811e+02
  1.354177e+01,  9.389108e+01
  1.444964e+01,  8.136077e+01
  1.567627e+01,  7.124900e+01
  1.690221e+01,  6.336832e+01
  1.787095e+01,  5.707859e+01
  1.841784e+01,  5.167584e+01
  1.846927e+01,  4.649962e+01
  1.803808e+01,  4.091822e+01
  1.722306e+01,  3.429528e+01
  1.621128e+01,  2.600745e+01
  1.527167e+01,  1.561005e+01
  1.471058e+01,  3.228594e+00
  1.475985e+01,  3.499202e+02
  1.544556e+01,  3.373133e+02
  1.656962e+01,  3.265951e+02
  1.782383e+01,  3.180233e+02
  1.891109e+01,  3.112326e+02
  1.960440e+01,  3.056494e+02
  1.976358e+01,  3.006868e+02
  1.934015e+01,  2.957745e+02
  1.837398e+01,  2.903215e+02
  1.699541e+01,  2.836599e+02
  1.543109e+01,  2.750337e+02
  1.400181e+01,  2.637782e+02
  1.307507e+01,  2.499107e+02
  1.291889e+01,  2.348581e+02
  1.352174e+01,  2.209574e+02
  1.459758e+01,  2.097210e+02
  1.577496e+01,  2.012171e+02
  1.674525e+01,  1.947642e+02
  1.730504e+01,  1.895503e+02
  1.735276e+01,  1.848274e+02
  1.688035e+01,  1.798992e+02
  1.597071e+01,  1.740572e+02
  1.480036e+01,  1.665491e+02
  1.363915e+01,  1.566929e+02
  1.281893e+01,  1.443206e+02
  1.262414e+01,  1.304353e+02
  1.312489e+01,  1.170707e+02
  1.412345e+01,  1.058845e+02
  1.528658e+01,  9.725611e+01
  1.629817e+01,  9.069449e+01
  1.692647e+01,  8.545725e+01
  1.703661e+01,  8.081611e+01
  1.658955e+01,  7.608541e+01
  1.563771e+01,  7.054371e+01
  1.432925e+01,  6.334831e+01
  1.291912e+01,  5.353771e+01
  1.176876e+01,  4.038887e+01
  1.126966e+01,  2.443933e+01
  1.162892e+01,  8.179673e+00
  1.269912e+01,  3.543408e+02
  1.410574e+01,  3.438125e+02
  1.547801e+01,  3.360159e+02
  1.654964e+01,  3.300066e+02
  1.716541e+01,  3.249388e+02
  1.726720e+01,  3.201105e+02
  1.688322e+01,  3.148983e+02
  1.612252e+01,  3.087024e+02
  1.517119e+01,  3.009571e+02
  1.427948e+01,  2.912844e+02
  1.371723e+01,  2.798370e+02
  1.367930e+01,  2.675914e+02
  1.418418e+01,  2.560155e+02
  1.506553e+01,  2.461951e+02
  1.606621e+01,  2.383877e+02
  1.693687e+01,  2.322604e+02
  1.748409e+01,  2.272543e+02
  1.758281e+01,  2.227736e+02
  1.717748e+01,  2.182252e+02
  1.628572e+01,  2.129673e+02
  1.500930e+01,  2.062359e+02
  1.355199e+01,  1.971064e+02
  1.223452e+01,  1.846868e+02
  1.145805e+01,  1.689349e+02
  1.152714e+01,  1.517694e+02
  1.241051e+01,  1.362312e+02
  1.376150e+01,  1.239359e+02
  1.516392e+01,  1.146330e+02
  1.629031e+01,  1.073767e+02
  1.693426e+01,  1.012326e+02
  1.700373e+01,  9.540855e+01
  1.651405e+01,  8.919180e+01
  1.558550e+01,  8.187338e+01
  1.444071e+01,  7.274830e+01
  1.338779e+01,  6.132602e+01
  1.275525e+01,  4.786225e+01
  1.275209e+01,  3.378982e+01
  1.333768e+01,  2.105592e+01
  1.425589e+01,  1.079783e+01
  1.519198e+01,  3.015488e+00
  1.588809e+01,  3.571231e+02
  1.617865e+01,  3.524120e+02
  1.598770e+01,  3.482021e+02
  1.531836e+01,  3.438277e+02
  1.424856e+01,  3.385670e+02
  1.293293e+01,  3.315777e+02
  1.160934e+01,  3.219407e+02
  1.059103e+01,  3.090831e+02
  1.018652e+01,  2.937577e+02
  1.051854e+01,  2.784227e+02
  1.141797e+01,  2.654600e+02
  1.255433e+01,  2.555129e+02
  1.361666e+01,  2.479723e+02
  1.438662e+01,  2.419274e+02
  1.474329e+01,  2.365456e+02
  1.465444e+01,  2.310985e+02
  1.417125e+01,  2.249001e+02
  1.342743e+01,  2.172719e+02
  1.263648e+01,  2.076301e+02
  1.206812e+01,  1.958163e+02
  1.197194e+01,  1.825823e+02
  1.245557e+01,  1.695554e+02
  1.342246e+01,  1.582492e+02
  1.464195e+01,  1.492204e+02
  1.586324e+01,  1.422060e+02
  1.687982e+01,  1.366194e+02
  1.754667e+01,  1.318400e+02
  1.778031e+01,  1.272904e+02
  1.755946e+01,  1.224173e+02
  1.692891e+01,  1.166587e+02
  1.600753e+01,  1.094256e+02
  1.499455e+01,  1.001609e+02
  1.415724e+01,  8.858299e+01
  1.376839e+01,  7.512501e+01
  1.398302e+01,  6.112487e+01
  1.473895e+01,  4.815287e+01
  1.579250e+01,  3.705219e+01
  1.684499e+01,  2.777258e+01
  1.764197e+01,  1.978666e+01
  1.801619e+01,  1.243545e+01
  1.790164e+01,  5.053566e+00
  1.733932e+01,  3.569814e+02
  1.647965e+01,  3.475770e+02
  1.557386e+01,  3.363382e+02
  1.493111e+01,  3.232315e+02
  1.481263e+01,  3.090798e+02
  1.529369e+01,  2.953948e+02
  1.621711e+01,  2.834694e+02
  1.729109e+01,  2.737338e+02
  1.822161e+01,  2.659243e+02
  1.878738e+01,  2.595021e+02
  1.886233e+01,  2.538937e+02
  1.841552e+01,  2.485548e+02
  1.750474e+01,  2.429601e+02
  1.626327e+01,  2.365831e+02
  1.488468e+01,  2.289167e+02
  1.359962e+01,  2.196044e+02
  1.263158e+01,  2.087271e+02
  1.212431e+01,  1.970711e+02
  1.207457e+01,  1.859200e+02
  1.233764e+01,  1.763290e+02
  1.270880e+01,  1.686401e+02
  1.300531e+01,  1.626006e+02
  1.310374e+01,  1.576821e+02
  1.294383e+01,  1.532765e+02
  1.252158e+01,  1.487542e+02
  1.188372e+01,  1.434585e+02
  1.112751e+01,  1.367089e+02
  1.040225e+01,  1.279018e+02
  9.898115e+00,  1.168243e+02
  9.796473e+00,  1.041190e+02
  1.018121e+01,  9.129672e+01
  1.098411e+01,  7.984450e+01
  1.202735e+01,  7.037575e+01
  1.310831e+01,  6.269421e+01
  1.405415e+01,  5.625940e+01
  1.474117e+01,  5.048431e+01
  1.510014e+01,  4.482667e+01
  1.511988e+01,  3.879072e+01
  1.484856e+01,  3.191163e+01
  1.439451e+01,  2.377293e+01
  1.391969e+01,  1.410089e+01
  1.361382e+01,  2.952644e+00
  1.363955e+01,  3.508875e+02
  1.406476e+01,  3.388568e+02
  1.483053e+01,  3.277470e+02
  1.578310e+01,  3.179807e+02
  1.673753e+01,  3.094937e+02
  1.752912e+01,  3.019362e+02
  1.804134e+01,  2.948526e+02
  1.821897e+01,  2.877717e+02
  1.807450e+01,  2.802435e+02
  1.768919e+01,  2.718703e+02
  1.720446e+01,  2.623746e+02
  1.679547e+01,  2.517199e+02
  1.662064e+01,  2.402287e+02
  1.675846e+01,  2.285522e+02
  1.716834e+01,  2.174076e+02
  1.770652e+01,  2.072619e+02
  1.818400e+01,  1.982118e+02
  1.842715e+01,  1.900663e+02
  1.831780e+01,  1.824816e+02
  1.781188e+01,  1.750506e+02
  1.694300e+01,  1.673472e+02
  1.581445e+01,  1.589525e+02
  1.458176e+01,  1.495086e+02
  1.342334e+01,  1.388406e+02
  1.249587e+01,  1.271364e+02
  1.188158e+01,  1.150375e+02
  1.155629e+01,  1.034321e+02
  1.140894e+01,  9.302375e+01
  1.130070e+01,  8.405684e+01
  1.111983e+01,  7.635756e+01
  1.080752e+01,  6.950601e+01
  1.035982e+01,  6.296858e+01
  9.818923e+00,  5.616853e+01
  9.262631e+00,  4.854925e+01
  8.793160e+00,  3.969863e+01
  8.519954e+00,  2.956179e+01
  8.529818e+00,  1.861764e+01
  8.851856e+00,  7.741226e+00
  9.443434e+00,  3.577249e+02
  1.021049e+01,  3.489022e+02
  1.104260e+01,  3.411624e+02
  1.183974e+01,  3.341645e+02
  1.252618e+01,  3.275110e+02
  1.305670e+01,  3.208312e+02
  1.341920e+01,  3.138095e+02
  1.363507e+01,  3.061981e+02
  1.375499e+01,  2.978395e+02
  1.384947e+01,  2.886973e+02
  1.399333e+01,  2.788838e+02
  1.424626e+01,  2.686528e+02
  1.463565e+01,  2.583365e+02
  1.514965e+01,  2.482431e+02
  1.574295e+01,  2.385685e+02
  1.635146e+01,  2.293641e+02
  1.690874e+01,  2.205564e+02
  1.735988e+01,  2.119890e+02
  1.767145e+01,  2.034650e+02
  1.783744e+01,  1.947830e+02
  1.788083e+01,  1.857697e+02
  1.784950e+01,  1.763134e+02
  1.780540e+01,  1.663960e+02
  1.780766e+01,  1.561116e+02
  1.789337e+01,  1.456523e+02
  1.806310e+01,  1.352548e+02
  1.827807e+01,  1.251243e+02
  1.847050e+01,  1.153726e+02
  1.856310e+01,  1.059966e+02
  1.849020e+01,  9.689254e+01
  1.821440e+01,  8.789059e+01
  1.773553e+01,  7.879393e+01
  1.709048e+01,  6.941943e+01
  1.634273e+01,  5.964013e+01
  1.556468e+01,  4.942448e+01
  1.481671e+01,  3.885854e+01
  1.412966e+01,  2.812948e+01
  1.349827e+01,  1.746106e+01
  1.288926e+01,  7.025171e+00
  1.226043e+01,  3.568735e+02
  1.158197e+01,  3.469183e+02
  1.085178e+01,  3.369603e+02
  1.010081e+01,  3.267534e+02
  9.387364e+00,  3.161021e+02
  8.781306e+00,  3.049907e+02
  8.340516e+00,  2.936957e+02
  8.088217e+00,  2.827701e+02
  8.004595e+00,  2.728371e+02
  8.039596e+00,  2.643192e+02
  8.137204e+00,  2.573083e+02
  8.255208e+00,  2.516072e+02
  8.373266e+00,  2.468401e+02
  8.491762e+00,  2.425504e+02
  8.626749e+00,  2.382760e+02
  8.804680e+00,  2.336179e+02
  9.057766e+00,  2.283085e+02
  9.418536e+00,  2.222611e+02
  9.912112e+00,  2.155713e+02
  1.054600e+01,  2.084621e+02
  1.130232e+01,  2.011782e+02
  1.213723e+01,  1.938882e+02
  1.298883e+01,  1.866386e+02
  1.379053e+01,  1.793616e+02
  1.448591e+01,  1.719118e+02
  1.504148e+01,  1.641082e+02
  1.545490e+01,  1.557750e+02
  1.575666e+01,  1.467824e+02
  1.600380e+01,  1.370893e+02
  1.626507e+01,  1.267773e+02
  1.659979e+01,  1.160554e+02
  1.703709e+01,  1.052164e+02
  1.756448e+01,  9.455036e+01
  1.813156e+01,  8.425982e+01
  1.866651e+01,  7.441796e+01
  1.909747e+01,  6.497648e+01
  1.937085e+01,  5.580259e+01
  1.946271e+01,  4.672155e+01
  1.938251e+01,  3.755469e+01
  1.917013e+01,  2.815320e+01
  1.888716e+01,  1.843115e+01
  1.860275e+01,  8.395947e+00
  1.837568e+01,  3.581637e+02
  1.823659e+01,  3.479412e+02
  1.817574e+01,  3.379717e+02
  1.814288e+01,  3.284570e+02
  1.806013e+01,  3.194959e+02
  1.784227e+01,  3.110592e+02
  1.741746e+01,  3.029994e+02
  1.674380e+01,  2.950707e+02
  1.582068e+01,  2.869457e+02
  1.469551e+01,  2.782269e+02
  1.346560e+01,  2.684734e+02
  1.227230e+01,  2.572890e+02
  1.127919e+01,  2.445353e+02
  1.062431e+01,  2.306330e+02
  1.035580e+01,  2.166348e+02
  1.039952e+01,  2.037453e+02
  1.059838e+01,  1.926743e+02
  1.078794e+01,  1.834715e+02
  1.085002e+01,  1.757756e+02
  1.073067e+01,  1.690713e+02
  1.043743e+01,  1.628152e+02
  1.002920e+01,  1.564814e+02
  9.603734e+00,  1.496115e+02
  9.282120e+00,  1.419309e+02
  9.185641e+00,  1.335230e+02
  9.403016e+00,  1.249038e+02
  9.959742e+00,  1.167935e+02
  1.081130e+01,  1.097139e+02
  1.186082e+01,  1.037732e+02
  1.298467e+01,  9.874585e+01
  1.405326e+01,  9.425257e+01
  1.494701e+01,  8.988341e+01
  1.557136e+01,  8.524358e+01
  1.587191e+01,  7.995616e+01
  1.584844e+01,  7.365516e+01
  1.556459e+01,  6.599726e+01
  1.514749e+01,  5.672368e+01
  1.476879e+01,  4.579609e+01
  1.459786e+01,  3.356142e+01
  1.473435e+01,  2.076807e+01
  1.515846e+01,  8.280147e+00
  1.574077e+01,  3.566735e+02
  1.630292e+01,  3.460628e+02
  1.668407e+01,  3.362003e+02
  1.678468e+01,  3.266461e+02
  1.658736e+01,  3.168896e+02
  1.616200e+01,  3.064319e+02
  1.565722e+01,  2.948918e+02
  1.527076e+01,  2.821842e+02
  1.518890e+01,  2.687097e+02
  1.550601e+01,  2.553190e+02
  1.617565e+01,  2.429112e+02
  1.703502e+01,  2.320068e+02
  1.787432e+01,  2.226470e+02
  1.850016e+01,  2.145567e+02
  1.877115e+01,  2.073266e+02
  1.861190e+01,  2.005103e+02
  1.801629e+01,  1.936493e+02
  1.704633e+01,  1.862679e+02
  1.582857e+01,  1.778725e+02
  1.454574e+01,  1.680071e+02
  1.341454e+01,  1.564328e+02
  1.263461e+01,  1.434372e+02
  1.230910e+01,  1.300030e+02
  1.238707e+01,  1.174171e+02
  1.269156e+01,  1.065506e+02
  1.301015e+01,  9.756499e+01
  1.317074e+01,  9.013158e+01
  1.307272e+01,  8.372231e+01
  1.268971e+01,  7.775688e+01
  1.206237e+01,  7.163876e+01
  1.128994e+01,  6.476551e+01
  1.052081e+01,  5.660310e+01
  9.934403e+00,  4.691853e+01
  9.699394e+00,  3.613970e+01
  9.907922e+00,  2.543070e+01
  1.053257e+01,  1.606958e+01
  1.144979e+01,  8.710821e+00
  1.250043e+01,  3.276814e+00
  1.353348e+01,  3.592978e+02
  1.442216e+01,  3.562104e+02
  1.506783e+01,  3.534829e+02
  1.540354e+01,  3.506343e+02
  1.540079e+01,  3.472138e+02
  1.507889e+01,  3.427748e+02
  1.451417e+01,  3.368696e+02
  1.384402e+01,  3.291049e+02
  1.325503e+01,  3.193113e+02
  1.293939e+01,  3.078101e+02
  1.301679e+01,  2.955295e+02
  1.346665e+01,  2.836366e+02
  1.413409e+01,  2.729121e+02
  1.480367e+01,  2.634935e+02
  1.527638e+01,  2.550509e+02
  1.541577e+01,  2.470351e+02
  1.516934e+01,  2.388078e+02
  1.457922e+01,  2.296798e+02
  1.378811e+01,  2.189542e+02
  1.303335e+01,  2.061109e+02
  1.260234e+01,  1.912495e+02
  1.271908e+01,  1.755084e+02
  1.341190e+01,  1.606397e+02
  1.449614e+01,  1.478677e+02
  1.568835e+01,  1.373903e+02
  1.672392e+01,  1.287647e+02
  1.741212e+01,  1.213668e+02
  1.764934e+01,  1.145905e+02
  1.741746e+01,  1.078807e+02
  1.677860e+01,  1.007134e+02
  1.586788e+01,  9.259103e+01
  1.488084e+01,  8.310693e+01
  1.404534e+01,  7.213246e+01
  1.356484e+01,  6.008214e+01
  1.353966e+01,  4.796208e+01
  1.391988e+01,  3.691925e+01
  1.453877e+01,  2.764311e+01
  1.519495e+01,  2.020412e+01
  1.571668e+01,  1.427637e+01
  1.598792e+01,  9.381647e+00
  1.595098e+01,  5.010663e+00
  1.560196e+01,  6.532030e-01
  1.498694e+01,  3.557928e+02
  1.420105e+01,  3.499097e+02
  1.338748e+01,  3.425408e+02
  1.272681e+01,  3.334558e+02
  1.240062e+01,  3.229372e+02
  1.252411e+01,  3.119060e+02
  1.308437e+01,  3.015436e+02
  1.394405e+01,  2.926451e+02
  1.490483e+01,  2.853632e+02
  1.577193e+01,  2.794064e+02
  1.638974e+01,  2.743065e+02
  1.665605e+01,  2.695605e+02
  1.652794e+01,  2.646667e+02
  1.602591e+01,  2.591129e+02
  1.523776e+01,  2.523650e+02
  1.431961e+01,  2.439056e+02
  1.348491e+01,  2.334000e+02
  1.296209e+01,  2.210243e+02
  1.290836e+01,  2.077120e+02
  1.332197e+01,  1.948171e+02
  1.403881e+01,  1.833147e+02
  1.481862e+01,  1.734055e+02
  1.543745e+01,  1.647286e+02
  1.573877e+01,  1.566902e+02
  1.565314e+01,  1.486357e+02
  1.520553e+01,  1.398974e+02
  1.451783e+01,  1.298266e+02
  1.380193e+01,  1.179227e+02
  1.332371e+01,  1.041590e+02
  1.331209e+01,  8.935049e+01
  1.383788e+01,  7.497576e+01
  1.477135e+01,  6.229266e+01
  1.586305e+01,  5.172770e+01
  1.685650e+01,  4.304146e+01
  1.755408e+01,  3.573242e+01
  1.783788e+01,  2.927257e+01
  1.766937e+01,  2.317580e+01
  1.708173e+01,  1.699340e+01
  1.616949e+01,  1.029708e+01
  1.507632e+01,  2.686545e+00
  1.397838e+01,  3.538595e+02
  1.305676e+01,  3.437722e+02
  1.245281e+01,  3.328299e+02
  1.221694e+01,  3.218810e+02
  1.228675e+01,  3.118537e+02
  1.251905e+01,  3.033085e+02
  1.274960e+01,  2.963049e+02
  1.283869e+01,  2.905528e+02
  1.269054e+01,  2.855956e+02
  1.225703e+01,  2.809025e+02
  1.153771e+01,  2.758739e+02
  1.058284e+01,  2.697927e+02
  9.502161e+00,  2.617685e+02
  8.477867e+00,  2.508102e+02
  7.761009e+00,  2.363968e+02
  7.593742e+00,  2.196989e+02
  8.047228e+00,  2.037084e+02
  8.956562e+00,  1.907944e+02
  1.005582e+01,  1.812344e+02
  1.111287e+01,  1.741812e+02
  1.196682e+01,  1.686588e+02
  1.252273e+01,  1.638524e+02
  1.274345e+01,  1.590923e+02
  1.264685e+01,  1.537843e+02
  1.230697e+01,  1.473692e+02
  1.185435e+01,  1.393586e+02
  1.146621e+01,  1.295026e+02
  1.132990e+01,  1.180754e+02
  1.157306e+01,  1.060082e+02
  1.219738e+01,  9.449997e+01
  1.307682e+01,  8.434911e+01
  1.401905e+01,  7.569442e+01
  1.483242e+01,  6.822307e+01
  1.536660e+01,  6.144414e+01
  1.553149e+01,  5.483109e+01
  1.530614e+01,  4.785814e+01
  1.474283e+01,  3.999833e+01
  1.396660e+01,  3.074418e+01
  1.316473e+01,  1.971974e+01
  1.255261e+01,  6.936027e+00
  1.230383e+01,  3.530619e+02
  1.246780e+01,  3.393142e+02
  1.294176e+01,  3.268157e+02
  1.353013e+01,  3.160541e+02
  1.403256e+01,  3.069125e+02
  1.430020e+01,  2.989695e+02
  1.425431e+01,  2.917159e+02
  1.388514e+01,  2.846349e+02
  1.324414e+01,  2.772116e+02
  1.243524e+01,  2.689370e+02
  1.160502e+01,  2.593713e+02
  1.092492e+01,  2.483269e+02
  1.055360e+01,  2.361476e+02
  1.057948e+01,  2.237984e+02
  1.097961e+01,  2.124407e+02
  1.163675e+01,  2.027986e+02
  1.239696e+01,  1.949556e+02
  1.311728e+01,  1.885780e+02
  1.368578e+01,  1.831790e+02
  1.402565e+01,  1.782563e+02
  1.409611e+01,  1.733294e+02
  1.389597e+01,  1.679334e+02
  1.346976e+01,  1.616107e+02
  1.291332e+01,  1.539387e+02
  1.237098e+01,  1.446403e+02
  1.201171e+01,  1.338017e+02
  1.197529e+01,  1.220732e+02
  1.230502e+01,  1.105341e+02
  1.291988e+01,  1.001615e+02
  1.365242e+01,  9.140288e+01
  1.431418e+01,  8.419105e+01
  1.474408e+01,  7.817933e+01
  1.483181e+01,  7.292282e+01
  1.452616e+01,  6.794586e+01
  1.383699e+01,  6.273509e+01
  1.283521e+01,  5.669885e+01
  1.165294e+01,  4.913251e+01
  1.048339e+01,  3.927767e+01
  9.568253e+00,  2.667262e+01
  9.138851e+00,  1.189652e+01
  9.296026e+00,  3.568955e+02
  9.933590e+00,  3.437331e+02
  1.081422e+01,  3.331656e+02
  1.169769e+01,  3.247864e+02
  1.240479e+01,  3.177867e+02
  1.282848e+01,  3.113587e+02
  1.293141e+01,  3.047788e+02
  1.274512e+01,  2.973876e+02
  1.237145e+01,  2.885958e+02
  1.197798e+01,  2.779998e+02
  1.177035e+01,  2.656515e+02
  1.192507e+01,  2.523211e+02
  1.250118e+01,  2.392971e+02
  1.340482e+01,  2.276746e+02
  1.444098e+01,  2.178692e+02
  1.539498e+01,  2.097291e+02
  1.608725e+01,  2.028534e+02
  1.639629e+01,  1.967940e+02
  1.626454e+01,  1.911174e+02
  1.569786e+01,  1.853956e+02
  1.476302e+01,  1.791744e+02
  1.358455e+01,  1.719501e+02
  1.233938e+01,  1.632047e+02
  1.124178e+01,  1.525901e+02
  1.050212e+01,  1.403288e+02
  1.024947e+01,  1.275457e+02
  1.046289e+01,  1.158569e+02
  1.098949e+01,  1.063683e+02
  1.163336e+01,  9.924000e+01
  1.222530e+01,  9.400801e+01
  1.264354e+01,  8.998877e+01
  1.281030e+01,  8.646912e+01
  1.268815e+01,  8.273981e+01
  1.228553e+01,  7.806314e+01
  1.167287e+01,  7.163670e+01
  1.100526e+01,  6.265077e+01
  1.053264e+01,  5.064771e+01
  1.054681e+01,  3.628429e+01
  1.122714e+01,  2.162931e+01
  1.250405e+01,  8.830538e+00
  1.410744e+01,  3.586859e+02
  1.571231e+01,  3.508464e+02
  1.703195e+01,  3.445956e+02
  1.785248e+01,  3.392427e+02
  1.804653e+01,  3.341893e+02
  1.758207e+01,  3.288776e+02
  1.652874e+01,  3.227081e+02
  1.506159e+01,  3.149661e+02
  1.346094e+01,  3.048323e+02
  1.209367e+01,  2.917029e+02
  1.132598e+01,  2.760706e+02
  1.133058e+01,  2.601595e+02
  1.195061e+01,  2.465518e+02
  1.282733e+01,  2.362697e+02
  1.361704e+01,  2.288885e+02
  1.404400e+01,  2.234041e+02
  1.337720e+01,  2.181977e+02
  5.722542e+00,  2.107686e+02
##END=
