##TITLE= E:\桌面\nmr\ogm\sjd\matlabcod\1\3_3_xjhsjd
##JCAMP-DX= 5.00 Bruker JCAMP library
##DATA TYPE= Shape Data
##ORIGIN= Colm's GRAPE Pulses 
##OWNER= Dawei.Lu
##DATE= 02-Aug-2025
##TIME= 11:45
##MINX= 7.742036e-02
##MAXX= 1.087839e+01
##MINY= 8.068591e-02
##MAXY= 3.598807e+02
##$SHAPE_EXMODE= None
##$SHAPE_TOTROT= 9.000000e+01
##$SHAPE_BWFAC= 1.000000e+00
##$SHAPE_INTEGFAC= 1.000000e+00
##$SHAPE_MODE= 1
##PULSE_WIDTH= 5000
##Calibration_Power= 12500
##NPOINTS= 1000
##XYPOINTS= (XY..XY)
  2.504481e+00,  3.288653e+02
  2.851382e+00,  3.255716e+02
  3.019212e+00,  3.277972e+02
  2.555942e+00,  3.383335e+02
  2.002638e+00,  3.567982e+02
  1.650441e+00,  2.570813e+01
  1.664067e+00,  5.742544e+01
  1.854859e+00,  8.113207e+01
  1.949736e+00,  9.844233e+01
  1.829100e+00,  1.149751e+02
  1.540089e+00,  1.375217e+02
  1.362276e+00,  1.740073e+02
  1.697780e+00,  2.131255e+02
  2.439913e+00,  2.365860e+02
  3.248757e+00,  2.494774e+02
  3.904597e+00,  2.576394e+02
  4.272677e+00,  2.637087e+02
  4.278465e+00,  2.690313e+02
  3.905749e+00,  2.746468e+02
  3.200007e+00,  2.820182e+02
  2.281661e+00,  2.946425e+02
  1.430539e+00,  3.236903e+02
  1.323842e+00,  1.787669e+01
  1.995577e+00,  5.045085e+01
  2.694695e+00,  6.376700e+01
  3.117285e+00,  7.060861e+01
  3.160681e+00,  7.491906e+01
  2.805849e+00,  7.811540e+01
  2.094141e+00,  8.097236e+01
  1.115844e+00,  8.476145e+01
  7.742036e-02,  1.793967e+02
  1.133933e+00,  2.603937e+02
  2.111112e+00,  2.640045e+02
  2.819809e+00,  2.666063e+02
  3.167623e+00,  2.693879e+02
  3.108866e+00,  2.730186e+02
  2.653547e+00,  2.787183e+02
  1.884477e+00,  2.902424e+02
  1.081926e+00,  3.244936e+02
  1.255395e+00,  3.261543e+01
  2.319621e+00,  6.008679e+01
  3.438958e+00,  7.023529e+01
  4.365621e+00,  7.578280e+01
  4.984807e+00,  7.966546e+01
  5.238492e+00,  8.285611e+01
  5.116487e+00,  8.577929e+01
  4.651796e+00,  8.866062e+01
  3.912798e+00,  9.163266e+01
  2.991897e+00,  9.475407e+01
  1.992112e+00,  9.793381e+01
  1.013990e+00,  1.003601e+02
  1.559213e-01,  8.223340e+01
  5.690116e-01,  3.026773e+02
  1.062437e+00,  3.063297e+02
  1.336110e+00,  3.139177e+02
  1.394939e+00,  3.241802e+02
  1.263516e+00,  3.385324e+02
  1.005843e+00,  2.034718e+00
  8.401076e-01,  4.607650e+01
  1.178207e+00,  9.493426e+01
  1.968854e+00,  1.214159e+02
  2.983705e+00,  1.358099e+02
  4.099502e+00,  1.450400e+02
  5.215757e+00,  1.515300e+02
  6.229836e+00,  1.562481e+02
  7.040116e+00,  1.596401e+02
  7.556885e+00,  1.619160e+02
  7.714687e+00,  1.631432e+02
  7.483187e+00,  1.632644e+02
  6.875042e+00,  1.620647e+02
  5.950406e+00,  1.590699e+02
  4.819350e+00,  1.533053e+02
  3.646543e+00,  1.427907e+02
  2.663386e+00,  1.240709e+02
  2.135633e+00,  9.571091e+01
  2.083310e+00,  6.735191e+01
  2.135166e+00,  4.738699e+01
  1.959996e+00,  3.277276e+01
  1.444046e+00,  1.616486e+01
  7.853966e-01,  3.315967e+02
  1.268206e+00,  2.533481e+02
  2.642573e+00,  2.311266e+02
  4.159159e+00,  2.228503e+02
  5.579516e+00,  2.182995e+02
  6.730048e+00,  2.152540e+02
  7.473721e+00,  2.129445e+02
  7.718698e+00,  2.110089e+02
  7.426802e+00,  2.092211e+02
  6.616608e+00,  2.073765e+02
  5.360308e+00,  2.051792e+02
  3.775534e+00,  2.019291e+02
  2.018799e+00,  1.946722e+02
  4.758691e-01,  1.356190e+02
  1.591918e+00,  4.104360e+01
  2.990332e+00,  3.147153e+01
  4.057671e+00,  2.686299e+01
  4.728477e+00,  2.286364e+01
  5.004425e+00,  1.829634e+01
  4.946175e+00,  1.234279e+01
  4.671465e+00,  4.164564e+00
  4.347229e+00,  3.530915e+02
  4.156811e+00,  3.394701e+02
  4.220300e+00,  3.255112e+02
  4.518213e+00,  3.141140e+02
  4.925251e+00,  3.066532e+02
  5.305459e+00,  3.029114e+02
  5.562336e+00,  3.021737e+02
  5.643090e+00,  3.038358e+02
  5.529515e+00,  3.075563e+02
  5.230736e+00,  3.132894e+02
  4.782523e+00,  3.213380e+02
  4.255110e+00,  3.324266e+02
  3.767589e+00,  3.475478e+02
  3.486903e+00,  6.808871e+00
  3.550751e+00,  2.732685e+01
  3.937041e+00,  4.446413e+01
  4.480422e+00,  5.614501e+01
  5.004790e+00,  6.285546e+01
  5.390921e+00,  6.553019e+01
  5.586566e+00,  6.472006e+01
  5.605792e+00,  6.058349e+01
  5.524905e+00,  5.314531e+01
  5.462345e+00,  4.275557e+01
  5.526096e+00,  3.056392e+01
  5.741839e+00,  1.835161e+01
  6.023176e+00,  7.577858e+00
  6.213981e+00,  3.587653e+02
  6.153868e+00,  3.517421e+02
  5.719511e+00,  3.460828e+02
  4.843319e+00,  3.413361e+02
  3.519162e+00,  3.370180e+02
  1.800987e+00,  3.320013e+02
  2.359446e-01,  1.783491e+02
  2.369547e+00,  1.516758e+02
  4.502555e+00,  1.474382e+02
  6.444239e+00,  1.438384e+02
  8.040502e+00,  1.401540e+02
  9.174247e+00,  1.360908e+02
  9.781207e+00,  1.313907e+02
  9.860621e+00,  1.257522e+02
  9.479085e+00,  1.187912e+02
  8.766536e+00,  1.100350e+02
  7.901868e+00,  9.900499e+01
  7.080368e+00,  8.551213e+01
  6.452037e+00,  7.016416e+01
  6.045945e+00,  5.452377e+01
  5.750206e+00,  4.026144e+01
  5.386164e+00,  2.812757e+01
  4.804296e+00,  1.785589e+01
  3.932710e+00,  8.481179e+00
  2.785914e+00,  3.579332e+02
  1.485494e+00,  3.381592e+02
  8.037344e-01,  2.570170e+02
  1.921944e+00,  2.051333e+02
  3.226084e+00,  1.923067e+02
  4.312950e+00,  1.858235e+02
  5.064811e+00,  1.811891e+02
  5.426403e+00,  1.770648e+02
  5.393004e+00,  1.726576e+02
  5.010329e+00,  1.671107e+02
  4.378102e+00,  1.591117e+02
  3.664593e+00,  1.464953e+02
  3.133820e+00,  1.268422e+02
  3.088227e+00,  1.023161e+02
  3.580848e+00,  8.168042e+01
  4.364729e+00,  6.873865e+01
  5.195466e+00,  6.137280e+01
  5.928402e+00,  5.715546e+01
  6.483984e+00,  5.454936e+01
  6.818887e+00,  5.259949e+01
  6.913783e+00,  5.064057e+01
  6.770286e+00,  4.813277e+01
  6.412395e+00,  4.456773e+01
  5.889297e+00,  3.941581e+01
  5.276058e+00,  3.213413e+01
  4.666598e+00,  2.232181e+01
  4.150868e+00,  1.012556e+01
  3.773319e+00,  3.567076e+02
  3.491271e+00,  3.440176e+02
  3.189040e+00,  3.337535e+02
  2.741178e+00,  3.269696e+02
  2.071031e+00,  3.253395e+02
  1.216260e+00,  3.373848e+02
  8.466926e-01,  4.374848e+01
  1.902849e+00,  8.307760e+01
  3.315312e+00,  8.946595e+01
  4.713702e+00,  8.928110e+01
  5.934551e+00,  8.674344e+01
  6.855556e+00,  8.277369e+01
  7.395477e+00,  7.747608e+01
  7.527432e+00,  7.058936e+01
  7.292596e+00,  6.156668e+01
  6.812048e+00,  4.960538e+01
  6.290275e+00,  3.390836e+01
  5.980409e+00,  1.460840e+01
  6.062750e+00,  3.538765e+02
  6.504235e+00,  3.348002e+02
  7.092029e+00,  3.187894e+02
  7.589582e+00,  3.053882e+02
  7.830620e+00,  2.934952e+02
  7.739870e+00,  2.819893e+02
  7.330720e+00,  2.697865e+02
  6.701815e+00,  2.557421e+02
  6.029022e+00,  2.387576e+02
  5.533368e+00,  2.184617e+02
  5.385892e+00,  1.963737e+02
  5.581544e+00,  1.754554e+02
  5.945866e+00,  1.575244e+02
  6.275072e+00,  1.423828e+02
  6.434910e+00,  1.289253e+02
  6.382372e+00,  1.159601e+02
  6.157567e+00,  1.024494e+02
  5.866020e+00,  8.765919e+01
  5.644996e+00,  7.151238e+01
  5.603317e+00,  5.496292e+01
  5.757800e+00,  3.966328e+01
  6.026234e+00,  2.689990e+01
  6.284099e+00,  1.703421e+01
  6.423552e+00,  9.811415e+00
  6.379961e+00,  4.812977e+00
  6.134173e+00,  1.680654e+00
  5.704324e+00,  1.698389e-01
  5.133919e+00,  1.351963e-01
  4.478909e+00,  1.495828e+00
  3.795470e+00,  4.194156e+00
  3.130096e+00,  8.157163e+00
  2.514442e+00,  1.328854e+01
  1.967293e+00,  1.953806e+01
  1.497969e+00,  2.701419e+01
  1.113628e+00,  3.618043e+01
  8.262579e-01,  4.785657e+01
  6.521389e-01,  6.189446e+01
  5.952623e-01,  7.413577e+01
  6.357748e-01,  7.864689e+01
  7.576379e-01,  7.499224e+01
  9.601959e-01,  6.715564e+01
  1.233888e+00,  5.850067e+01
  1.548356e+00,  5.014372e+01
  1.860013e+00,  4.187123e+01
  2.124654e+00,  3.300944e+01
  2.311044e+00,  2.270028e+01
  2.417008e+00,  9.931893e+00
  2.487911e+00,  3.537298e+02
  2.625964e+00,  3.340078e+02
  2.955725e+00,  3.127771e+02
  3.539917e+00,  2.932524e+02
  4.339866e+00,  2.771138e+02
  5.258625e+00,  2.641027e+02
  6.188822e+00,  2.533070e+02
  7.033437e+00,  2.438991e+02
  7.713387e+00,  2.352745e+02
  8.171946e+00,  2.270057e+02
  8.378137e+00,  2.187816e+02
  8.325325e+00,  2.103653e+02
  8.027903e+00,  2.015636e+02
  7.516270e+00,  1.922025e+02
  6.830887e+00,  1.821008e+02
  6.016819e+00,  1.710306e+02
  5.120036e+00,  1.586432e+02
  4.186776e+00,  1.443115e+02
  3.268938e+00,  1.267599e+02
  2.444781e+00,  1.032420e+02
  1.874298e+00,  6.907432e+01
  1.812602e+00,  2.597931e+01
  2.278851e+00,  3.499515e+02
  3.004601e+00,  3.252905e+02
  3.799666e+00,  3.072810e+02
  4.571839e+00,  2.927680e+02
  5.267134e+00,  2.802394e+02
  5.847248e+00,  2.689308e+02
  6.284048e+00,  2.584063e+02
  6.559190e+00,  2.483828e+02
  6.664717e+00,  2.386534e+02
  6.603223e+00,  2.290479e+02
  6.387303e+00,  2.194084e+02
  6.038684e+00,  2.095672e+02
  5.587693e+00,  1.993298e+02
  5.073024e+00,  1.884712e+02
  4.540097e+00,  1.767533e+02
  4.037846e+00,  1.640075e+02
  3.611410e+00,  1.503151e+02
  3.289813e+00,  1.362268e+02
  3.073715e+00,  1.227850e+02
  2.934559e+00,  1.111670e+02
  2.829803e+00,  1.022288e+02
  2.723279e+00,  9.637403e+01
  2.597817e+00,  9.371032e+01
  2.457571e+00,  9.420006e+01
  2.323026e+00,  9.764558e+01
  2.220868e+00,  1.035273e+02
  2.170953e+00,  1.108847e+02
  2.176515e+00,  1.185037e+02
  2.224980e+00,  1.253560e+02
  2.298319e+00,  1.308724e+02
  2.383895e+00,  1.348719e+02
  2.479664e+00,  1.373626e+02
  2.593934e+00,  1.384172e+02
  2.742037e+00,  1.381578e+02
  2.941420e+00,  1.367957e+02
  3.205816e+00,  1.346478e+02
  3.539323e+00,  1.320870e+02
  3.932256e+00,  1.294433e+02
  4.360757e+00,  1.269204e+02
  4.786966e+00,  1.246214e+02
  5.162475e+00,  1.225808e+02
  5.433923e+00,  1.207959e+02
  5.549548e+00,  1.192532e+02
  5.465996e+00,  1.179474e+02
  5.154712e+00,  1.169004e+02
  4.607174e+00,  1.161957e+02
  3.838390e+00,  1.160673e+02
  2.888758e+00,  1.171941e+02
  1.828461e+00,  1.220515e+02
  8.162396e-01,  1.459840e+02
  7.918985e-01,  2.329410e+02
  1.684702e+00,  2.561005e+02
  2.524861e+00,  2.590213e+02
  3.181341e+00,  2.570397e+02
  3.628101e+00,  2.524427e+02
  3.883454e+00,  2.456799e+02
  4.002398e+00,  2.368373e+02
  4.063919e+00,  2.261600e+02
  4.143952e+00,  2.143852e+02
  4.279651e+00,  2.027152e+02
  4.449368e+00,  1.923254e+02
  4.586176e+00,  1.838902e+02
  4.610982e+00,  1.775792e+02
  4.460857e+00,  1.733679e+02
  4.104692e+00,  1.712917e+02
  3.550848e+00,  1.717057e+02
  2.851854e+00,  1.757205e+02
  2.116634e+00,  1.862089e+02
  1.551125e+00,  2.088793e+02
  1.442150e+00,  2.422686e+02
  1.744212e+00,  2.665930e+02
  2.103424e+00,  2.779976e+02
  2.309003e+00,  2.820072e+02
  2.287535e+00,  2.810634e+02
  2.049216e+00,  2.746698e+02
  1.701956e+00,  2.592145e+02
  1.529076e+00,  2.300699e+02
  1.868793e+00,  1.985905e+02
  2.626433e+00,  1.799681e+02
  3.525281e+00,  1.707941e+02
  4.391262e+00,  1.662305e+02
  5.120351e+00,  1.639855e+02
  5.647302e+00,  1.629982e+02
  5.936124e+00,  1.627049e+02
  5.976653e+00,  1.627387e+02
  5.782038e+00,  1.627922e+02
  5.385975e+00,  1.625356e+02
  4.840065e+00,  1.615381e+02
  4.212209e+00,  1.591573e+02
  3.584992e+00,  1.545149e+02
  3.054503e+00,  1.467156e+02
  2.716747e+00,  1.358000e+02
  2.621377e+00,  1.240482e+02
  2.724491e+00,  1.148926e+02
  2.919382e+00,  1.100174e+02
  3.105590e+00,  1.091599e+02
  3.217240e+00,  1.115387e+02
  3.220925e+00,  1.166169e+02
  3.110238e+00,  1.242784e+02
  2.905118e+00,  1.348504e+02
  2.655986e+00,  1.490521e+02
  2.448014e+00,  1.675601e+02
  2.386412e+00,  1.896562e+02
  2.536877e+00,  2.121502e+02
  2.869727e+00,  2.316507e+02
  3.291683e+00,  2.472021e+02
  3.707539e+00,  2.594913e+02
  4.043856e+00,  2.694227e+02
  4.248966e+00,  2.776355e+02
  4.289323e+00,  2.844822e+02
  4.147429e+00,  2.900792e+02
  3.821573e+00,  2.943130e+02
  3.328008e+00,  2.967354e+02
  2.707673e+00,  2.961837e+02
  2.039156e+00,  2.897811e+02
  1.492254e+00,  2.711258e+02
  1.388672e+00,  2.385847e+02
  1.805605e+00,  2.141340e+02
  2.408371e+00,  2.037139e+02
  2.964806e+00,  2.001721e+02
  3.364518e+00,  1.995937e+02
  3.546619e+00,  2.002661e+02
  3.478453e+00,  2.012554e+02
  3.151629e+00,  2.017455e+02
  2.584272e+00,  2.004066e+02
  1.836466e+00,  1.935938e+02
  1.116712e+00,  1.671474e+02
  1.195308e+00,  1.101051e+02
  2.157395e+00,  8.535023e+01
  3.327354e+00,  7.948008e+01
  4.491606e+00,  7.914740e+01
  5.557910e+00,  8.096165e+01
  6.463546e+00,  8.377612e+01
  7.161437e+00,  8.707049e+01
  7.616848e+00,  9.053568e+01
  7.806136e+00,  9.393624e+01
  7.716799e+00,  9.705170e+01
  7.350031e+00,  9.963345e+01
  6.726498e+00,  1.013373e+02
  5.888170e+00,  1.016198e+02
  4.904903e+00,  9.951946e+01
  3.889173e+00,  9.322411e+01
  3.027025e+00,  7.968569e+01
  2.592803e+00,  5.736904e+01
  2.736236e+00,  3.427117e+01
  3.218885e+00,  1.936603e+01
  3.712539e+00,  1.174106e+01
  4.021093e+00,  8.198452e+00
  4.047210e+00,  6.676453e+00
  3.750644e+00,  5.878178e+00
  3.132082e+00,  4.545760e+00
  2.233657e+00,  8.068591e-02
  1.199372e+00,  3.407255e+02
  9.762382e-01,  2.643831e+02
  2.187566e+00,  2.318244e+02
  3.640284e+00,  2.257604e+02
  5.054442e+00,  2.250608e+02
  6.310951e+00,  2.261249e+02
  7.317808e+00,  2.278956e+02
  8.000823e+00,  2.299189e+02
  8.305901e+00,  2.319268e+02
  8.202916e+00,  2.336994e+02
  7.690185e+00,  2.349851e+02
  6.800106e+00,  2.354000e+02
  5.599793e+00,  2.341991e+02
  4.199440e+00,  2.296170e+02
  2.796008e+00,  2.165466e+02
  1.881072e+00,  1.817101e+02
  2.214526e+00,  1.372673e+02
  3.240356e+00,  1.168850e+02
  4.223492e+00,  1.087221e+02
  4.912438e+00,  1.046564e+02
  5.212710e+00,  1.018055e+02
  5.101341e+00,  9.866547e+01
  4.617346e+00,  9.376999e+01
  3.879522e+00,  8.475051e+01
  3.147746e+00,  6.741192e+01
  2.899765e+00,  3.960505e+01
  3.474893e+00,  1.341927e+01
  4.576577e+00,  3.585933e+02
  5.792394e+00,  3.518606e+02
  6.882140e+00,  3.494642e+02
  7.715322e+00,  3.495141e+02
  8.224579e+00,  3.511060e+02
  8.387548e+00,  3.537688e+02
  8.216356e+00,  3.572117e+02
  7.747237e+00,  1.193739e+00
  7.029779e+00,  5.438414e+00
  6.118666e+00,  9.555716e+00
  5.066508e+00,  1.287411e+01
  3.926051e+00,  1.404531e+01
  2.774695e+00,  9.753788e+00
  1.821845e+00,  3.505611e+02
  1.672692e+00,  3.091585e+02
  2.497911e+00,  2.825929e+02
  3.623412e+00,  2.741872e+02
  4.712031e+00,  2.722883e+02
  5.614626e+00,  2.726626e+02
  6.231263e+00,  2.737611e+02
  6.489494e+00,  2.748466e+02
  6.347146e+00,  2.753944e+02
  5.800239e+00,  2.747767e+02
  4.894230e+00,  2.718411e+02
  3.750663e+00,  2.638446e+02
  2.668373e+00,  2.436501e+02
  2.362527e+00,  2.047544e+02
  3.232294e+00,  1.735055e+02
  4.565763e+00,  1.598236e+02
  5.847857e+00,  1.540151e+02
  6.849020e+00,  1.513747e+02
  7.443802e+00,  1.500267e+02
  7.564585e+00,  1.490106e+02
  7.193760e+00,  1.475822e+02
  6.366763e+00,  1.448081e+02
  5.186336e+00,  1.389139e+02
  3.877499e+00,  1.257138e+02
  2.975213e+00,  9.720089e+01
  3.293547e+00,  6.031257e+01
  4.622489e+00,  3.874928e+01
  6.199861e+00,  2.932490e+01
  7.631357e+00,  2.523436e+01
  8.722648e+00,  2.356030e+01
  9.363982e+00,  2.305190e+01
  9.501213e+00,  2.306853e+01
  9.128698e+00,  2.318580e+01
  8.286279e+00,  2.300277e+01
  7.056400e+00,  2.196330e+01
  5.562866e+00,  1.901593e+01
  3.981375e+00,  1.165836e+01
  2.605594e+00,  3.531499e+02
  2.027805e+00,  3.148096e+02
  2.524693e+00,  2.815526e+02
  3.313869e+00,  2.676319e+02
  3.890609e+00,  2.627834e+02
  4.093436e+00,  2.619112e+02
  3.882421e+00,  2.632547e+02
  3.278567e+00,  2.663405e+02
  2.344484e+00,  2.717524e+02
  1.182076e+00,  2.844462e+02
  4.403839e-01,  3.032356e+01
  1.660672e+00,  8.068254e+01
  2.981824e+00,  9.131660e+01
  4.181949e+00,  9.865174e+01
  5.191299e+00,  1.053910e+02
  5.972007e+00,  1.121522e+02
  6.511578e+00,  1.191163e+02
  6.816923e+00,  1.262881e+02
  6.905789e+00,  1.335524e+02
  6.797165e+00,  1.406852e+02
  6.503876e+00,  1.473564e+02
  6.030785e+00,  1.531170e+02
  5.380825e+00,  1.573327e+02
  4.569864e+00,  1.589616e+02
  3.654841e+00,  1.559449e+02
  2.796992e+00,  1.439536e+02
  2.377782e+00,  1.183568e+02
  2.773618e+00,  9.071991e+01
  3.718266e+00,  7.540667e+01
  4.772213e+00,  6.889740e+01
  5.679454e+00,  6.648610e+01
  6.287234e+00,  6.592495e+01
  6.496149e+00,  6.614225e+01
  6.249033e+00,  6.649853e+01
  5.530665e+00,  6.639253e+01
  4.372063e+00,  6.477244e+01
  2.866752e+00,  5.831766e+01
  1.345617e+00,  2.687950e+01
  1.729559e+00,  3.048394e+02
  3.615390e+00,  2.841841e+02
  5.573013e+00,  2.791250e+02
  7.333723e+00,  2.774130e+02
  8.755296e+00,  2.766683e+02
  9.740069e+00,  2.760457e+02
  1.023372e+01,  2.750523e+02
  1.023220e+01,  2.732375e+02
  9.790150e+00,  2.700488e+02
  9.030916e+00,  2.647328e+02
  8.158196e+00,  2.563516e+02
  7.454984e+00,  2.442571e+02
  7.214294e+00,  2.293888e+02
  7.561377e+00,  2.148786e+02
  8.348329e+00,  2.036278e+02
  9.289370e+00,  1.962655e+02
  1.012795e+01,  1.920580e+02
  1.069002e+01,  1.901102e+02
  1.087839e+01,  1.897465e+02
  1.065765e+01,  1.905094e+02
  1.004089e+01,  1.920876e+02
  9.078196e+00,  1.942535e+02
  7.845958e+00,  1.968060e+02
  6.436857e+00,  1.995055e+02
  4.951092e+00,  2.019492e+02
  3.490259e+00,  2.032185e+02
  2.159996e+00,  2.005429e+02
  1.123878e+00,  1.827575e+02
  8.663056e-01,  1.302984e+02
  1.350049e+00,  1.050915e+02
  1.855178e+00,  1.047924e+02
  2.238830e+00,  1.128482e+02
  2.524834e+00,  1.251405e+02
  2.768992e+00,  1.400505e+02
  3.023592e+00,  1.563480e+02
  3.318094e+00,  1.729206e+02
  3.654618e+00,  1.889663e+02
  4.016803e+00,  2.040931e+02
  4.382024e+00,  2.181997e+02
  4.728526e+00,  2.312925e+02
  5.036094e+00,  2.433632e+02
  5.283181e+00,  2.543453e+02
  5.444295e+00,  2.641152e+02
  5.490435e+00,  2.724994e+02
  5.393641e+00,  2.792581e+02
  5.135175e+00,  2.840191e+02
  4.716950e+00,  2.861366e+02
  4.181118e+00,  2.844686e+02
  3.641248e+00,  2.772092e+02
  3.315714e+00,  2.629767e+02
  3.458858e+00,  2.449217e+02
  4.111258e+00,  2.302823e+02
  5.067386e+00,  2.217647e+02
  6.096304e+00,  2.178267e+02
  7.027042e+00,  2.166605e+02
  7.738638e+00,  2.171320e+02
  8.147448e+00,  2.186029e+02
  8.202990e+00,  2.207154e+02
  7.887311e+00,  2.232671e+02
  7.214250e+00,  2.261465e+02
  6.226969e+00,  2.293043e+02
  4.993416e+00,  2.327556e+02
  3.600148e+00,  2.366443e+02
  2.145541e+00,  2.416070e+02
  7.382539e-01,  2.531002e+02
  5.851927e-01,  4.798585e+01
  1.633004e+00,  6.142627e+01
  2.401833e+00,  6.633242e+01
  2.833761e+00,  6.983977e+01
  2.905498e+00,  7.251652e+01
  2.622537e+00,  7.410177e+01
  2.021378e+00,  7.327441e+01
  1.188413e+00,  6.383854e+01
  5.900871e-01,  3.595112e+02
  1.428586e+00,  3.041953e+02
  2.628388e+00,  2.961940e+02
  3.803993e+00,  2.954524e+02
  4.841539e+00,  2.967330e+02
  5.661681e+00,  2.987716e+02
  6.207746e+00,  3.010777e+02
  6.446797e+00,  3.033621e+02
  6.370933e+00,  3.053593e+02
  5.997450e+00,  3.067201e+02
  5.368928e+00,  3.068786e+02
  4.556561e+00,  3.048040e+02
  3.674667e+00,  2.985088e+02
  2.921123e+00,  2.846090e+02
  2.610423e+00,  2.616982e+02
  2.935499e+00,  2.392146e+02
  3.672060e+00,  2.259537e+02
  4.509499e+00,  2.201198e+02
  5.262690e+00,  2.184064e+02
  5.830378e+00,  2.189156e+02
  6.154502e+00,  2.206695e+02
  6.204434e+00,  2.231395e+02
  5.971976e+00,  2.260142e+02
  5.470378e+00,  2.290752e+02
  4.731403e+00,  2.321271e+02
  3.802892e+00,  2.349073e+02
  2.746101e+00,  2.368517e+02
  1.634516e+00,  2.360038e+02
  5.875328e-01,  2.168711e+02
  6.577288e-01,  1.072753e+02
  1.510288e+00,  9.348872e+01
  2.221144e+00,  9.359641e+01
  2.721023e+00,  9.629161e+01
  2.988036e+00,  9.994174e+01
  3.021309e+00,  1.040531e+02
  2.837535e+00,  1.083697e+02
  2.468192e+00,  1.126150e+02
  1.956174e+00,  1.162193e+02
  1.353582e+00,  1.174610e+02
  7.358616e-01,  1.085106e+02
  4.268781e-01,  4.837545e+01
  8.959349e-01,  7.942203e+00
  1.533960e+00,  5.569414e+00
  2.183777e+00,  1.069756e+01
  2.829962e+00,  1.805569e+01
  3.467322e+00,  2.604910e+01
  4.082472e+00,  3.394576e+01
  4.649356e+00,  4.135845e+01
  5.131428e+00,  4.808303e+01
  5.486320e+00,  5.403127e+01
  5.673381e+00,  5.918111e+01
  5.661647e+00,  6.353764e+01
  5.436578e+00,  6.710398e+01
  5.004678e+00,  6.985636e+01
  4.395453e+00,  7.171483e+01
  3.660468e+00,  7.249716e+01
  2.869559e+00,  7.183816e+01
  2.104523e+00,  6.906333e+01
  1.449901e+00,  6.315150e+01
  9.757527e-01,  5.380263e+01
  7.019088e-01,  4.617048e+01
  6.018683e-01,  5.383956e+01
  7.511844e-01,  7.771915e+01
  1.235293e+00,  9.530239e+01
  1.983458e+00,  1.036722e+02
  2.898958e+00,  1.079489e+02
  3.887502e+00,  1.105518e+02
  4.853376e+00,  1.124068e+02
  5.704312e+00,  1.138907e+02
  6.359349e+00,  1.151696e+02
  6.756171e+00,  1.163217e+02
  6.856381e+00,  1.173874e+02
  6.648636e+00,  1.183939e+02
  6.150117e+00,  1.193691e+02
  5.402704e+00,  1.203652e+02
  4.468354e+00,  1.215028e+02
  3.423630e+00,  1.230865e+02
  2.354006e+00,  1.260004e+02
  1.353648e+00,  1.335668e+02
  5.885535e-01,  1.650896e+02
  6.392871e-01,  2.383469e+02
  1.115942e+00,  2.562413e+02
  1.511234e+00,  2.556178e+02
  1.822725e+00,  2.485906e+02
  2.127262e+00,  2.382725e+02
  2.504661e+00,  2.271311e+02
  2.990705e+00,  2.173250e+02
  3.565460e+00,  2.098969e+02
  4.175437e+00,  2.048486e+02
  4.758837e+00,  2.017396e+02
  5.259657e+00,  2.000817e+02
  5.633292e+00,  1.994685e+02
  5.848091e+00,  1.995863e+02
  5.885302e+00,  2.001945e+02
  5.738556e+00,  2.011049e+02
  5.413440e+00,  2.021667e+02
  4.927289e+00,  2.032539e+02
  4.309245e+00,  2.042658e+02
  3.600664e+00,  2.051625e+02
  2.853042e+00,  2.059663e+02
  2.124610e+00,  2.068235e+02
  1.475966e+00,  2.082130e+02
  9.657959e-01,  2.114810e+02
  6.491122e-01,  2.192302e+02
  5.700122e-01,  2.300391e+02
  7.286440e-01,  2.338666e+02
  1.100531e+00,  2.307469e+02
  1.663302e+00,  2.260154e+02
  2.377486e+00,  2.214880e+02
  3.185898e+00,  2.172432e+02
  4.022244e+00,  2.130273e+02
  4.820080e+00,  2.085845e+02
  5.521241e+00,  2.036968e+02
  6.083125e+00,  1.981766e+02
  6.483831e+00,  1.918616e+02
  6.724145e+00,  1.846232e+02
  6.825352e+00,  1.763908e+02
  6.822183e+00,  1.671893e+02
  6.751116e+00,  1.571735e+02
  6.636502e+00,  1.466299e+02
  6.479696e+00,  1.359163e+02
  6.256767e+00,  1.253530e+02
  5.927445e+00,  1.151146e+02
  5.452725e+00,  1.051677e+02
  4.805985e+00,  9.523776e+01
  3.983170e+00,  8.466633e+01
  3.013736e+00,  7.186404e+01
  1.989576e+00,  5.200821e+01
  1.230519e+00,  8.602961e+00
  1.496911e+00,  3.083879e+02
  2.427320e+00,  2.796459e+02
  3.390246e+00,  2.651878e+02
  4.192502e+00,  2.553726e+02
  4.749618e+00,  2.474462e+02
  5.015361e+00,  2.403849e+02
  4.969494e+00,  2.336881e+02
  4.614236e+00,  2.270146e+02
  3.972147e+00,  2.199917e+02
  3.084573e+00,  2.119261e+02
  2.013651e+00,  2.006727e+02
  8.904850e-01,  1.727772e+02
  8.185249e-01,  6.716322e+01
  2.002415e+00,  3.520310e+01
  3.242308e+00,  2.318043e+01
  4.402711e+00,  1.464642e+01
  5.434919e+00,  7.255082e+00
  6.310105e+00,  3.717616e-01
  7.012517e+00,  3.537751e+02
  7.538582e+00,  3.473732e+02
  7.893293e+00,  3.411507e+02
  8.086832e+00,  3.351389e+02
  8.131852e+00,  3.293966e+02
  8.041108e+00,  3.239985e+02
  7.825597e+00,  3.190255e+02
  7.493346e+00,  3.145553e+02
  7.048924e+00,  3.106553e+02
  6.493711e+00,  3.073792e+02
  5.826903e+00,  3.047737e+02
  5.047159e+00,  3.029063e+02
  4.154924e+00,  3.019458e+02
  3.155908e+00,  3.024138e+02
  2.069189e+00,  3.062671e+02
  9.791073e-01,  3.253055e+02
  7.865193e-01,  5.485288e+01
  1.908633e+00,  8.418213e+01
  3.166338e+00,  8.894269e+01
  4.391098e+00,  8.896103e+01
  5.518121e+00,  8.704900e+01
  6.497713e+00,  8.392153e+01
  7.292458e+00,  7.979773e+01
  7.881050e+00,  7.473332e+01
  8.261562e+00,  6.872844e+01
  8.451917e+00,  6.178859e+01
  8.485678e+00,  5.398543e+01
  8.400247e+00,  4.548890e+01
  8.222612e+00,  3.658467e+01
  7.956908e+00,  2.765305e+01
  7.579839e+00,  1.910990e+01
  7.047653e+00,  1.135150e+01
  6.312542e+00,  4.765283e+00
  5.342781e+00,  3.598807e+02
  4.143609e+00,  3.578753e+02
  2.793560e+00,  2.558341e+00
  1.634587e+00,  2.967545e+01
  1.850657e+00,  8.489253e+01
  3.244617e+00,  1.051120e+02
  4.794513e+00,  1.082585e+02
  6.209784e+00,  1.061439e+02
  7.375059e+00,  1.016028e+02
  8.237379e+00,  9.545024e+01
  8.792973e+00,  8.792032e+01
  9.082955e+00,  7.907281e+01
  9.182458e+00,  6.898514e+01
  9.178319e+00,  5.788630e+01
  9.137136e+00,  4.621973e+01
  9.075601e+00,  3.457308e+01
  8.950551e+00,  2.348844e+01
  8.676479e+00,  1.328151e+01
  8.160310e+00,  3.975412e+00
  7.332702e+00,  3.553240e+02
  6.169225e+00,  3.467772e+02
  4.702510e+00,  3.371437e+02
  3.041122e+00,  3.228446e+02
  1.534166e+00,  2.862294e+02
  1.696251e+00,  2.081113e+02
  3.207975e+00,  1.782713e+02
  4.715819e+00,  1.663329e+02
  5.941274e+00,  1.587725e+02
  6.787032e+00,  1.526746e+02
  7.221225e+00,  1.469838e+02
  7.263457e+00,  1.410989e+02
  6.979176e+00,  1.345271e+02
  6.472061e+00,  1.267857e+02
  5.871532e+00,  1.174481e+02
  5.311169e+00,  1.063796e+02
  4.893028e+00,  9.412646e+01
  4.646475e+00,  8.202298e+01
  4.516203e+00,  7.154316e+01
  4.399304e+00,  6.347476e+01
  4.196123e+00,  5.779666e+01
  3.836860e+00,  5.404012e+01
  3.284311e+00,  5.156955e+01
  2.527757e+00,  4.958370e+01
  1.577922e+00,  4.643257e+01
  4.878084e-01,  2.806980e+01
  8.453263e-01,  2.498078e+02
  2.147414e+00,  2.409495e+02
  3.452123e+00,  2.387531e+02
  4.660627e+00,  2.374460e+02
  5.679923e+00,  2.360877e+02
  6.425241e+00,  2.342909e+02
  6.831630e+00,  2.317610e+02
  6.866599e+00,  2.281555e+02
  6.542073e+00,  2.229812e+02
  5.925201e+00,  2.154685e+02
  5.148313e+00,  2.044503e+02
  4.412992e+00,  1.885747e+02
  3.951416e+00,  1.678163e+02
  3.876234e+00,  1.456776e+02
  4.041779e+00,  1.266494e+02
  4.169295e+00,  1.117068e+02
  4.037877e+00,  9.921309e+01
  3.544586e+00,  8.660720e+01
  2.724446e+00,  6.936200e+01
  1.892834e+00,  3.542617e+01
  2.024432e+00,  3.401274e+02
  3.313618e+00,  3.073133e+02
  4.909400e+00,  2.920313e+02
  6.396649e+00,  2.827507e+02
  7.560080e+00,  2.757081e+02
  8.263917e+00,  2.694148e+02
  8.439979e+00,  2.630084e+02
  8.093883e+00,  2.557164e+02
  7.313989e+00,  2.465524e+02
  6.283239e+00,  2.340463e+02
  5.293327e+00,  2.162931e+02
  4.710555e+00,  1.928217e+02
  4.742276e+00,  1.681889e+02
  5.180080e+00,  1.483467e+02
  5.621178e+00,  1.341613e+02
  5.767281e+00,  1.237340e+02
  5.471671e+00,  1.151612e+02
  4.707818e+00,  1.067229e+02
  3.551869e+00,  9.582185e+01
  2.225303e+00,  7.476871e+01
  1.501581e+00,  1.968688e+01
  2.401966e+00,  3.295768e+02
  3.798806e+00,  3.114453e+02
  5.032897e+00,  3.026664e+02
  5.905712e+00,  2.968387e+02
  6.337101e+00,  2.919402e+02
  6.319834e+00,  2.869065e+02
  5.913280e+00,  2.807661e+02
  5.245360e+00,  2.722423e+02
  4.522480e+00,  2.596065e+02
  4.030068e+00,  2.417239e+02
  4.026078e+00,  2.213759e+02
  4.509202e+00,  2.047102e+02
  5.240696e+00,  1.942844e+02
  5.985470e+00,  1.888735e+02
  6.597627e+00,  1.867600e+02
  6.998251e+00,  1.867329e+02
  7.147178e+00,  1.880146e+02
  7.026768e+00,  1.900951e+02
  6.635326e+00,  1.926354e+02
  5.987024e+00,  1.954281e+02
  5.115251e+00,  1.983970e+02
  4.076267e+00,  2.016520e+02
  2.950859e+00,  2.057033e+02
  1.844654e+00,  2.123565e+02
  9.045542e-01,  2.298542e+02
  4.989666e-01,  2.906773e+02
  7.515529e-01,  3.291966e+02
  9.232557e-01,  3.270336e+02
  1.010424e+00,  3.025647e+02
  1.433594e+00,  2.687286e+02
  2.391428e+00,  2.478194e+02
  3.708992e+00,  2.375772e+02
  5.186619e+00,  2.321094e+02
  6.642165e+00,  2.288028e+02
  7.904580e+00,  2.265541e+02
  8.822914e+00,  2.248404e+02
  9.280301e+00,  2.233743e+02
  9.206949e+00,  2.219630e+02
  8.589040e+00,  2.204344e+02
  7.471801e+00,  2.185718e+02
  5.956198e+00,  2.159926e+02
  4.190720e+00,  2.117688e+02
  2.367871e+00,  2.024919e+02
  8.605472e-01,  1.618547e+02
  1.266995e+00,  7.027053e+01
  2.286114e+00,  5.074185e+01
  2.906351e+00,  4.183139e+01
  3.049473e+00,  3.337960e+01
  2.781740e+00,  2.137458e+01
  2.335925e+00,  3.518011e-01
  2.217347e+00,  3.266774e+02
  2.839022e+00,  2.957414e+02
  3.910197e+00,  2.785065e+02
  5.016595e+00,  2.698609e+02
  5.910340e+00,  2.655809e+02
  6.450139e+00,  2.638238e+02
  6.568310e+00,  2.638543e+02
  6.260563e+00,  2.654861e+02
  5.579958e+00,  2.689288e+02
  4.630269e+00,  2.748963e+02
  3.562303e+00,  2.850505e+02
  2.584755e+00,  3.028722e+02
  1.984602e+00,  3.323299e+02
  1.949430e+00,  5.867926e+00
  2.218697e+00,  2.975594e+01
  2.437715e+00,  4.484227e+01
  2.448667e+00,  5.551736e+01
  2.218077e+00,  6.422492e+01
  1.769556e+00,  7.212842e+01
  1.151264e+00,  7.971650e+01
  4.168473e-01,  8.637609e+01
  3.872969e-01,  2.787735e+02
  1.222945e+00,  2.855264e+02
  2.061653e+00,  2.934386e+02
  2.873478e+00,  3.012600e+02
  3.620223e+00,  3.087189e+02
  4.251889e+00,  3.157003e+02
  4.709738e+00,  3.221983e+02
  4.934993e+00,  3.283051e+02
  4.880664e+00,  3.342197e+02
  4.523887e+00,  3.403030e+02
  3.877108e+00,  3.472580e+02
  2.999662e+00,  3.567143e+02
  2.027591e+00,  1.342638e+01
  1.315502e+00,  5.136979e+01
  1.502110e+00,  1.026711e+02
  2.220116e+00,  1.273141e+02
  2.851763e+00,  1.375473e+02
  3.179031e+00,  1.420576e+02
  3.124510e+00,  1.430105e+02
  2.691490e+00,  1.398485e+02
  1.986762e+00,  1.281524e+02
  1.405145e+00,  9.352816e+01
  1.798875e+00,  4.601471e+01
  2.930230e+00,  2.564140e+01
  4.168390e+00,  1.877865e+01
  5.255027e+00,  1.680972e+01
  6.057082e+00,  1.718868e+01
  6.503390e+00,  1.908160e+01
  6.575288e+00,  2.224076e+01
  6.302713e+00,  2.668479e+01
  5.756848e+00,  3.258877e+01
  5.037226e+00,  4.021870e+01
  4.252500e+00,  4.982414e+01
  3.494832e+00,  6.142160e+01
  2.811998e+00,  7.451095e+01
  2.191964e+00,  8.802648e+01
  1.579106e+00,  1.008081e+02
  9.171953e-01,  1.122708e+02
  1.869379e-01,  1.244186e+02
  5.841983e-01,  3.086576e+02
  1.329660e+00,  3.169048e+02
  1.967469e+00,  3.246023e+02
  2.421732e+00,  3.328196e+02
  2.648129e+00,  3.426348e+02
  2.662531e+00,  3.556042e+02
  2.576301e+00,  1.369175e+01
  2.611305e+00,  3.723464e+01
  2.977277e+00,  6.136077e+01
  3.655285e+00,  8.018620e+01
  4.443932e+00,  9.304203e+01
  5.130267e+00,  1.017520e+02
  5.550461e+00,  1.078990e+02
  5.597353e+00,  1.124748e+02
  5.222034e+00,  1.160960e+02
  4.433985e+00,  1.192159e+02
  3.297498e+00,  1.223640e+02
  1.924369e+00,  1.269588e+02
  4.940221e-01,  1.470327e+02
  6.556284e-01,  3.106073e+02
##END=
