##TITLE= E:\桌面\nmr\ogm\sjd\matlabcod\1\3_4_xjhsjd
##JCAMP-DX= 5.00 Bruker JCAMP library
##DATA TYPE= Shape Data
##ORIGIN= Colm's GRAPE Pulses 
##OWNER= Dawei.Lu
##DATE= 02-Aug-2025
##TIME= 11:45
##MINX= 1.283381e-01
##MAXX= 1.256347e+01
##MINY= 3.692157e-01
##MAXY= 3.577604e+02
##$SHAPE_EXMODE= None
##$SHAPE_TOTROT= 9.000000e+01
##$SHAPE_BWFAC= 1.000000e+00
##$SHAPE_INTEGFAC= 1.000000e+00
##$SHAPE_MODE= 1
##PULSE_WIDTH= 5000
##Calibration_Power= 12500
##NPOINTS= 1000
##XYPOINTS= (XY..XY)
  3.781807e+00,  1.993450e+02
  6.272684e+00,  2.083417e+02
  8.913021e+00,  2.132643e+02
  8.722002e+00,  2.114635e+02
  7.703872e+00,  2.083992e+02
  6.252716e+00,  2.027693e+02
  4.691859e+00,  1.910622e+02
  3.571171e+00,  1.670812e+02
  3.616480e+00,  1.350516e+02
  4.670474e+00,  1.149414e+02
  5.979450e+00,  1.074070e+02
  7.148650e+00,  1.065624e+02
  8.049709e+00,  1.094317e+02
  8.672659e+00,  1.146531e+02
  9.059144e+00,  1.214216e+02
  9.257736e+00,  1.290681e+02
  9.290368e+00,  1.369414e+02
  9.137466e+00,  1.444312e+02
  8.746485e+00,  1.510108e+02
  8.057365e+00,  1.561988e+02
  7.033361e+00,  1.593732e+02
  5.692758e+00,  1.592781e+02
  4.161078e+00,  1.525382e+02
  2.855622e+00,  1.295801e+02
  2.821657e+00,  8.723623e+01
  4.194452e+00,  6.135008e+01
  5.920864e+00,  5.188575e+01
  7.466058e+00,  4.853263e+01
  8.579266e+00,  4.748457e+01
  9.109780e+00,  4.725695e+01
  8.974800e+00,  4.703602e+01
  8.159643e+00,  4.605841e+01
  6.728473e+00,  4.303155e+01
  4.863446e+00,  3.455106e+01
  3.086822e+00,  8.938481e+00
  3.006440e+00,  3.160181e+02
  4.961973e+00,  2.868175e+02
  7.351240e+00,  2.771741e+02
  9.529469e+00,  2.737339e+02
  1.122127e+01,  2.726125e+02
  1.226251e+01,  2.724453e+02
  1.256347e+01,  2.725708e+02
  1.210637e+01,  2.725121e+02
  1.094755e+01,  2.717258e+02
  9.220664e+00,  2.693069e+02
  7.152028e+00,  2.633324e+02
  5.134520e+00,  2.492144e+02
  3.949217e+00,  2.197113e+02
  4.414899e+00,  1.860965e+02
  5.883285e+00,  1.682024e+02
  7.403884e+00,  1.612133e+02
  8.558551e+00,  1.592672e+02
  9.181578e+00,  1.598861e+02
  9.221951e+00,  1.620251e+02
  8.699487e+00,  1.651966e+02
  7.682585e+00,  1.691473e+02
  6.270244e+00,  1.737264e+02
  4.575887e+00,  1.788240e+02
  2.714374e+00,  1.843271e+02
  7.936081e-01,  1.898697e+02
  1.089539e+00,  1.703702e+01
  2.849644e+00,  2.320334e+01
  4.412675e+00,  2.967676e+01
  5.714610e+00,  3.620419e+01
  6.700410e+00,  4.266606e+01
  7.323082e+00,  4.894926e+01
  7.544014e+00,  5.493569e+01
  7.335891e+00,  6.049263e+01
  6.688621e+00,  6.543915e+01
  5.617210e+00,  6.943260e+01
  4.170647e+00,  7.154182e+01
  2.452610e+00,  6.784896e+01
  9.206876e-01,  2.198899e+01
  2.008804e+00,  3.042707e+02
  3.970424e+00,  2.958908e+02
  5.839664e+00,  2.963588e+02
  7.442283e+00,  2.989426e+02
  8.663967e+00,  3.022712e+02
  9.422085e+00,  3.058828e+02
  9.667308e+00,  3.095592e+02
  9.386658e+00,  3.131411e+02
  8.604273e+00,  3.164335e+02
  7.379649e+00,  3.190902e+02
  5.805775e+00,  3.203364e+02
  4.016693e+00,  3.179602e+02
  2.265341e+00,  3.029950e+02
  1.546733e+00,  2.458756e+02
  2.751952e+00,  2.070591e+02
  4.293087e+00,  1.990001e+02
  5.603372e+00,  1.985212e+02
  6.518638e+00,  2.005926e+02
  6.953525e+00,  2.038098e+02
  6.865778e+00,  2.076671e+02
  6.252140e+00,  2.119889e+02
  5.148155e+00,  2.168187e+02
  3.627051e+00,  2.226131e+02
  1.800363e+00,  2.321787e+02
  4.127588e-01,  3.551692e+02
  2.360037e+00,  4.302031e+01
  4.336568e+00,  5.121533e+01
  6.095312e+00,  5.717384e+01
  7.519733e+00,  6.260233e+01
  8.526512e+00,  6.786484e+01
  9.065185e+00,  7.306868e+01
  9.119450e+00,  7.822787e+01
  8.706161e+00,  8.328807e+01
  7.870945e+00,  8.810390e+01
  6.681714e+00,  9.235730e+01
  5.223361e+00,  9.531004e+01
  3.602419e+00,  9.486046e+01
  2.011903e+00,  8.236724e+01
  1.310897e+00,  2.502770e+01
  2.440991e+00,  3.453710e+02
  3.932445e+00,  3.384381e+02
  5.275275e+00,  3.388524e+02
  6.320528e+00,  3.414619e+02
  6.976159e+00,  3.448185e+02
  7.178781e+00,  3.483331e+02
  6.894303e+00,  3.516613e+02
  6.123013e+00,  3.544682e+02
  4.905112e+00,  3.561558e+02
  3.329060e+00,  3.549102e+02
  1.589865e+00,  3.403710e+02
  1.122167e+00,  2.492791e+02
  2.842594e+00,  2.194567e+02
  4.627456e+00,  2.162077e+02
  6.144881e+00,  2.173956e+02
  7.266502e+00,  2.201675e+02
  7.916893e+00,  2.238273e+02
  8.065243e+00,  2.282106e+02
  7.725725e+00,  2.333970e+02
  6.957213e+00,  2.396910e+02
  5.861847e+00,  2.477540e+02
  4.585870e+00,  2.589972e+02
  3.335786e+00,  2.765403e+02
  2.433817e+00,  3.058473e+02
  2.256833e+00,  3.444023e+02
  2.661592e+00,  1.409738e+01
  3.129950e+00,  3.212296e+01
  3.366732e+00,  4.389506e+01
  3.258571e+00,  5.248932e+01
  2.776862e+00,  5.920907e+01
  1.944506e+00,  6.438518e+01
  8.254404e-01,  6.587810e+01
  5.086587e-01,  2.687760e+02
  1.901572e+00,  2.653724e+02
  3.254450e+00,  2.687268e+02
  4.434750e+00,  2.727990e+02
  5.326594e+00,  2.771908e+02
  5.838252e+00,  2.819491e+02
  5.913458e+00,  2.873201e+02
  5.543071e+00,  2.938287e+02
  4.780224e+00,  3.026092e+02
  3.765718e+00,  3.162497e+02
  2.806556e+00,  3.405282e+02
  2.493525e+00,  1.913190e+01
  3.113247e+00,  5.286251e+01
  4.096821e+00,  7.192067e+01
  4.955599e+00,  8.302405e+01
  5.461189e+00,  9.054460e+01
  5.513845e+00,  9.643033e+01
  5.095504e+00,  1.017461e+02
  4.255954e+00,  1.074472e+02
  3.107898e+00,  1.152357e+02
  1.842444e+00,  1.307464e+02
  9.510358e-01,  1.807981e+02
  1.393421e+00,  2.431173e+02
  2.161435e+00,  2.617813e+02
  2.586787e+00,  2.687639e+02
  2.519758e+00,  2.716504e+02
  1.931412e+00,  2.711637e+02
  8.931608e-01,  2.592396e+02
  7.504193e-01,  1.347172e+02
  2.371349e+00,  1.149583e+02
  4.088494e+00,  1.118181e+02
  5.655617e+00,  1.107826e+02
  6.883617e+00,  1.102445e+02
  7.624129e+00,  1.097414e+02
  7.782146e+00,  1.090039e+02
  7.326231e+00,  1.077182e+02
  6.293596e+00,  1.053059e+02
  4.794091e+00,  1.003186e+02
  3.043196e+00,  8.772638e+01
  1.688961e+00,  4.487889e+01
  2.371872e+00,  3.435154e+02
  4.044776e+00,  3.235426e+02
  5.594953e+00,  3.161989e+02
  6.751462e+00,  3.123558e+02
  7.409909e+00,  3.096332e+02
  7.544875e+00,  3.069995e+02
  7.195475e+00,  3.036619e+02
  6.461361e+00,  2.986285e+02
  5.508454e+00,  2.903309e+02
  4.593874e+00,  2.764284e+02
  4.082014e+00,  2.555941e+02
  4.262134e+00,  2.327544e+02
  5.014481e+00,  2.155592e+02
  5.981304e+00,  2.049871e+02
  6.884480e+00,  1.986232e+02
  7.560074e+00,  1.944244e+02
  7.916848e+00,  1.910600e+02
  7.913463e+00,  1.875692e+02
  7.552554e+00,  1.830734e+02
  6.892071e+00,  1.765145e+02
  6.067404e+00,  1.664288e+02
  5.321488e+00,  1.511217e+02
  4.988046e+00,  1.305899e+02
  5.282414e+00,  1.093476e+02
  6.059910e+00,  9.261253e+01
  6.975793e+00,  8.114368e+01
  7.734215e+00,  7.341693e+01
  8.144173e+00,  6.802269e+01
  8.103802e+00,  6.407316e+01
  7.585135e+00,  6.106139e+01
  6.624058e+00,  5.872895e+01
  5.310629e+00,  5.702736e+01
  3.777251e+00,  5.625578e+01
  2.185969e+00,  5.798614e+01
  7.477747e-01,  7.584294e+01
  7.282265e-01,  1.904172e+02
  1.569827e+00,  2.039501e+02
  2.034988e+00,  2.018170e+02
  2.087546e+00,  1.939319e+02
  1.827641e+00,  1.780625e+02
  1.552187e+00,  1.474908e+02
  1.764241e+00,  1.073858e+02
  2.504853e+00,  8.002724e+01
  3.380268e+00,  6.433390e+01
  4.111796e+00,  5.356258e+01
  4.540538e+00,  4.433157e+01
  4.590030e+00,  3.467912e+01
  4.270240e+00,  2.267363e+01
  3.711493e+00,  5.399817e+00
  3.242300e+00,  3.389864e+02
  3.371748e+00,  3.055698e+02
  4.265524e+00,  2.775631e+02
  5.565933e+00,  2.588127e+02
  6.911085e+00,  2.456714e+02
  8.080611e+00,  2.351840e+02
  8.955132e+00,  2.257128e+02
  9.493260e+00,  2.162915e+02
  9.723143e+00,  2.062740e+02
  9.733287e+00,  1.952265e+02
  9.653669e+00,  1.829748e+02
  9.621544e+00,  1.697268e+02
  9.735435e+00,  1.561079e+02
  1.001857e+01,  1.429421e+02
  1.041798e+01,  1.308790e+02
  1.083842e+01,  1.201821e+02
  1.118356e+01,  1.107800e+02
  1.138270e+01,  1.024231e+02
  1.140043e+01,  9.480471e+01
  1.123538e+01,  8.761610e+01
  1.091204e+01,  8.057326e+01
  1.047085e+01,  7.342217e+01
  9.959758e+00,  6.594113e+01
  9.428084e+00,  5.795157e+01
  8.922143e+00,  4.934245e+01
  8.481130e+00,  4.010564e+01
  8.131913e+00,  3.036533e+01
  7.883319e+00,  2.037140e+01
  7.722652e+00,  1.043860e+01
  7.617298e+00,  8.526578e-01
  7.521545e+00,  3.517947e+02
  7.385926e+00,  3.433168e+02
  7.166177e+00,  3.353583e+02
  6.830426e+00,  3.277753e+02
  6.364436e+00,  3.203605e+02
  5.774802e+00,  3.128488e+02
  5.089710e+00,  3.049094e+02
  4.356776e+00,  2.961381e+02
  3.637621e+00,  2.860873e+02
  2.998183e+00,  2.744347e+02
  2.492485e+00,  2.614488e+02
  2.140708e+00,  2.486277e+02
  1.919334e+00,  2.386280e+02
  1.789517e+00,  2.340098e+02
  1.747378e+00,  2.358978e+02
  1.837755e+00,  2.428240e+02
  2.100988e+00,  2.507295e+02
  2.511686e+00,  2.560836e+02
  2.990808e+00,  2.579319e+02
  3.449842e+00,  2.566697e+02
  3.816560e+00,  2.527507e+02
  4.047992e+00,  2.462925e+02
  4.142171e+00,  2.370620e+02
  4.150857e+00,  2.246320e+02
  4.184817e+00,  2.088639e+02
  4.386103e+00,  1.907542e+02
  4.849718e+00,  1.726091e+02
  5.556073e+00,  1.565388e+02
  6.391760e+00,  1.431816e+02
  7.214664e+00,  1.320936e+02
  7.896690e+00,  1.225259e+02
  8.341274e+00,  1.137641e+02
  8.491587e+00,  1.051657e+02
  8.337304e+00,  9.609594e+01
  7.921837e+00,  8.585331e+01
  7.349125e+00,  7.365165e+01
  6.783516e+00,  5.881173e+01
  6.421597e+00,  4.138760e+01
  6.407934e+00,  2.289259e+01
  6.735108e+00,  5.697283e+00
  7.248260e+00,  3.512377e+02
  7.750035e+00,  3.394800e+02
  8.082966e+00,  3.296589e+02
  8.156249e+00,  3.208692e+02
  7.948079e+00,  3.122222e+02
  7.504260e+00,  3.028165e+02
  6.937704e+00,  2.917297e+02
  6.422105e+00,  2.782682e+02
  6.155307e+00,  2.627029e+02
  6.266582e+00,  2.469017e+02
  6.727543e+00,  2.332996e+02
  7.381904e+00,  2.230803e+02
  8.049103e+00,  2.160309e+02
  8.586260e+00,  2.114059e+02
  8.899163e+00,  2.084569e+02
  8.935602e+00,  2.065573e+02
  8.677803e+00,  2.051718e+02
  8.137692e+00,  2.037845e+02
  7.355072e+00,  2.018057e+02
  6.398975e+00,  1.984360e+02
  5.374188e+00,  1.924734e+02
  4.435720e+00,  1.822044e+02
  3.797430e+00,  1.663058e+02
  3.652662e+00,  1.470893e+02
  3.975163e+00,  1.307050e+02
  4.525936e+00,  1.201587e+02
  5.073762e+00,  1.143722e+02
  5.478232e+00,  1.115773e+02
  5.669894e+00,  1.104681e+02
  5.625366e+00,  1.101094e+02
  5.352981e+00,  1.096772e+02
  4.886717e+00,  1.081993e+02
  4.290470e+00,  1.042441e+02
  3.681735e+00,  9.559873e+01
  3.278277e+00,  7.995601e+01
  3.374658e+00,  5.936816e+01
  4.080486e+00,  4.184775e+01
  5.210879e+00,  3.105244e+01
  6.527229e+00,  2.518253e+01
  7.845106e+00,  2.203549e+01
  9.020359e+00,  2.023787e+01
  9.934390e+00,  1.899223e+01
  1.049284e+01,  1.779246e+01
  1.063117e+01,  1.624992e+01
  1.032316e+01,  1.397674e+01
  9.590605e+00,  1.047520e+01
  8.514562e+00,  4.990431e+00
  7.250616e+00,  3.563084e+02
  6.050368e+00,  3.427029e+02
  5.257144e+00,  3.231731e+02
  5.134136e+00,  3.008943e+02
  5.566289e+00,  2.820313e+02
  6.160368e+00,  2.687197e+02
  6.575628e+00,  2.594766e+02
  6.618889e+00,  2.523879e+02
  6.218279e+00,  2.458291e+02
  5.402537e+00,  2.380171e+02
  4.314173e+00,  2.259485e+02
  3.301506e+00,  2.036941e+02
  3.059586e+00,  1.684188e+02
  3.943958e+00,  1.390832e+02
  5.367954e+00,  1.241799e+02
  6.819805e+00,  1.172801e+02
  8.054415e+00,  1.142496e+02
  8.948335e+00,  1.132630e+02
  9.441919e+00,  1.134208e+02
  9.518725e+00,  1.141677e+02
  9.195083e+00,  1.150461e+02
  8.513774e+00,  1.155507e+02
  7.542184e+00,  1.149791e+02
  6.378646e+00,  1.121863e+02
  5.176037e+00,  1.051630e+02
  4.195439e+00,  9.089839e+01
  3.824709e+00,  6.887527e+01
  4.261846e+00,  4.756901e+01
  5.207021e+00,  3.418593e+01
  6.253044e+00,  2.734742e+01
  7.135169e+00,  2.419728e+01
  7.697749e+00,  2.296498e+01
  7.853593e+00,  2.265653e+01
  7.569716e+00,  2.262457e+01
  6.863169e+00,  2.227434e+01
  5.799670e+00,  2.074714e+01
  4.498954e+00,  1.625977e+01
  3.175638e+00,  4.224344e+00
  2.314071e+00,  3.349678e+02
  2.615959e+00,  2.978120e+02
  3.740385e+00,  2.795409e+02
  5.026456e+00,  2.738212e+02
  6.217619e+00,  2.733048e+02
  7.217548e+00,  2.750617e+02
  7.978064e+00,  2.777560e+02
  8.465493e+00,  2.805963e+02
  8.650103e+00,  2.829802e+02
  8.508022e+00,  2.843336e+02
  8.033997e+00,  2.839735e+02
  7.265736e+00,  2.809076e+02
  6.324264e+00,  2.735458e+02
  5.474791e+00,  2.597346e+02
  5.143057e+00,  2.391757e+02
  5.634898e+00,  2.177962e+02
  6.759330e+00,  2.020998e+02
  8.075118e+00,  1.922996e+02
  9.222533e+00,  1.862662e+02
  9.965693e+00,  1.823577e+02
  1.016444e+01,  1.795754e+02
  9.758630e+00,  1.772631e+02
  8.762268e+00,  1.748516e+02
  7.260442e+00,  1.715709e+02
  5.410596e+00,  1.657992e+02
  3.477287e+00,  1.526361e+02
  2.096114e+00,  1.154968e+02
  2.481050e+00,  6.308758e+01
  3.803961e+00,  4.211548e+01
  4.989675e+00,  3.535096e+01
  5.759127e+00,  3.360613e+01
  6.046583e+00,  3.435257e+01
  5.872685e+00,  3.677105e+01
  5.310928e+00,  4.059042e+01
  4.465313e+00,  4.574629e+01
  3.447517e+00,  5.222651e+01
  2.353649e+00,  5.993224e+01
  1.245207e+00,  6.838736e+01
  1.434739e-01,  6.800095e+01
  9.733898e-01,  2.711260e+02
  2.112765e+00,  2.796618e+02
  3.268079e+00,  2.879293e+02
  4.386553e+00,  2.952774e+02
  5.377156e+00,  3.016574e+02
  6.128446e+00,  3.071933e+02
  6.532179e+00,  3.120734e+02
  6.506021e+00,  3.165141e+02
  6.011009e+00,  3.207729e+02
  5.061413e+00,  3.252321e+02
  3.727159e+00,  3.307274e+02
  2.136489e+00,  3.404444e+02
  6.491474e-01,  3.026960e+01
  1.543274e+00,  1.286418e+02
  3.030692e+00,  1.425898e+02
  4.234254e+00,  1.489020e+02
  5.022769e+00,  1.536150e+02
  5.339080e+00,  1.579470e+02
  5.183747e+00,  1.623892e+02
  4.609644e+00,  1.672809e+02
  3.711058e+00,  1.729998e+02
  2.607048e+00,  1.802032e+02
  1.422691e+00,  1.909933e+02
  3.216879e-01,  2.342030e+02
  8.936967e-01,  3.814183e+00
  1.871542e+00,  2.154915e+01
  2.782110e+00,  3.451874e+01
  3.651089e+00,  4.630346e+01
  4.487220e+00,  5.690181e+01
  5.253461e+00,  6.601676e+01
  5.868660e+00,  7.350425e+01
  6.228476e+00,  7.936407e+01
  6.232271e+00,  8.361039e+01
  5.808067e+00,  8.610389e+01
  4.934326e+00,  8.623577e+01
  3.666680e+00,  8.187018e+01
  2.234733e+00,  6.407118e+01
  1.673307e+00,  6.836076e+00
  2.992456e+00,  3.267283e+02
  4.776349e+00,  3.155239e+02
  6.402965e+00,  3.119480e+02
  7.647423e+00,  3.110345e+02
  8.386129e+00,  3.114029e+02
  8.564235e+00,  3.125871e+02
  8.190960e+00,  3.144529e+02
  7.335123e+00,  3.170451e+02
  6.116450e+00,  3.205732e+02
  4.691769e+00,  3.254929e+02
  3.236535e+00,  3.327735e+02
  1.924576e+00,  3.447639e+02
  9.141601e-01,  8.867328e+00
  3.933474e-01,  7.412712e+01
  4.928859e-01,  1.583576e+02
  8.545610e-01,  2.089952e+02
  1.514996e+00,  2.406415e+02
  2.447139e+00,  2.592635e+02
  3.508124e+00,  2.712114e+02
  4.534405e+00,  2.799800e+02
  5.376778e+00,  2.873328e+02
  5.922505e+00,  2.943050e+02
  6.113184e+00,  3.016787e+02
  5.957346e+00,  3.102235e+02
  5.536460e+00,  3.208189e+02
  5.000925e+00,  3.343691e+02
  4.540670e+00,  3.511781e+02
  4.300478e+00,  9.797774e+00
  4.267291e+00,  2.720586e+01
  4.269186e+00,  4.119782e+01
  4.099768e+00,  5.142964e+01
  3.615450e+00,  5.828265e+01
  2.762884e+00,  6.147609e+01
  1.589965e+00,  5.658851e+01
  6.251224e-01,  3.501037e+02
  1.810816e+00,  2.881540e+02
  3.413973e+00,  2.821493e+02
  4.896831e+00,  2.823733e+02
  6.092497e+00,  2.842825e+02
  6.886441e+00,  2.869483e+02
  7.211734e+00,  2.901077e+02
  7.052489e+00,  2.936920e+02
  6.442337e+00,  2.977068e+02
  5.456409e+00,  3.021885e+02
  4.197702e+00,  3.071757e+02
  2.780058e+00,  3.126554e+02
  1.310925e+00,  3.182524e+02
  1.283381e-01,  1.622165e+02
  1.463972e+00,  1.557810e+02
  2.675569e+00,  1.632571e+02
  3.739877e+00,  1.713265e+02
  4.636839e+00,  1.794361e+02
  5.334359e+00,  1.872995e+02
  5.786199e+00,  1.947590e+02
  5.939810e+00,  2.017777e+02
  5.749855e+00,  2.084381e+02
  5.192302e+00,  2.149684e+02
  4.276167e+00,  2.218847e+02
  3.054113e+00,  2.306281e+02
  1.653335e+00,  2.477128e+02
  7.725456e-01,  3.248821e+02
  1.895330e+00,  2.411823e+01
  3.249686e+00,  3.760219e+01
  4.336745e+00,  4.436411e+01
  5.008407e+00,  4.915891e+01
  5.183676e+00,  5.319449e+01
  4.837834e+00,  5.700044e+01
  4.001226e+00,  6.100510e+01
  2.754665e+00,  6.602561e+01
  1.227380e+00,  7.655749e+01
  5.722316e-01,  2.176464e+02
  2.209258e+00,  2.430380e+02
  3.744519e+00,  2.498036e+02
  5.014226e+00,  2.550457e+02
  5.932470e+00,  2.601713e+02
  6.461366e+00,  2.655945e+02
  6.608360e+00,  2.715018e+02
  6.416603e+00,  2.779615e+02
  5.948780e+00,  2.849120e+02
  5.268081e+00,  2.921042e+02
  4.422274e+00,  2.989936e+02
  3.438362e+00,  3.044586e+02
  2.338478e+00,  3.055618e+02
  1.240088e+00,  2.890611e+02
  1.116852e+00,  2.199164e+02
  2.391833e+00,  1.937860e+02
  3.931996e+00,  1.906113e+02
  5.458778e+00,  1.919543e+02
  6.827721e+00,  1.944745e+02
  7.910961e+00,  1.972277e+02
  8.597633e+00,  1.998419e+02
  8.805904e+00,  2.020944e+02
  8.494992e+00,  2.037461e+02
  7.674563e+00,  2.043927e+02
  6.412738e+00,  2.031702e+02
  4.853870e+00,  1.978943e+02
  3.301980e+00,  1.822251e+02
  2.542584e+00,  1.445863e+02
  3.359622e+00,  1.082465e+02
  4.894433e+00,  9.373869e+01
  6.410995e+00,  8.920386e+01
  7.640316e+00,  8.863072e+01
  8.460781e+00,  8.989619e+01
  8.814451e+00,  9.210050e+01
  8.686358e+00,  9.476044e+01
  8.096689e+00,  9.752599e+01
  7.095850e+00,  1.000234e+02
  5.760876e+00,  1.016494e+02
  4.196359e+00,  1.009953e+02
  2.561301e+00,  9.323386e+01
  1.329486e+00,  5.503181e+01
  1.843777e+00,  3.547684e+02
  3.170874e+00,  3.391711e+02
  4.371642e+00,  3.366021e+02
  5.236399e+00,  3.377803e+02
  5.673803e+00,  3.405954e+02
  5.642831e+00,  3.444763e+02
  5.146242e+00,  3.494498e+02
  4.230876e+00,  3.561502e+02
  2.995100e+00,  6.855488e+00
  1.663563e+00,  3.212154e+01
  1.268372e+00,  1.059031e+02
  2.520688e+00,  1.485310e+02
  4.018656e+00,  1.632192e+02
  5.357728e+00,  1.716702e+02
  6.403702e+00,  1.780337e+02
  7.086742e+00,  1.834565e+02
  7.379394e+00,  1.883075e+02
  7.289003e+00,  1.926233e+02
  6.849978e+00,  1.961850e+02
  6.117653e+00,  1.984403e+02
  5.170616e+00,  1.982331e+02
  4.136050e+00,  1.931458e+02
  3.270553e+00,  1.787066e+02
  3.052271e+00,  1.534380e+02
  3.762008e+00,  1.310019e+02
  5.044926e+00,  1.197438e+02
  6.499723e+00,  1.156163e+02
  7.890637e+00,  1.149308e+02
  9.061596e+00,  1.158819e+02
  9.893176e+00,  1.176001e+02
  1.029479e+01,  1.196280e+02
  1.020881e+01,  1.216850e+02
  9.617068e+00,  1.235427e+02
  8.545488e+00,  1.249232e+02
  7.065772e+00,  1.253341e+02
  5.296685e+00,  1.236178e+02
  3.422568e+00,  1.161563e+02
  1.862829e+00,  8.780249e+01
  1.883017e+00,  2.740948e+01
  3.150269e+00,  2.565801e+00
  4.370701e+00,  3.560242e+02
  5.218082e+00,  3.545888e+02
  5.590466e+00,  3.549978e+02
  5.457458e+00,  3.560489e+02
  4.836448e+00,  3.569428e+02
  3.786944e+00,  3.564808e+02
  2.421548e+00,  3.508713e+02
  1.102322e+00,  3.156227e+02
  1.670891e+00,  2.378746e+02
  3.394379e+00,  2.226341e+02
  5.160312e+00,  2.207179e+02
  6.766993e+00,  2.219785e+02
  8.100817e+00,  2.243637e+02
  9.075983e+00,  2.271660e+02
  9.631138e+00,  2.300319e+02
  9.732964e+00,  2.327105e+02
  9.380540e+00,  2.349475e+02
  8.608687e+00,  2.363928e+02
  7.490676e+00,  2.364531e+02
  6.144436e+00,  2.339820e+02
  4.755393e+00,  2.266135e+02
  3.642721e+00,  2.101474e+02
  3.286304e+00,  1.839643e+02
  3.830580e+00,  1.614230e+02
  4.799380e+00,  1.499555e+02
  5.768537e+00,  1.457943e+02
  6.536261e+00,  1.454820e+02
  7.014684e+00,  1.472518e+02
  7.169609e+00,  1.501703e+02
  6.994395e+00,  1.536445e+02
  6.497221e+00,  1.571886e+02
  5.696374e+00,  1.602624e+02
  4.622938e+00,  1.620032e+02
  3.334533e+00,  1.603361e+02
  1.979001e+00,  1.474493e+02
  1.282290e+00,  9.357904e+01
  2.313905e+00,  4.914693e+01
  3.856300e+00,  3.888489e+01
  5.349619e+00,  3.679038e+01
  6.617239e+00,  3.707087e+01
  7.542883e+00,  3.812269e+01
  8.040406e+00,  3.930985e+01
  8.056847e+00,  4.027335e+01
  7.579870e+00,  4.068834e+01
  6.644129e+00,  4.007349e+01
  5.336908e+00,  3.742542e+01
  3.814256e+00,  3.006857e+01
  2.394088e+00,  9.314871e+00
  1.919029e+00,  3.214878e+02
  2.801972e+00,  2.860894e+02
  3.969748e+00,  2.731774e+02
  4.889568e+00,  2.680955e+02
  5.385407e+00,  2.658343e+02
  5.391604e+00,  2.646028e+02
  4.907840e+00,  2.633820e+02
  3.990065e+00,  2.609434e+02
  2.758102e+00,  2.541515e+02
  1.506842e+00,  2.289983e+02
  1.440698e+00,  1.611679e+02
  2.752946e+00,  1.332007e+02
  4.202851e+00,  1.270703e+02
  5.479684e+00,  1.266296e+02
  6.477148e+00,  1.285107e+02
  7.148312e+00,  1.316832e+02
  7.484850e+00,  1.357093e+02
  7.507632e+00,  1.403173e+02
  7.256852e+00,  1.452429e+02
  6.781190e+00,  1.501352e+02
  6.128672e+00,  1.544709e+02
  5.343857e+00,  1.574314e+02
  4.477328e+00,  1.576587e+02
  3.616519e+00,  1.527710e+02
  2.950130e+00,  1.392211e+02
  2.798248e+00,  1.170613e+02
  3.308366e+00,  9.699948e+01
  4.217305e+00,  8.564092e+01
  5.211791e+00,  8.045778e+01
  6.088352e+00,  7.846247e+01
  6.715055e+00,  7.799034e+01
  7.004249e+00,  7.814085e+01
  6.905747e+00,  7.833731e+01
  6.407398e+00,  7.806446e+01
  5.538083e+00,  7.660902e+01
  4.375047e+00,  7.251974e+01
  3.074849e+00,  6.186834e+01
  2.031513e+00,  3.320117e+01
  2.114573e+00,  3.461889e+02
  3.199381e+00,  3.208051e+02
  4.439261e+00,  3.113100e+02
  5.498855e+00,  3.074963e+02
  6.246425e+00,  3.059351e+02
  6.621273e+00,  3.052963e+02
  6.606321e+00,  3.048782e+02
  6.220582e+00,  3.041325e+02
  5.516607e+00,  3.024010e+02
  4.582003e+00,  2.985864e+02
  3.551568e+00,  2.904787e+02
  2.650091e+00,  2.736990e+02
  2.245493e+00,  2.451886e+02
  2.538114e+00,  2.176592e+02
  3.178474e+00,  2.022023e+02
  3.794243e+00,  1.950410e+02
  4.203942e+00,  1.920289e+02
  4.327217e+00,  1.911361e+02
  4.136232e+00,  1.913913e+02
  3.639697e+00,  1.922767e+02
  2.876384e+00,  1.934427e+02
  1.910124e+00,  1.944350e+02
  8.246692e-01,  1.931402e+02
  3.084400e-01,  3.778257e+01
  1.348900e+00,  2.778493e+01
  2.246004e+00,  2.918079e+01
  2.923008e+00,  3.188456e+01
  3.334571e+00,  3.539233e+01
  3.466152e+00,  3.981144e+01
  3.338081e+00,  4.552675e+01
  3.007668e+00,  5.323117e+01
  2.568389e+00,  6.398148e+01
  2.141097e+00,  7.887161e+01
  1.837406e+00,  9.742708e+01
  1.678401e+00,  1.157251e+02
  1.557354e+00,  1.289789e+02
  1.334570e+00,  1.346368e+02
  9.481343e-01,  1.279760e+02
  6.087245e-01,  8.381917e+01
  1.081682e+00,  2.791731e+01
  2.046435e+00,  1.179681e+01
  3.115153e+00,  5.456939e+00
  4.131512e+00,  1.241949e+00
  4.979308e+00,  3.571207e+02
  5.574188e+00,  3.521594e+02
  5.879101e+00,  3.456225e+02
  5.924046e+00,  3.367211e+02
  5.824257e+00,  3.246651e+02
  5.778955e+00,  3.092104e+02
  6.005956e+00,  2.916478e+02
  6.603500e+00,  2.746703e+02
  7.479162e+00,  2.603167e+02
  8.429596e+00,  2.488812e+02
  9.248294e+00,  2.396947e+02
  9.777036e+00,  2.319428e+02
  9.919791e+00,  2.249307e+02
  9.643708e+00,  2.180783e+02
  8.975108e+00,  2.108418e+02
  7.992217e+00,  2.026159e+02
  6.815976e+00,  1.926164e+02
  5.600451e+00,  1.797662e+02
  4.521284e+00,  1.627665e+02
  3.745908e+00,  1.409692e+02
  3.352961e+00,  1.162137e+02
  3.252239e+00,  9.228692e+01
  3.262543e+00,  7.099257e+01
  3.264846e+00,  5.140373e+01
  3.251545e+00,  3.197046e+01
  3.291269e+00,  1.209320e+01
  3.456951e+00,  3.527525e+02
  3.754998e+00,  3.357105e+02
  4.114527e+00,  3.219853e+02
  4.432949e+00,  3.114971e+02
  4.619512e+00,  3.036793e+02
  4.615038e+00,  2.979727e+02
  4.397598e+00,  2.940058e+02
  3.977930e+00,  2.916530e+02
  3.393532e+00,  2.911112e+02
  2.703682e+00,  2.931522e+02
  1.990402e+00,  2.998800e+02
  1.382656e+00,  3.165365e+02
  1.113404e+00,  3.486251e+02
  1.317291e+00,  1.870056e+01
  1.741615e+00,  3.271198e+01
  2.180803e+00,  3.713046e+01
  2.572872e+00,  3.675421e+01
  2.911987e+00,  3.363302e+01
  3.210475e+00,  2.880757e+01
  3.480505e+00,  2.298351e+01
  3.722414e+00,  1.670380e+01
  3.919481e+00,  1.033777e+01
  4.039860e+00,  4.043601e+00
  4.043869e+00,  3.577604e+02
  3.893638e+00,  3.512056e+02
  3.563250e+00,  3.438054e+02
  3.050281e+00,  3.344158e+02
  2.396247e+00,  3.204176e+02
  1.749941e+00,  2.952043e+02
  1.530427e+00,  2.513012e+02
  2.084428e+00,  2.116783e+02
  3.040676e+00,  1.893896e+02
  4.069650e+00,  1.750347e+02
  5.032537e+00,  1.634281e+02
  5.871684e+00,  1.524654e+02
  6.581753e+00,  1.411812e+02
  7.201422e+00,  1.291612e+02
  7.798372e+00,  1.164104e+02
  8.439468e+00,  1.032954e+02
  9.153949e+00,  9.037437e+01
  9.910541e+00,  7.812564e+01
  1.062325e+01,  6.675251e+01
  1.117981e+01,  5.616272e+01
  1.147629e+01,  4.605074e+01
  1.144639e+01,  3.597799e+01
  1.108203e+01,  2.541198e+01
  1.044480e+01,  1.374598e+01
  9.666662e+00,  3.692157e-01
  8.931296e+00,  3.449083e+02
  8.419179e+00,  3.276858e+02
  8.216064e+00,  3.099729e+02
  8.250468e+00,  2.933408e+02
  8.336560e+00,  2.786142e+02
  8.279685e+00,  2.656197e+02
  7.953181e+00,  2.535694e+02
  7.328279e+00,  2.413510e+02
  6.481490e+00,  2.275590e+02
  5.597150e+00,  2.105010e+02
  4.952211e+00,  1.890786e+02
  4.794463e+00,  1.653325e+02
  5.106676e+00,  1.443384e+02
  5.606039e+00,  1.288142e+02
  5.993043e+00,  1.180845e+02
  6.076616e+00,  1.107053e+02
  5.772479e+00,  1.056133e+02
  5.079139e+00,  1.022073e+02
  4.057360e+00,  1.002996e+02
  2.812679e+00,  1.003557e+02
  1.484414e+00,  1.055780e+02
  4.006280e-01,  1.620706e+02
  1.109681e+00,  2.472882e+02
  1.976632e+00,  2.547555e+02
  2.539482e+00,  2.553548e+02
  2.757831e+00,  2.533211e+02
  2.653359e+00,  2.485115e+02
  2.311736e+00,  2.389740e+02
  1.919784e+00,  2.205920e+02
  1.809584e+00,  1.915999e+02
  2.203760e+00,  1.648758e+02
  2.899293e+00,  1.495763e+02
  3.619569e+00,  1.420508e+02
  4.192438e+00,  1.385583e+02
  4.510310e+00,  1.372224e+02
  4.504014e+00,  1.371366e+02
  4.135938e+00,  1.378710e+02
  3.399839e+00,  1.393383e+02
  2.322599e+00,  1.421162e+02
  9.738741e-01,  1.517713e+02
  6.824655e-01,  2.946916e+02
  2.310023e+00,  3.106574e+02
  3.935742e+00,  3.130561e+02
  5.403321e+00,  3.132479e+02
  6.589042e+00,  3.121371e+02
  7.396351e+00,  3.097191e+02
  7.774411e+00,  3.056629e+02
  7.741519e+00,  2.993540e+02
  7.412960e+00,  2.898870e+02
  7.026020e+00,  2.763495e+02
  6.915481e+00,  2.589845e+02
  7.346879e+00,  2.405530e+02
  8.295815e+00,  2.246406e+02
  9.481140e+00,  2.125688e+02
  1.056965e+01,  2.036919e+02
  1.129160e+01,  1.969266e+02
  1.146768e+01,  1.913521e+02
  1.101180e+01,  1.862142e+02
  9.930120e+00,  1.807474e+02
  8.324035e+00,  1.738670e+02
  6.401976e+00,  1.634669e+02
  4.542008e+00,  1.446952e+02
  3.472730e+00,  1.102811e+02
  3.857757e+00,  7.263199e+01
  4.995036e+00,  5.073170e+01
  6.015976e+00,  3.905957e+01
  6.559393e+00,  3.165411e+01
  6.512122e+00,  2.570893e+01
  5.894464e+00,  1.940545e+01
  4.837337e+00,  1.047636e+01
  3.619833e+00,  3.543204e+02
  2.826021e+00,  3.233425e+02
  3.168797e+00,  2.870779e+02
  4.306842e+00,  2.667838e+02
  5.530636e+00,  2.583696e+02
  6.504359e+00,  2.557575e+02
  7.098307e+00,  2.564540e+02
  7.287488e+00,  2.595332e+02
  7.117542e+00,  2.646958e+02
  6.682975e+00,  2.718916e+02
  6.101687e+00,  2.810838e+02
  5.481998e+00,  2.920217e+02
  4.888025e+00,  3.040700e+02
  4.319995e+00,  3.162602e+02
  3.723714e+00,  3.276616e+02
  3.030762e+00,  3.377123e+02
  2.198869e+00,  3.461823e+02
  1.231351e+00,  3.525730e+02
  1.856323e-01,  3.405028e+02
  8.991010e-01,  1.937193e+02
  1.881900e+00,  1.974366e+02
  2.688651e+00,  2.027854e+02
  3.240494e+00,  2.087088e+02
  3.485367e+00,  2.153078e+02
  3.404161e+00,  2.230106e+02
  3.014368e+00,  2.327397e+02
  2.378156e+00,  2.468080e+02
  1.652941e+00,  2.723043e+02
  1.331145e+00,  3.231219e+02
  1.974118e+00,  9.718739e+00
  3.105640e+00,  3.255757e+01
  4.337964e+00,  4.587653e+01
  5.517091e+00,  5.541754e+01
  6.544502e+00,  6.301381e+01
  7.338444e+00,  6.932871e+01
  7.827919e+00,  7.459282e+01
  7.954868e+00,  7.882029e+01
  7.681438e+00,  8.185365e+01
  7.002914e+00,  8.329324e+01
  5.960374e+00,  8.224015e+01
  4.669563e+00,  7.654228e+01
  3.406777e+00,  6.086473e+01
  2.813175e+00,  2.846613e+01
  3.452869e+00,  3.562236e+02
  4.743144e+00,  3.402299e+02
  6.033414e+00,  3.335227e+02
  7.018136e+00,  3.308388e+02
  7.544375e+00,  3.300100e+02
  7.540192e+00,  3.300477e+02
  6.997316e+00,  3.303567e+02
  5.965135e+00,  3.303473e+02
  4.546599e+00,  3.289316e+02
  2.906044e+00,  3.226831e+02
  1.420430e+00,  2.934849e+02
  1.588017e+00,  2.214525e+02
  2.996230e+00,  2.006073e+02
  4.342628e+00,  1.976800e+02
  5.390497e+00,  1.995924e+02
  6.070616e+00,  2.037526e+02
  6.368382e+00,  2.094031e+02
  6.302279e+00,  2.163018e+02
  5.911556e+00,  2.244489e+02
  5.248159e+00,  2.341029e+02
  4.377558e+00,  2.460373e+02
  3.394211e+00,  2.622900e+02
  2.487329e+00,  2.879864e+02
  2.093021e+00,  3.289979e+02
  2.587559e+00,  8.632668e+00
  3.578217e+00,  3.194589e+01
  4.615601e+00,  4.533094e+01
  5.467433e+00,  5.368437e+01
  5.995986e+00,  5.887544e+01
  6.118843e+00,  6.139381e+01
  5.814345e+00,  6.084611e+01
  5.151810e+00,  5.575037e+01
  4.366408e+00,  4.294306e+01
  3.983297e+00,  1.955882e+01
  4.589590e+00,  3.534557e+02
  6.071085e+00,  3.363740e+02
  7.900544e+00,  3.276089e+02
  9.679628e+00,  3.233918e+02
  1.114935e+01,  3.215254e+02
  1.213647e+01,  3.209095e+02
  1.253572e+01,  3.209565e+02
  1.230643e+01,  3.213048e+02
  1.147100e+01,  3.216723e+02
  1.011082e+01,  3.217478e+02
  8.358965e+00,  3.210403e+02
  6.392695e+00,  3.185383e+02
  4.438121e+00,  3.117205e+02
  2.835737e+00,  2.937699e+02
  2.201263e+00,  2.571481e+02
  2.691567e+00,  2.276858e+02
  3.446667e+00,  2.177605e+02
  4.010172e+00,  2.176880e+02
  4.303517e+00,  2.228752e+02
  4.378130e+00,  2.316928e+02
  4.326347e+00,  2.432263e+02
  4.221847e+00,  2.564468e+02
  4.075302e+00,  2.702018e+02
  3.831169e+00,  2.837582e+02
  3.409268e+00,  2.973661e+02
  2.763003e+00,  3.129151e+02
  1.957697e+00,  3.365929e+02
  1.440421e+00,  2.502724e+01
  2.069041e+00,  7.745185e+01
  3.401314e+00,  1.015742e+02
  4.852166e+00,  1.138947e+02
  6.145412e+00,  1.217828e+02
  6.768614e+00,  1.277403e+02
  3.546753e+00,  1.394818e+02
##END=
