##TITLE= E:\桌面\nmr\ogm\sjd\matlabcod\1_unitary\3_5_xjhsjd
##JCAMP-DX= 5.00 Bruker JCAMP library
##DATA TYPE= Shape Data
##ORIGIN= Colm's GRAPE Pulses 
##OWNER= Dawei.Lu
##DATE= 02-Aug-2025
##TIME= 13:29
##MINX= 6.553544e-01
##MAXX= 3.138038e+01
##MINY= 3.014897e+00
##MAXY= 3.550505e+02
##$SHAPE_EXMODE= None
##$SHAPE_TOTROT= 9.000000e+01
##$SHAPE_BWFAC= 1.000000e+00
##$SHAPE_INTEGFAC= 1.000000e+00
##$SHAPE_MODE= 1
##PULSE_WIDTH= 2000
##Calibration_Power= 12500
##NPOINTS= 200
##XYPOINTS= (XY..XY)
  1.595073e+00,  2.028828e+02
  7.247943e+00,  2.746025e+02
  1.496658e+01,  2.616532e+02
  1.921211e+01,  2.349525e+02
  2.305569e+01,  2.241470e+02
  2.397999e+01,  2.215313e+02
  2.196704e+01,  2.201570e+02
  1.823695e+01,  2.117738e+02
  1.585130e+01,  1.860855e+02
  1.940374e+01,  1.533193e+02
  2.653814e+01,  1.334324e+02
  3.138038e+01,  1.205467e+02
  3.089279e+01,  1.071141e+02
  2.608963e+01,  8.694726e+01
  2.204611e+01,  5.526641e+01
  2.271269e+01,  2.280016e+01
  2.424619e+01,  3.014897e+00
  2.251918e+01,  3.529747e+02
  1.775124e+01,  3.476837e+02
  1.250902e+01,  3.415012e+02
  9.592246e+00,  3.239392e+02
  1.113398e+01,  2.976551e+02
  1.574934e+01,  2.801124e+02
  1.965887e+01,  2.669213e+02
  2.016817e+01,  2.508397e+02
  1.744996e+01,  2.254253e+02
  1.520476e+01,  1.858302e+02
  1.614108e+01,  1.449549e+02
  1.668382e+01,  1.138797e+02
  1.387831e+01,  8.356035e+01
  9.835011e+00,  3.675454e+01
  1.035049e+01,  3.353338e+02
  1.326016e+01,  2.963664e+02
  1.372296e+01,  2.678298e+02
  1.199990e+01,  2.355428e+02
  1.108341e+01,  1.959041e+02
  1.198053e+01,  1.628425e+02
  1.241286e+01,  1.424822e+02
  1.121621e+01,  1.292853e+02
  9.123536e+00,  1.172903e+02
  7.610536e+00,  1.003582e+02
  7.892680e+00,  7.840588e+01
  9.816324e+00,  5.983636e+01
  1.196506e+01,  4.497867e+01
  1.303944e+01,  2.900812e+01
  1.280150e+01,  7.538513e+00
  1.236708e+01,  3.385879e+02
  1.288597e+01,  3.073927e+02
  1.355944e+01,  2.807631e+02
  1.278612e+01,  2.575091e+02
  1.019990e+01,  2.316545e+02
  7.169311e+00,  1.940820e+02
  5.756003e+00,  1.427364e+02
  5.235421e+00,  9.533381e+01
  4.028058e+00,  3.876701e+01
  5.322463e+00,  3.209816e+02
  9.530916e+00,  2.784877e+02
  1.307254e+01,  2.503679e+02
  1.479461e+01,  2.218630e+02
  1.580135e+01,  1.884902e+02
  1.787741e+01,  1.541206e+02
  2.068508e+01,  1.250077e+02
  2.240738e+01,  1.006129e+02
  2.223509e+01,  7.690677e+01
  2.116059e+01,  5.038344e+01
  2.107510e+01,  2.142381e+01
  2.250392e+01,  3.550505e+02
  2.392518e+01,  3.336303e+02
  2.376653e+01,  3.145759e+02
  2.191619e+01,  2.936177e+02
  2.001373e+01,  2.675081e+02
  2.002408e+01,  2.391480e+02
  2.140441e+01,  2.158645e+02
  2.178176e+01,  1.986265e+02
  1.982753e+01,  1.832887e+02
  1.624137e+01,  1.638996e+02
  1.358858e+01,  1.349360e+02
  1.405291e+01,  1.040730e+02
  1.576844e+01,  8.385170e+01
  1.574899e+01,  7.116851e+01
  1.287170e+01,  5.885758e+01
  8.163584e+00,  3.588900e+01
  5.697297e+00,  3.406362e+02
  7.553177e+00,  2.981139e+02
  8.041522e+00,  2.833358e+02
  5.218524e+00,  2.788288e+02
  6.553544e-01,  3.500034e+02
  4.893830e+00,  7.501436e+01
  7.155788e+00,  7.273700e+01
  5.593520e+00,  6.386282e+01
  1.772779e+00,  4.017694e+00
  5.428866e+00,  2.707314e+02
  9.022195e+00,  2.566531e+02
  8.821743e+00,  2.444029e+02
  5.096608e+00,  2.144368e+02
  5.182489e+00,  1.218396e+02
  1.059148e+01,  8.781714e+01
  1.332164e+01,  7.115541e+01
  1.187574e+01,  4.988327e+01
  9.241915e+00,  5.892531e+00
  1.203413e+01,  3.128715e+02
  1.713172e+01,  2.859126e+02
  1.913842e+01,  2.686521e+02
  1.701566e+01,  2.494029e+02
  1.344208e+01,  2.176557e+02
  1.352662e+01,  1.751198e+02
  1.669078e+01,  1.471009e+02
  1.818047e+01,  1.322151e+02
  1.624514e+01,  1.211688e+02
  1.182696e+01,  1.059629e+02
  8.039899e+00,  7.361440e+01
  8.515345e+00,  3.401081e+01
  1.084848e+01,  1.892580e+01
  1.210861e+01,  1.808371e+01
  1.183341e+01,  2.142448e+01
  1.022714e+01,  2.159114e+01
  7.979292e+00,  7.462410e+00
  7.855910e+00,  3.298640e+02
  1.178050e+01,  3.008370e+02
  1.640267e+01,  2.874538e+02
  1.886656e+01,  2.775802e+02
  1.821387e+01,  2.641003e+02
  1.588471e+01,  2.402264e+02
  1.569403e+01,  2.052306e+02
  1.883056e+01,  1.756150e+02
  2.162410e+01,  1.562813e+02
  2.141034e+01,  1.404125e+02
  1.841760e+01,  1.213953e+02
  1.534292e+01,  9.351424e+01
  1.521452e+01,  6.127079e+01
  1.721401e+01,  3.802367e+01
  1.862161e+01,  2.306667e+01
  1.837015e+01,  9.316726e+00
  1.707270e+01,  3.500162e+02
  1.675294e+01,  3.216913e+02
  1.910277e+01,  2.912859e+02
  2.260845e+01,  2.663222e+02
  2.447357e+01,  2.445111e+02
  2.357145e+01,  2.207757e+02
  2.129136e+01,  1.909572e+02
  2.019011e+01,  1.563173e+02
  2.025084e+01,  1.247935e+02
  1.883748e+01,  9.888860e+01
  1.468710e+01,  7.389284e+01
  9.309568e+00,  4.048194e+01
  6.008193e+00,  3.467641e+02
  5.181147e+00,  2.936569e+02
  3.400617e+00,  2.423171e+02
  3.635250e+00,  1.422006e+02
  7.749149e+00,  9.734664e+01
  1.061640e+01,  7.284396e+01
  1.098979e+01,  4.743014e+01
  1.015671e+01,  1.357219e+01
  1.039097e+01,  3.351986e+02
  1.125273e+01,  3.055400e+02
  1.059707e+01,  2.849233e+02
  7.920476e+00,  2.678468e+02
  4.550867e+00,  2.487788e+02
  2.411753e+00,  2.257775e+02
  2.467972e+00,  2.272182e+02
  4.934162e+00,  2.337518e+02
  8.326887e+00,  2.263461e+02
  1.056163e+01,  2.105026e+02
  1.089877e+01,  1.837832e+02
  1.131738e+01,  1.434367e+02
  1.403953e+01,  1.032505e+02
  1.690249e+01,  7.248427e+01
  1.717733e+01,  4.349831e+01
  1.552891e+01,  6.429396e+00
  1.594574e+01,  3.208289e+02
  1.897924e+01,  2.838572e+02
  2.030230e+01,  2.573543e+02
  1.789129e+01,  2.323990e+02
  1.394993e+01,  1.994821e+02
  1.276670e+01,  1.597817e+02
  1.383564e+01,  1.349463e+02
  1.384153e+01,  1.284047e+02
  1.277523e+01,  1.327917e+02
  1.158835e+01,  1.358374e+02
  1.016226e+01,  1.213189e+02
  1.104809e+01,  8.310585e+01
  1.651715e+01,  5.226475e+01
  2.192193e+01,  3.556849e+01
  2.295726e+01,  2.275730e+01
  1.875668e+01,  6.299718e+00
  1.287547e+01,  3.339555e+02
  1.229530e+01,  2.861897e+02
  1.492648e+01,  2.622967e+02
  1.475992e+01,  2.592102e+02
  1.208455e+01,  2.706450e+02
  9.694944e+00,  2.904180e+02
  7.464380e+00,  2.972931e+02
  5.280039e+00,  2.538307e+02
  1.090155e+01,  2.010536e+02
  1.918001e+01,  1.866278e+02
  2.383531e+01,  1.781774e+02
  2.256173e+01,  1.669763e+02
  1.721467e+01,  1.438959e+02
  1.168478e+01,  1.049654e+02
  7.684973e+00,  1.759502e+02
##END=
