##TITLE= E:\桌面\nmr\ogm\sjd\matlabcod\1_unitary\3_6_xjhsjd
##JCAMP-DX= 5.00 Bruker JCAMP library
##DATA TYPE= Shape Data
##ORIGIN= Colm's GRAPE Pulses 
##OWNER= Dawei.Lu
##DATE= 02-Aug-2025
##TIME= 13:28
##MINX= 9.140232e-01
##MAXX= 1.960218e+01
##MINY= 1.260308e-02
##MAXY= 3.598163e+02
##$SHAPE_EXMODE= None
##$SHAPE_TOTROT= 9.000000e+01
##$SHAPE_BWFAC= 1.000000e+00
##$SHAPE_INTEGFAC= 1.000000e+00
##$SHAPE_MODE= 1
##PULSE_WIDTH= 2000
##Calibration_Power= 12500
##NPOINTS= 200
##XYPOINTS= (XY..XY)
  4.581691e+00,  1.425711e+02
  2.431821e+00,  1.260401e+02
  3.436870e+00,  3.413960e+02
  9.377930e+00,  3.252012e+02
  1.355727e+01,  3.223927e+02
  1.443385e+01,  3.182630e+02
  1.215720e+01,  3.066607e+02
  9.455363e+00,  2.767004e+02
  1.082003e+01,  2.376731e+02
  1.464158e+01,  2.191717e+02
  1.712089e+01,  2.135864e+02
  1.710787e+01,  2.125921e+02
  1.494651e+01,  2.113336e+02
  1.162830e+01,  2.038435e+02
  8.891341e+00,  1.815293e+02
  8.833697e+00,  1.492259e+02
  1.009676e+01,  1.283669e+02
  9.611797e+00,  1.179382e+02
  6.281564e+00,  1.125271e+02
  1.017087e+00,  1.263047e+02
  4.418680e+00,  2.726374e+02
  7.741196e+00,  2.678777e+02
  8.086279e+00,  2.575772e+02
  6.112429e+00,  2.370347e+02
  4.231565e+00,  1.935174e+02
  4.260636e+00,  1.459999e+02
  3.639371e+00,  1.173582e+02
  1.155386e+00,  5.391693e+01
  4.419814e+00,  3.015993e+02
  9.268763e+00,  2.830482e+02
  1.266482e+01,  2.678351e+02
  1.385471e+01,  2.495773e+02
  1.352336e+01,  2.256399e+02
  1.311111e+01,  1.972082e+02
  1.301373e+01,  1.700449e+02
  1.223977e+01,  1.471633e+02
  1.015737e+01,  1.261619e+02
  7.370293e+00,  1.019059e+02
  5.240891e+00,  6.925972e+01
  4.495520e+00,  3.549944e+01
  4.316757e+00,  1.388782e+01
  4.074512e+00,  1.260308e-02
  3.914360e+00,  3.425469e+02
  4.306022e+00,  3.162322e+02
  5.464073e+00,  2.891732e+02
  6.702167e+00,  2.656225e+02
  7.183426e+00,  2.405110e+02
  7.029685e+00,  2.067145e+02
  7.628074e+00,  1.642107e+02
  9.489032e+00,  1.262680e+02
  1.120149e+01,  9.512133e+01
  1.195570e+01,  6.373838e+01
  1.262120e+01,  2.851963e+01
  1.424737e+01,  3.544711e+02
  1.588792e+01,  3.270396e+02
  1.574410e+01,  3.044843e+02
  1.321711e+01,  2.820953e+02
  9.424107e+00,  2.536130e+02
  6.460052e+00,  2.130040e+02
  4.910319e+00,  1.687294e+02
  2.925631e+00,  1.223461e+02
  2.736801e+00,  1.350779e+01
  6.872109e+00,  3.307145e+02
  1.031824e+01,  3.135254e+02
  1.131437e+01,  3.000302e+02
  9.647011e+00,  2.841765e+02
  6.670337e+00,  2.578828e+02
  4.950775e+00,  2.132083e+02
  4.925302e+00,  1.756671e+02
  3.962412e+00,  1.562036e+02
  1.358702e+00,  1.350621e+02
  2.176630e+00,  3.460480e+02
  5.089075e+00,  3.427851e+02
  7.141501e+00,  3.501088e+02
  8.729191e+00,  3.593838e+02
  1.000955e+01,  2.850205e+00
  1.062132e+01,  3.547792e+02
  1.116773e+01,  3.328953e+02
  1.339639e+01,  3.048417e+02
  1.702349e+01,  2.827897e+02
  1.960218e+01,  2.670157e+02
  1.933763e+01,  2.530783e+02
  1.632865e+01,  2.361855e+02
  1.270325e+01,  2.104478e+02
  1.136481e+01,  1.772162e+02
  1.203676e+01,  1.533586e+02
  1.205230e+01,  1.433475e+02
  1.051132e+01,  1.427218e+02
  8.111358e+00,  1.480895e+02
  5.810511e+00,  1.537419e+02
  4.169510e+00,  1.453393e+02
  4.337708e+00,  1.140696e+02
  6.691366e+00,  9.403866e+01
  9.232907e+00,  8.770756e+01
  1.027898e+01,  8.515754e+01
  8.939650e+00,  8.199050e+01
  5.345531e+00,  7.235765e+01
  1.850201e+00,  3.598163e+02
  5.032156e+00,  2.884046e+02
  7.587396e+00,  2.738015e+02
  7.640323e+00,  2.586298e+02
  6.340113e+00,  2.285112e+02
  7.057620e+00,  1.845446e+02
  9.925683e+00,  1.597980e+02
  1.193616e+01,  1.507270e+02
  1.172835e+01,  1.486776e+02
  9.531422e+00,  1.511530e+02
  6.615247e+00,  1.578226e+02
  4.457957e+00,  1.636071e+02
  3.994068e+00,  1.491401e+02
  6.249238e+00,  1.241002e+02
  1.048202e+01,  1.105060e+02
  1.450199e+01,  1.009006e+02
  1.642898e+01,  8.943675e+01
  1.576294e+01,  7.160942e+01
  1.432174e+01,  4.283286e+01
  1.505953e+01,  8.423963e+00
  1.730639e+01,  3.425437e+02
  1.782907e+01,  3.256446e+02
  1.514761e+01,  3.126973e+02
  1.010669e+01,  2.990880e+02
  5.012215e+00,  2.756243e+02
  2.608107e+00,  2.231911e+02
  2.328606e+00,  1.942015e+02
  1.817071e+00,  2.217384e+02
  2.325643e+00,  2.674576e+02
  2.500657e+00,  2.944125e+02
  2.171701e+00,  3.525119e+02
  4.722287e+00,  4.037063e+01
  8.188890e+00,  4.794056e+01
  1.021790e+01,  4.319600e+01
  1.001940e+01,  2.948176e+01
  8.525564e+00,  3.454624e+00
  7.761376e+00,  3.262795e+02
  7.716581e+00,  2.926940e+02
  6.243857e+00,  2.633554e+02
  3.392122e+00,  2.057864e+02
  5.952776e+00,  1.174087e+02
  1.113131e+01,  8.757723e+01
  1.432786e+01,  6.760252e+01
  1.452731e+01,  4.604976e+01
  1.273223e+01,  1.753039e+01
  1.111152e+01,  3.403014e+02
  1.052243e+01,  3.012661e+02
  9.785976e+00,  2.636891e+02
  8.919558e+00,  2.201371e+02
  9.927523e+00,  1.730431e+02
  1.255228e+01,  1.383833e+02
  1.431057e+01,  1.145535e+02
  1.386777e+01,  9.468193e+01
  1.146622e+01,  7.434113e+01
  8.247989e+00,  5.078260e+01
  5.187109e+00,  2.356333e+01
  2.369713e+00,  3.521515e+02
  9.191320e-01,  2.130361e+02
  3.577158e+00,  1.690679e+02
  5.813138e+00,  1.600214e+02
  7.399247e+00,  1.580648e+02
  8.777599e+00,  1.575051e+02
  1.035608e+01,  1.526699e+02
  1.228014e+01,  1.412297e+02
  1.459653e+01,  1.254904e+02
  1.688709e+01,  1.091877e+02
  1.809782e+01,  9.398414e+01
  1.726425e+01,  7.911650e+01
  1.435484e+01,  6.216589e+01
  1.051127e+01,  3.897874e+01
  7.463869e+00,  5.681007e+00
  5.720646e+00,  3.282416e+02
  3.807334e+00,  2.905172e+02
  2.379232e+00,  2.080463e+02
  5.348156e+00,  1.467960e+02
  8.378342e+00,  1.287348e+02
  9.108241e+00,  1.194832e+02
  7.081420e+00,  1.139581e+02
  3.317905e+00,  1.145444e+02
  9.140232e-01,  2.136177e+02
  2.467176e+00,  2.387853e+02
  2.768430e+00,  1.959351e+02
  5.368021e+00,  1.442497e+02
  9.873380e+00,  1.258254e+02
  1.357204e+01,  1.183714e+02
  1.488693e+01,  1.136656e+02
  1.350230e+01,  1.073567e+02
  1.050487e+01,  9.264584e+01
  8.780856e+00,  6.081638e+01
  1.072991e+01,  3.020614e+01
  1.369572e+01,  1.720493e+01
  1.479342e+01,  1.288937e+01
  1.295349e+01,  1.075667e+01
  8.574491e+00,  4.734596e+00
  3.989754e+00,  3.281463e+02
  5.722132e+00,  2.607523e+02
  9.444604e+00,  2.510884e+02
  1.111395e+01,  2.553938e+02
  1.028858e+01,  2.638505e+02
  7.249664e+00,  2.726954e+02
  2.543998e+00,  2.696992e+02
  3.401493e+00,  1.348829e+02
  5.418827e+00,  1.308105e+02
##END=
