##TITLE= E:\桌面\nmr\ogm\sjd\matlabcod\1\3_7_xjhsjd
##JCAMP-DX= 5.00 Bruker JCAMP library
##DATA TYPE= Shape Data
##ORIGIN= Colm's GRAPE Pulses 
##OWNER= Dawei.Lu
##DATE= 02-Aug-2025
##TIME= 11:44
##MINX= 6.860285e-02
##MAXX= 1.172780e+01
##MINY= 1.759472e+00
##MAXY= 3.594681e+02
##$SHAPE_EXMODE= None
##$SHAPE_TOTROT= 9.000000e+01
##$SHAPE_BWFAC= 1.000000e+00
##$SHAPE_INTEGFAC= 1.000000e+00
##$SHAPE_MODE= 1
##PULSE_WIDTH= 5000
##Calibration_Power= 12500
##NPOINTS= 1000
##XYPOINTS= (XY..XY)
  1.204078e+00,  2.457639e+02
  1.567212e+00,  2.560877e+02
  2.281750e+00,  2.692838e+02
  2.560175e+00,  2.651821e+02
  2.460084e+00,  2.572004e+02
  2.135918e+00,  2.409929e+02
  1.998875e+00,  2.111090e+02
  2.573668e+00,  1.799105e+02
  3.768035e+00,  1.626654e+02
  5.216301e+00,  1.550433e+02
  6.675325e+00,  1.520580e+02
  7.983639e+00,  1.514402e+02
  9.023553e+00,  1.521624e+02
  9.710363e+00,  1.537024e+02
  9.989070e+00,  1.557595e+02
  9.833219e+00,  1.581439e+02
  9.245220e+00,  1.607349e+02
  8.257868e+00,  1.634725e+02
  6.935669e+00,  1.663725e+02
  5.374018e+00,  1.695910e+02
  3.695043e+00,  1.736693e+02
  2.043114e+00,  1.808539e+02
  6.413587e-01,  2.119714e+02
  8.731598e-01,  3.219655e+02
  1.678767e+00,  3.368276e+02
  2.093649e+00,  3.389104e+02
  2.085379e+00,  3.354689e+02
  1.750463e+00,  3.234046e+02
  1.434257e+00,  2.928977e+02
  1.795830e+00,  2.530253e+02
  2.802554e+00,  2.328173e+02
  3.988750e+00,  2.255787e+02
  5.091624e+00,  2.239175e+02
  5.962164e+00,  2.252762e+02
  6.520739e+00,  2.288665e+02
  6.755613e+00,  2.345912e+02
  6.727421e+00,  2.426533e+02
  6.564916e+00,  2.532423e+02
  6.434955e+00,  2.660535e+02
  6.471757e+00,  2.798366e+02
  6.695174e+00,  2.927132e+02
  6.997815e+00,  3.032307e+02
  7.215667e+00,  3.108621e+02
  7.207560e+00,  3.156225e+02
  6.899001e+00,  3.175381e+02
  6.299439e+00,  3.163035e+02
  5.511211e+00,  3.110727e+02
  4.736872e+00,  3.005639e+02
  4.252702e+00,  2.845561e+02
  4.246225e+00,  2.668356e+02
  4.605080e+00,  2.530460e+02
  5.025673e+00,  2.450151e+02
  5.252055e+00,  2.418367e+02
  5.146382e+00,  2.426262e+02
  4.681046e+00,  2.474620e+02
  3.940860e+00,  2.579343e+02
  3.175715e+00,  2.779836e+02
  2.890005e+00,  3.102385e+02
  3.477320e+00,  3.420126e+02
  4.625096e+00,  2.345111e+00
  5.882642e+00,  1.476115e+01
  6.990887e+00,  2.322793e+01
  7.809858e+00,  2.964641e+01
  8.267239e+00,  3.484458e+01
  8.338828e+00,  3.913256e+01
  8.038218e+00,  4.250325e+01
  7.409568e+00,  4.466117e+01
  6.525192e+00,  4.492722e+01
  5.494511e+00,  4.199103e+01
  4.495390e+00,  3.357756e+01
  3.823762e+00,  1.730339e+01
  3.812640e+00,  3.561237e+02
  4.456458e+00,  3.392150e+02
  5.400389e+00,  3.297101e+02
  6.315060e+00,  3.253101e+02
  6.990502e+00,  3.237830e+02
  7.297668e+00,  3.238467e+02
  7.164071e+00,  3.248182e+02
  6.568530e+00,  3.263099e+02
  5.539565e+00,  3.280494e+02
  4.151573e+00,  3.296906e+02
  2.517524e+00,  3.301667e+02
  7.970061e-01,  3.191009e+02
  1.034979e+00,  1.804916e+02
  2.603982e+00,  1.754313e+02
  3.957054e+00,  1.787636e+02
  5.029427e+00,  1.842501e+02
  5.816518e+00,  1.910947e+02
  6.352853e+00,  1.989721e+02
  6.690065e+00,  2.075100e+02
  6.868101e+00,  2.161809e+02
  6.891018e+00,  2.243467e+02
  6.721247e+00,  2.313661e+02
  6.296980e+00,  2.366279e+02
  5.565138e+00,  2.393777e+02
  4.522421e+00,  2.381104e+02
  3.283909e+00,  2.286026e+02
  2.314429e+00,  1.992215e+02
  2.642218e+00,  1.548711e+02
  4.062616e+00,  1.319681e+02
  5.656196e+00,  1.227232e+02
  6.999197e+00,  1.181378e+02
  7.868295e+00,  1.150886e+02
  8.134465e+00,  1.121944e+02
  7.755602e+00,  1.084129e+02
  6.792416e+00,  1.022953e+02
  5.454323e+00,  9.091086e+01
  4.242206e+00,  6.839098e+01
  4.086153e+00,  3.380289e+01
  5.316014e+00,  6.681739e+00
  7.120002e+00,  3.531337e+02
  8.845197e+00,  3.469687e+02
  1.016666e+01,  3.445229e+02
  1.092492e+01,  3.442617e+02
  1.106667e+01,  3.455536e+02
  1.062283e+01,  3.481718e+02
  9.691174e+00,  3.521061e+02
  8.414920e+00,  3.574863e+02
  6.956697e+00,  4.545797e+00
  5.470066e+00,  1.359345e+01
  4.072634e+00,  2.499909e+01
  2.827766e+00,  3.933526e+01
  1.748202e+00,  5.846958e+01
  8.632643e-01,  9.319372e+01
  6.563231e-01,  1.794643e+02
  1.306501e+00,  2.261137e+02
  2.005152e+00,  2.455771e+02
  2.537065e+00,  2.588577e+02
  2.796849e+00,  2.704740e+02
  2.722515e+00,  2.829554e+02
  2.331407e+00,  3.000908e+02
  1.844633e+00,  3.305255e+02
  1.942326e+00,  1.791415e+01
  3.006249e+00,  5.201959e+01
  4.536506e+00,  6.936955e+01
  6.149224e+00,  7.955677e+01
  7.616969e+00,  8.659281e+01
  8.774978e+00,  9.200123e+01
  9.504698e+00,  9.642705e+01
  9.735803e+00,  1.001443e+02
  9.449419e+00,  1.032131e+02
  8.678419e+00,  1.054917e+02
  7.504942e+00,  1.065227e+02
  6.060114e+00,  1.051788e+02
  4.544633e+00,  9.870255e+01
  3.327466e+00,  8.106853e+01
  3.066007e+00,  5.051679e+01
  3.953622e+00,  2.737408e+01
  5.352870e+00,  1.820593e+01
  6.819886e+00,  1.617727e+01
  8.154606e+00,  1.722365e+01
  9.231338e+00,  1.952057e+01
  9.942809e+00,  2.215680e+01
  1.019362e+01,  2.460574e+01
  9.911133e+00,  2.648098e+01
  9.062096e+00,  2.735791e+01
  7.670770e+00,  2.650813e+01
  5.843284e+00,  2.217489e+01
  3.843936e+00,  8.747231e+00
  2.511734e+00,  3.287015e+02
  3.331772e+00,  2.797658e+02
  5.216373e+00,  2.606705e+02
  6.987306e+00,  2.532707e+02
  8.256029e+00,  2.495327e+02
  8.846904e+00,  2.469702e+02
  8.693228e+00,  2.444045e+02
  7.826993e+00,  2.407652e+02
  6.391239e+00,  2.342242e+02
  4.702597e+00,  2.203584e+02
  3.502061e+00,  1.898539e+02
  3.922552e+00,  1.504587e+02
  5.583735e+00,  1.291312e+02
  7.437886e+00,  1.208067e+02
  9.013530e+00,  1.182145e+02
  1.012255e+01,  1.185673e+02
  1.070560e+01,  1.207822e+02
  1.078558e+01,  1.243672e+02
  1.044009e+01,  1.290125e+02
  9.770553e+00,  1.343937e+02
  8.871371e+00,  1.400444e+02
  7.807439e+00,  1.452552e+02
  6.611815e+00,  1.489448e+02
  5.313869e+00,  1.493014e+02
  4.013723e+00,  1.426730e+02
  3.058112e+00,  1.221243e+02
  3.136045e+00,  8.985014e+01
  4.275526e+00,  6.830536e+01
  5.776555e+00,  5.915024e+01
  7.177695e+00,  5.573137e+01
  8.223711e+00,  5.483093e+01
  8.753313e+00,  5.512622e+01
  8.673934e+00,  5.602677e+01
  7.960151e+00,  5.722994e+01
  6.653313e+00,  5.852277e+01
  4.856104e+00,  5.959343e+01
  2.721890e+00,  5.928403e+01
  4.877115e-01,  3.442770e+01
  1.875836e+00,  2.579544e+02
  3.921395e+00,  2.566280e+02
  5.612655e+00,  2.586840e+02
  6.838025e+00,  2.617735e+02
  7.541336e+00,  2.655317e+02
  7.718369e+00,  2.698772e+02
  7.409853e+00,  2.747972e+02
  6.689496e+00,  2.802864e+02
  5.648704e+00,  2.863131e+02
  4.380852e+00,  2.927821e+02
  2.968913e+00,  2.994646e+02
  1.480208e+00,  3.055972e+02
  6.860285e-02,  1.962799e+02
  1.518137e+00,  1.446905e+02
  2.912800e+00,  1.504355e+02
  4.143923e+00,  1.564651e+02
  5.121494e+00,  1.621895e+02
  5.750693e+00,  1.675088e+02
  5.946192e+00,  1.724425e+02
  5.647975e+00,  1.770764e+02
  4.834959e+00,  1.815827e+02
  3.533910e+00,  1.863934e+02
  1.824432e+00,  1.935892e+02
  3.184291e-01,  3.189541e+02
  2.369923e+00,  6.273498e+00
  4.487919e+00,  1.202423e+01
  6.410460e+00,  1.583799e+01
  7.983943e+00,  1.910765e+01
  9.093264e+00,  2.214881e+01
  9.672436e+00,  2.506086e+01
  9.710272e+00,  2.784086e+01
  9.249298e+00,  3.038539e+01
  8.378086e+00,  3.243185e+01
  7.220159e+00,  3.342172e+01
  5.927004e+00,  3.221994e+01
  4.689984e+00,  2.664075e+01
  3.787375e+00,  1.357017e+01
  3.576403e+00,  3.538202e+02
  4.155736e+00,  3.371252e+02
  5.214424e+00,  3.287473e+02
  6.429302e+00,  3.262497e+02
  7.593679e+00,  3.268304e+02
  8.559210e+00,  3.289109e+02
  9.203226e+00,  3.317043e+02
  9.426261e+00,  3.348485e+02
  9.161480e+00,  3.382289e+02
  8.386124e+00,  3.419213e+02
  7.130509e+00,  3.462508e+02
  5.484221e+00,  3.521094e+02
  3.610351e+00,  2.379376e+00
  1.870350e+00,  3.059387e+01
  1.651997e+00,  1.031582e+02
  3.012845e+00,  1.359101e+02
  4.321306e+00,  1.460502e+02
  5.191821e+00,  1.502173e+02
  5.515076e+00,  1.515237e+02
  5.281906e+00,  1.503542e+02
  4.573785e+00,  1.456863e+02
  3.595721e+00,  1.342999e+02
  2.797208e+00,  1.096146e+02
  2.887795e+00,  7.470444e+01
  3.868864e+00,  5.157631e+01
  5.082194e+00,  4.137570e+01
  6.121759e+00,  3.767713e+01
  6.802688e+00,  3.744695e+01
  7.053750e+00,  3.956223e+01
  6.883187e+00,  4.373695e+01
  6.365062e+00,  5.015186e+01
  5.628019e+00,  5.932491e+01
  4.838988e+00,  7.193167e+01
  4.169014e+00,  8.820955e+01
  3.723251e+00,  1.069010e+02
  3.465644e+00,  1.252973e+02
  3.242116e+00,  1.414046e+02
  2.894975e+00,  1.552821e+02
  2.341998e+00,  1.686619e+02
  1.599764e+00,  1.859673e+02
  8.737617e-01,  2.253320e+02
  1.010416e+00,  2.999644e+02
  1.865769e+00,  3.304136e+02
  2.712222e+00,  3.433670e+02
  3.346667e+00,  3.517467e+02
  3.674401e+00,  3.585821e+02
  3.648975e+00,  5.080330e+00
  3.266504e+00,  1.218631e+01
  2.566899e+00,  2.153042e+01
  1.654414e+00,  3.846658e+01
  9.214714e-01,  8.890717e+01
  1.465942e+00,  1.551650e+02
  2.637095e+00,  1.770021e+02
  3.817316e+00,  1.869152e+02
  4.846486e+00,  1.931446e+02
  5.636971e+00,  1.975531e+02
  6.131257e+00,  2.006122e+02
  6.298416e+00,  2.022822e+02
  6.138483e+00,  2.021755e+02
  5.693581e+00,  1.994889e+02
  5.070753e+00,  1.928170e+02
  4.481255e+00,  1.802543e+02
  4.253965e+00,  1.614744e+02
  4.651286e+00,  1.415261e+02
  5.586343e+00,  1.265453e+02
  6.752812e+00,  1.172425e+02
  7.874497e+00,  1.117816e+02
  8.756638e+00,  1.086025e+02
  9.269782e+00,  1.067609e+02
  9.338827e+00,  1.057228e+02
  8.939369e+00,  1.051954e+02
  8.095762e+00,  1.050423e+02
  6.877579e+00,  1.052681e+02
  5.393269e+00,  1.060983e+02
  3.781986e+00,  1.083363e+02
  2.211794e+00,  1.150981e+02
  9.678737e-01,  1.444097e+02
  9.838679e-01,  2.177175e+02
  1.682222e+00,  2.359417e+02
  2.176099e+00,  2.335917e+02
  2.461235e+00,  2.223634e+02
  2.742410e+00,  2.046545e+02
  3.273609e+00,  1.848851e+02
  4.143449e+00,  1.684110e+02
  5.231087e+00,  1.567852e+02
  6.340398e+00,  1.489183e+02
  7.286928e+00,  1.434997e+02
  7.923673e+00,  1.396353e+02
  8.149681e+00,  1.367820e+02
  7.914317e+00,  1.346186e+02
  7.217853e+00,  1.329646e+02
  6.107842e+00,  1.317503e+02
  4.672161e+00,  1.310622e+02
  3.030731e+00,  1.314682e+02
  1.327964e+00,  1.368328e+02
  4.545434e-01,  2.650858e+02
  1.847978e+00,  2.924956e+02
  3.018735e+00,  2.936679e+02
  3.838720e+00,  2.920452e+02
  4.278330e+00,  2.889089e+02
  4.355754e+00,  2.842121e+02
  4.135177e+00,  2.774588e+02
  3.724329e+00,  2.678102e+02
  3.267454e+00,  2.542992e+02
  2.918694e+00,  2.367780e+02
  2.769848e+00,  2.174143e+02
  2.774421e+00,  1.997660e+02
  2.786628e+00,  1.854905e+02
  2.668415e+00,  1.738140e+02
  2.343013e+00,  1.627117e+02
  1.809258e+00,  1.484006e+02
  1.206380e+00,  1.199555e+02
  1.128484e+00,  6.254042e+01
  1.942692e+00,  2.551550e+01
  3.066714e+00,  1.081562e+01
  4.216899e+00,  3.280430e+00
  5.263979e+00,  3.584364e+02
  6.119514e+00,  3.547409e+02
  6.722535e+00,  3.514696e+02
  7.035943e+00,  3.481724e+02
  7.046995e+00,  3.444763e+02
  6.768757e+00,  3.399810e+02
  6.241657e+00,  3.341657e+02
  5.536428e+00,  3.262721e+02
  4.760403e+00,  3.151794e+02
  4.066363e+00,  2.995248e+02
  3.641667e+00,  2.789259e+02
  3.616125e+00,  2.562842e+02
  3.933102e+00,  2.362981e+02
  4.402381e+00,  2.207347e+02
  4.849945e+00,  2.086554e+02
  5.168937e+00,  1.986753e+02
  5.308425e+00,  1.897452e+02
  5.256460e+00,  1.811493e+02
  5.027825e+00,  1.723866e+02
  4.654383e+00,  1.630920e+02
  4.175714e+00,  1.530031e+02
  3.629027e+00,  1.419573e+02
  3.039049e+00,  1.298702e+02
  2.410994e+00,  1.165772e+02
  1.732305e+00,  1.011405e+02
  9.980910e-01,  7.794811e+01
  4.915789e-01,  2.407262e+00
  1.206611e+00,  2.931002e+02
  2.346141e+00,  2.734403e+02
  3.624736e+00,  2.621855e+02
  4.966045e+00,  2.537938e+02
  6.295263e+00,  2.468749e+02
  7.531219e+00,  2.408726e+02
  8.591910e+00,  2.354967e+02
  9.401712e+00,  2.305726e+02
  9.898089e+00,  2.259880e+02
  1.003705e+01,  2.216685e+02
  9.797135e+00,  2.175650e+02
  9.181743e+00,  2.136463e+02
  8.219759e+00,  2.098988e+02
  6.964033e+00,  2.063374e+02
  5.487522e+00,  2.030513e+02
  3.877362e+00,  2.003723e+02
  2.229232e+00,  1.997743e+02
  6.784381e-01,  2.166501e+02
  9.789207e-01,  3.406208e+02
  2.274980e+00,  3.469194e+02
  3.399832e+00,  3.436850e+02
  4.327109e+00,  3.382179e+02
  5.071325e+00,  3.316238e+02
  5.662115e+00,  3.243622e+02
  6.130399e+00,  3.168130e+02
  6.496653e+00,  3.093634e+02
  6.760523e+00,  3.024014e+02
  6.899120e+00,  2.962698e+02
  6.874045e+00,  2.912470e+02
  6.643630e+00,  2.875802e+02
  6.176896e+00,  2.855800e+02
  5.467869e+00,  2.858080e+02
  4.553590e+00,  2.894879e+02
  3.551372e+00,  2.994790e+02
  2.759429e+00,  3.213678e+02
  2.720657e+00,  3.544011e+02
  3.563803e+00,  1.955426e+01
  4.798726e+00,  3.227951e+01
  6.062265e+00,  3.833875e+01
  7.174058e+00,  4.107335e+01
  8.036254e+00,  4.189328e+01
  8.597772e+00,  4.137725e+01
  8.844153e+00,  3.972970e+01
  8.794032e+00,  3.696377e+01
  8.496076e+00,  3.298995e+01
  8.023378e+00,  2.768753e+01
  7.462535e+00,  2.100130e+01
  6.895018e+00,  1.307591e+01
  6.372016e+00,  4.371579e+00
  5.893094e+00,  3.556375e+02
  5.404534e+00,  3.477058e+02
  4.819810e+00,  3.412456e+02
  4.053786e+00,  3.367722e+02
  3.052590e+00,  3.351481e+02
  1.821756e+00,  3.401269e+02
  6.768338e-01,  3.052257e+01
  1.636606e+00,  1.107349e+02
  3.324798e+00,  1.211658e+02
  5.017488e+00,  1.236276e+02
  6.553771e+00,  1.242544e+02
  7.808297e+00,  1.242208e+02
  8.679196e+00,  1.238700e+02
  9.095802e+00,  1.233115e+02
  9.026468e+00,  1.225614e+02
  8.483306e+00,  1.215793e+02
  7.522540e+00,  1.202687e+02
  6.239980e+00,  1.184482e+02
  4.761912e+00,  1.157666e+02
  3.232707e+00,  1.114310e+02
  1.802961e+00,  1.029837e+02
  6.518050e-01,  7.518402e+01
  5.446389e-01,  3.276449e+02
  1.045993e+00,  2.941135e+02
  1.337813e+00,  2.722806e+02
  1.582093e+00,  2.460521e+02
  2.078294e+00,  2.193982e+02
  2.936223e+00,  2.002380e+02
  4.028709e+00,  1.887001e+02
  5.171452e+00,  1.819874e+02
  6.194609e+00,  1.781604e+02
  6.955699e+00,  1.761988e+02
  7.347208e+00,  1.756202e+02
  7.304833e+00,  1.762800e+02
  6.815208e+00,  1.783357e+02
  5.923379e+00,  1.823875e+02
  4.745247e+00,  1.899695e+02
  3.507384e+00,  2.048639e+02
  2.664554e+00,  2.337470e+02
  2.787282e+00,  2.700173e+02
  3.625353e+00,  2.927754e+02
  4.535909e+00,  3.035211e+02
  5.196413e+00,  3.081197e+02
  5.488454e+00,  3.089955e+02
  5.404107e+00,  3.066871e+02
  5.027111e+00,  3.006658e+02
  4.541403e+00,  2.897188e+02
  4.230489e+00,  2.732528e+02
  4.362899e+00,  2.542603e+02
  4.954984e+00,  2.383553e+02
  5.772908e+00,  2.278529e+02
  6.555333e+00,  2.217789e+02
  7.115248e+00,  2.186743e+02
  7.339615e+00,  2.175108e+02
  7.173694e+00,  2.176543e+02
  6.609344e+00,  2.187114e+02
  5.676262e+00,  2.204226e+02
  4.434274e+00,  2.225950e+02
  2.965888e+00,  2.250307e+02
  1.368961e+00,  2.271877e+02
  2.545069e-01,  6.010441e+01
  1.789938e+00,  5.649281e+01
  3.145430e+00,  5.956997e+01
  4.233064e+00,  6.312028e+01
  4.985892e+00,  6.689689e+01
  5.360715e+00,  7.084680e+01
  5.341219e+00,  7.496696e+01
  4.939589e+00,  7.929405e+01
  4.196416e+00,  8.393488e+01
  3.178812e+00,  8.918347e+01
  1.977222e+00,  9.608844e+01
  7.123817e-01,  1.129988e+02
  6.375310e-01,  2.568133e+02
  1.743432e+00,  2.757631e+02
  2.654041e+00,  2.840149e+02
  3.287181e+00,  2.913373e+02
  3.612589e+00,  2.991601e+02
  3.642994e+00,  3.082788e+02
  3.435616e+00,  3.195257e+02
  3.089008e+00,  3.338728e+02
  2.728216e+00,  3.520783e+02
  2.461815e+00,  1.364186e+01
  2.311590e+00,  3.626557e+01
  2.191422e+00,  5.801299e+01
  1.991272e+00,  7.997984e+01
  1.701117e+00,  1.073002e+02
  1.570977e+00,  1.472441e+02
  2.054798e+00,  1.885904e+02
  3.118045e+00,  2.139949e+02
  4.439881e+00,  2.283643e+02
  5.782007e+00,  2.373606e+02
  6.962114e+00,  2.434819e+02
  7.831953e+00,  2.478042e+02
  8.281014e+00,  2.507873e+02
  8.245758e+00,  2.525492e+02
  7.718046e+00,  2.529117e+02
  6.752805e+00,  2.512699e+02
  5.481289e+00,  2.461532e+02
  4.152233e+00,  2.341773e+02
  3.237590e+00,  2.099727e+02
  3.307903e+00,  1.789113e+02
  4.167731e+00,  1.587414e+02
  5.162653e+00,  1.498644e+02
  5.918891e+00,  1.471265e+02
  6.282655e+00,  1.479474e+02
  6.215514e+00,  1.514135e+02
  5.757378e+00,  1.574950e+02
  5.013343e+00,  1.668658e+02
  4.151669e+00,  1.810184e+02
  3.408250e+00,  2.020136e+02
  3.045618e+00,  2.296577e+02
  3.152330e+00,  2.576853e+02
  3.525668e+00,  2.804318e+02
  3.917338e+00,  2.983112e+02
  4.197410e+00,  3.135372e+02
  4.335039e+00,  3.276377e+02
  4.347847e+00,  3.412743e+02
  4.258155e+00,  3.544383e+02
  4.061554e+00,  6.699791e+00
  3.717719e+00,  1.748437e+01
  3.166201e+00,  2.618884e+01
  2.356389e+00,  3.172451e+01
  1.288432e+00,  2.878107e+01
  5.235403e-01,  3.061507e+02
  1.837903e+00,  2.582167e+02
  3.481149e+00,  2.556652e+02
  5.100987e+00,  2.573491e+02
  6.533985e+00,  2.599675e+02
  7.633640e+00,  2.628291e+02
  8.279012e+00,  2.657362e+02
  8.388851e+00,  2.686315e+02
  7.932248e+00,  2.715049e+02
  6.933087e+00,  2.743538e+02
  5.467287e+00,  2.771466e+02
  3.653443e+00,  2.797087e+02
  1.639373e+00,  2.808009e+02
  4.400505e-01,  1.233706e+02
  2.379335e+00,  1.147038e+02
  4.088539e+00,  1.174032e+02
  5.454364e+00,  1.210226e+02
  6.408716e+00,  1.249731e+02
  6.919177e+00,  1.290186e+02
  6.984529e+00,  1.329135e+02
  6.628668e+00,  1.362811e+02
  5.896603e+00,  1.384427e+02
  4.860019e+00,  1.379867e+02
  3.654677e+00,  1.314461e+02
  2.638705e+00,  1.101726e+02
  2.653457e+00,  7.225747e+01
  3.898892e+00,  4.810329e+01
  5.606298e+00,  3.943721e+01
  7.327765e+00,  3.709127e+01
  8.834575e+00,  3.732528e+01
  9.969272e+00,  3.872548e+01
  1.061834e+01,  4.068743e+01
  1.071356e+01,  4.291805e+01
  1.023697e+01,  4.524740e+01
  9.222611e+00,  4.753362e+01
  7.753556e+00,  4.957440e+01
  5.954684e+00,  5.092325e+01
  3.985191e+00,  5.022367e+01
  2.057218e+00,  4.116539e+01
  9.258187e-01,  3.374688e+02
  1.988298e+00,  2.855718e+02
  3.252893e+00,  2.806589e+02
  4.227913e+00,  2.840419e+02
  4.891147e+00,  2.906620e+02
  5.291142e+00,  2.992141e+02
  5.491282e+00,  3.089336e+02
  5.530327e+00,  3.190583e+02
  5.397794e+00,  3.288410e+02
  5.036954e+00,  3.377055e+02
  4.372463e+00,  3.453108e+02
  3.345446e+00,  3.514150e+02
  1.941433e+00,  3.551693e+02
  2.460811e-01,  3.254600e+02
  1.798399e+00,  1.934699e+02
  3.867736e+00,  1.941735e+02
  5.847641e+00,  1.961885e+02
  7.541655e+00,  1.981414e+02
  8.766533e+00,  1.997985e+02
  9.374928e+00,  2.010634e+02
  9.276145e+00,  2.018205e+02
  8.451206e+00,  2.018327e+02
  6.961274e+00,  2.005146e+02
  4.955701e+00,  1.960827e+02
  2.737264e+00,  1.805279e+02
  1.611882e+00,  1.131462e+02
  3.295711e+00,  6.560758e+01
  5.349354e+00,  5.485594e+01
  6.996918e+00,  5.112600e+01
  8.020769e+00,  4.940975e+01
  8.324600e+00,  4.827160e+01
  7.899688e+00,  4.691846e+01
  6.821105e+00,  4.440808e+01
  5.254763e+00,  3.872541e+01
  3.524024e+00,  2.382006e+01
  2.486816e+00,  3.442919e+02
  3.326553e+00,  3.015030e+02
  5.078215e+00,  2.853993e+02
  6.813800e+00,  2.807224e+02
  8.238720e+00,  2.803891e+02
  9.238425e+00,  2.821247e+02
  9.770532e+00,  2.849907e+02
  9.834052e+00,  2.884632e+02
  9.453350e+00,  2.921358e+02
  8.668233e+00,  2.955784e+02
  7.530620e+00,  2.981972e+02
  6.110793e+00,  2.989369e+02
  4.523484e+00,  2.953679e+02
  3.028183e+00,  2.806056e+02
  2.371203e+00,  2.428908e+02
  3.229985e+00,  2.087099e+02
  4.725030e+00,  1.962548e+02
  6.188241e+00,  1.931558e+02
  7.370177e+00,  1.938042e+02
  8.153224e+00,  1.963355e+02
  8.486629e+00,  2.000711e+02
  8.371973e+00,  2.047674e+02
  7.854378e+00,  2.103685e+02
  7.010677e+00,  2.169086e+02
  5.933738e+00,  2.244679e+02
  4.714905e+00,  2.331659e+02
  3.428356e+00,  2.432597e+02
  2.123525e+00,  2.557937e+02
  8.472846e-01,  2.793930e+02
  6.394854e-01,  5.275686e+01
  1.877807e+00,  8.282631e+01
  3.118259e+00,  9.464408e+01
  4.242185e+00,  1.030529e+02
  5.143811e+00,  1.096809e+02
  5.707664e+00,  1.149790e+02
  5.826537e+00,  1.190986e+02
  5.422323e+00,  1.219753e+02
  4.464997e+00,  1.231026e+02
  2.993630e+00,  1.202263e+02
  1.241794e+00,  9.517122e+01
  1.663249e+00,  3.531960e+02
  3.973573e+00,  3.362564e+02
  6.347752e+00,  3.331579e+02
  8.488419e+00,  3.325761e+02
  1.019255e+01,  3.327262e+02
  1.130472e+01,  3.330543e+02
  1.172780e+01,  3.332854e+02
  1.143389e+01,  3.331901e+02
  1.046962e+01,  3.324623e+02
  8.955328e+00,  3.305588e+02
  7.082748e+00,  3.263404e+02
  5.128158e+00,  3.171181e+02
  3.531843e+00,  2.967600e+02
  2.978897e+00,  2.621689e+02
  3.541544e+00,  2.345756e+02
  4.349815e+00,  2.223563e+02
  4.867632e+00,  2.185073e+02
  4.924212e+00,  2.192024e+02
  4.504882e+00,  2.233822e+02
  3.685774e+00,  2.318548e+02
  2.643607e+00,  2.487746e+02
  1.832626e+00,  2.866699e+02
  2.149695e+00,  3.390075e+02
  3.365539e+00,  7.836546e+00
  4.762296e+00,  2.303733e+01
  6.074137e+00,  3.344510e+01
  7.189137e+00,  4.184169e+01
  8.043594e+00,  4.917006e+01
  8.596608e+00,  5.575288e+01
  8.822511e+00,  6.165346e+01
  8.709906e+00,  6.679192e+01
  8.264665e+00,  7.096496e+01
  7.515769e+00,  7.379623e+01
  6.524269e+00,  7.459148e+01
  5.398986e+00,  7.202918e+01
  4.329095e+00,  6.373456e+01
  3.629558e+00,  4.723913e+01
  3.632384e+00,  2.633843e+01
  4.285119e+00,  1.114764e+01
  5.222798e+00,  4.256750e+00
  6.167588e+00,  2.953124e+00
  6.981219e+00,  4.926216e+00
  7.601569e+00,  8.837555e+00
  8.000246e+00,  1.388405e+01
  8.159194e+00,  1.952361e+01
  8.059419e+00,  2.535880e+01
  7.679933e+00,  3.109364e+01
  7.004698e+00,  3.650993e+01
  6.033478e+00,  4.143246e+01
  4.791893e+00,  4.564998e+01
  3.337503e+00,  4.866193e+01
  1.763323e+00,  4.816686e+01
  3.376957e-01,  3.551122e+02
  1.403698e+00,  2.590547e+02
  2.656372e+00,  2.566518e+02
  3.581939e+00,  2.585123e+02
  4.089867e+00,  2.615166e+02
  4.135106e+00,  2.652622e+02
  3.719027e+00,  2.699887e+02
  2.892908e+00,  2.767643e+02
  1.771910e+00,  2.900795e+02
  7.705902e-01,  3.438577e+02
  1.501777e+00,  6.245614e+01
  2.856181e+00,  8.084672e+01
  4.106393e+00,  8.956617e+01
  5.100744e+00,  9.605681e+01
  5.762768e+00,  1.019663e+02
  6.062363e+00,  1.079170e+02
  6.010421e+00,  1.142480e+02
  5.651808e+00,  1.211977e+02
  5.054309e+00,  1.289560e+02
  4.294254e+00,  1.376741e+02
  3.441288e+00,  1.474776e+02
  2.546452e+00,  1.585722e+02
  1.639376e+00,  1.718449e+02
  7.471304e-01,  1.937644e+02
  3.634414e-01,  3.102931e+02
  1.166358e+00,  3.558135e+02
  1.992288e+00,  9.853379e+00
  2.707856e+00,  1.974044e+01
  3.241596e+00,  2.822121e+01
  3.534204e+00,  3.625539e+01
  3.549337e+00,  4.458423e+01
  3.286462e+00,  5.418882e+01
  2.795875e+00,  6.684360e+01
  2.208323e+00,  8.619487e+01
  1.798823e+00,  1.175240e+02
  1.905668e+00,  1.548776e+02
  2.436502e+00,  1.816176e+02
  3.032433e+00,  1.980572e+02
  3.466944e+00,  2.094673e+02
  3.630003e+00,  2.188596e+02
  3.483002e+00,  2.280284e+02
  3.046740e+00,  2.387113e+02
  2.408878e+00,  2.538756e+02
  1.774552e+00,  2.800658e+02
  1.574014e+00,  3.225472e+02
  2.051179e+00,  3.594681e+02
  2.812316e+00,  2.039656e+01
  3.540541e+00,  3.344845e+01
  4.106364e+00,  4.325966e+01
  4.464221e+00,  5.169995e+01
  4.614279e+00,  5.953504e+01
  4.583611e+00,  6.698738e+01
  4.409897e+00,  7.389080e+01
  4.127741e+00,  7.971415e+01
  3.763694e+00,  8.353794e+01
  3.346921e+00,  8.397702e+01
  2.939294e+00,  7.911763e+01
  2.675541e+00,  6.731980e+01
  2.742530e+00,  5.063756e+01
  3.205776e+00,  3.576308e+01
  3.923473e+00,  2.640294e+01
  4.693706e+00,  2.169424e+01
  5.352434e+00,  2.002706e+01
  5.780802e+00,  2.040634e+01
  5.903720e+00,  2.242538e+01
  5.694509e+00,  2.613737e+01
  5.182865e+00,  3.206867e+01
  4.466146e+00,  4.139073e+01
  3.726056e+00,  5.603344e+01
  3.228690e+00,  7.730108e+01
  3.187319e+00,  1.013150e+02
  3.505916e+00,  1.205951e+02
  3.876260e+00,  1.330598e+02
  4.049375e+00,  1.405076e+02
  3.896284e+00,  1.446503e+02
  3.382308e+00,  1.463341e+02
  2.544441e+00,  1.454617e+02
  1.479473e+00,  1.394309e+02
  4.413298e-01,  9.424194e+01
  1.035233e+00,  3.536088e+02
  2.036375e+00,  3.401066e+02
  2.809012e+00,  3.329078e+02
  3.276071e+00,  3.254461e+02
  3.448708e+00,  3.156498e+02
  3.436634e+00,  3.019246e+02
  3.453320e+00,  2.836917e+02
  3.730673e+00,  2.634910e+02
  4.332143e+00,  2.459765e+02
  5.108788e+00,  2.333401e+02
  5.842997e+00,  2.249948e+02
  6.352302e+00,  2.197937e+02
  6.517388e+00,  2.169695e+02
  6.286649e+00,  2.162470e+02
  5.677454e+00,  2.178772e+02
  4.779958e+00,  2.228787e+02
  3.774489e+00,  2.336594e+02
  2.979212e+00,  2.541528e+02
  2.808074e+00,  2.828603e+02
  3.290082e+00,  3.061945e+02
  3.996727e+00,  3.192079e+02
  4.596223e+00,  3.256488e+02
  4.944723e+00,  3.284315e+02
  5.008411e+00,  3.289353e+02
  4.819782e+00,  3.277540e+02
  4.452706e+00,  3.251379e+02
  4.001101e+00,  3.212742e+02
  3.556814e+00,  3.165690e+02
  3.188154e+00,  3.119242e+02
  2.927488e+00,  3.087603e+02
  2.778844e+00,  3.085272e+02
  2.740496e+00,  3.119426e+02
  2.817327e+00,  3.185536e+02
  3.009528e+00,  3.270263e+02
  3.293192e+00,  3.359858e+02
  3.621845e+00,  3.447245e+02
  3.947206e+00,  3.532180e+02
  4.240719e+00,  1.759472e+00
  4.505065e+00,  1.060892e+01
  4.771664e+00,  1.973658e+01
  5.082663e+00,  2.868968e+01
  5.463618e+00,  3.668565e+01
  5.904031e+00,  4.292271e+01
  6.360257e+00,  4.685926e+01
  6.776897e+00,  4.826635e+01
  7.111346e+00,  4.712884e+01
  7.349706e+00,  4.355698e+01
  7.508822e+00,  3.777782e+01
  7.623097e+00,  3.017864e+01
  7.719659e+00,  2.132004e+01
  7.793280e+00,  1.184202e+01
  7.796195e+00,  2.282534e+00
  7.649467e+00,  3.529213e+02
  7.268482e+00,  3.437170e+02
  6.590500e+00,  3.342758e+02
  5.598469e+00,  3.236848e+02
  4.347813e+00,  3.098259e+02
  3.037854e+00,  2.869371e+02
  2.281089e+00,  2.430870e+02
  2.907166e+00,  1.956227e+02
  4.319467e+00,  1.700046e+02
  5.794021e+00,  1.551171e+02
  7.051950e+00,  1.440496e+02
  7.977631e+00,  1.342579e+02
  8.539724e+00,  1.245971e+02
  8.771961e+00,  1.144443e+02
  8.757063e+00,  1.034792e+02
  8.599742e+00,  9.168847e+01
  8.388234e+00,  7.940831e+01
  8.157490e+00,  6.725629e+01
  7.876239e+00,  5.590468e+01
  7.468185e+00,  4.584735e+01
  6.852230e+00,  3.733959e+01
  5.977920e+00,  3.052288e+01
  4.844732e+00,  2.568842e+01
  3.508651e+00,  2.389111e+01
  2.097480e+00,  2.960853e+01
  1.019325e+00,  6.823630e+01
  1.478626e+00,  1.307968e+02
  2.551257e+00,  1.441155e+02
  3.456968e+00,  1.446645e+02
  4.066979e+00,  1.411656e+02
  4.368254e+00,  1.353000e+02
  4.408931e+00,  1.273386e+02
  4.283112e+00,  1.172297e+02
  4.107499e+00,  1.051573e+02
  3.979966e+00,  9.202166e+01
  3.932914e+00,  7.941317e+01
  3.921251e+00,  6.882337e+01
  3.860422e+00,  6.096210e+01
  3.675425e+00,  5.585507e+01
  3.326118e+00,  5.328094e+01
  2.808965e+00,  5.310941e+01
  2.147369e+00,  5.562765e+01
  1.381627e+00,  6.269430e+01
  5.969541e-01,  8.852829e+01
  6.047173e-01,  1.923103e+02
  1.489946e+00,  2.193323e+02
  2.468179e+00,  2.276992e+02
  3.460865e+00,  2.319851e+02
  4.422728e+00,  2.340620e+02
  5.302530e+00,  2.342790e+02
  6.049657e+00,  2.326271e+02
  6.630035e+00,  2.289635e+02
  7.044632e+00,  2.230917e+02
  7.343519e+00,  2.148721e+02
  7.624100e+00,  2.044307e+02
  7.999533e+00,  1.923876e+02
  8.538981e+00,  1.798203e+02
  9.215705e+00,  1.678038e+02
  9.907580e+00,  1.569215e+02
  1.044398e+01,  1.471844e+02
  1.066038e+01,  1.382327e+02
  1.043867e+01,  1.295062e+02
  9.733041e+00,  1.202618e+02
  8.589048e+00,  1.094139e+02
  7.168434e+00,  9.515410e+01
  5.799915e+00,  7.453618e+01
  5.022523e+00,  4.541807e+01
  5.268914e+00,  1.398375e+01
  6.259374e+00,  3.496889e+02
  7.384670e+00,  3.326561e+02
  8.240951e+00,  3.195873e+02
  8.644195e+00,  3.080551e+02
  8.565270e+00,  2.964233e+02
  8.102706e+00,  2.833488e+02
  7.470262e+00,  2.676499e+02
  6.961079e+00,  2.488540e+02
  6.827545e+00,  2.283649e+02
  7.098532e+00,  2.092175e+02
  7.553039e+00,  1.935000e+02
  7.896128e+00,  1.812734e+02
  7.904723e+00,  1.716595e+02
  7.467012e+00,  1.637233e+02
  6.576255e+00,  1.566556e+02
  5.312680e+00,  1.496330e+02
  3.822905e+00,  1.413756e+02
  2.306145e+00,  1.284861e+02
  1.073173e+00,  9.556354e+01
  9.184238e-01,  1.976372e+01
  1.415190e+00,  3.460448e+02
  1.588651e+00,  3.303316e+02
  1.314228e+00,  3.130806e+02
  8.391004e-01,  2.692187e+02
  1.318736e+00,  1.995878e+02
  2.669427e+00,  1.762034e+02
  4.237215e+00,  1.672148e+02
  5.781313e+00,  1.624010e+02
  7.139564e+00,  1.593584e+02
  8.193385e+00,  1.572423e+02
  8.870895e+00,  1.556389e+02
  9.150015e+00,  1.542583e+02
  9.056578e+00,  1.528104e+02
  8.657697e+00,  1.509301e+02
  8.052855e+00,  1.481233e+02
  7.366047e+00,  1.437592e+02
  6.739829e+00,  1.372055e+02
  6.323024e+00,  1.282571e+02
  6.232776e+00,  1.177318e+02
  6.489951e+00,  1.073622e+02
  6.993457e+00,  9.859453e+01
  7.566418e+00,  9.178145e+01
  8.018564e+00,  8.649934e+01
  8.183678e+00,  8.208710e+01
  7.939308e+00,  7.786706e+01
  7.221388e+00,  7.308445e+01
  6.039196e+00,  6.657000e+01
  4.502698e+00,  5.564171e+01
  2.937825e+00,  3.197918e+01
  2.361063e+00,  3.409105e+02
  3.527519e+00,  2.997245e+02
  5.209891e+00,  2.816706e+02
  6.688432e+00,  2.715065e+02
  7.695498e+00,  2.637882e+02
  8.114483e+00,  2.564620e+02
  7.934705e+00,  2.482648e+02
  7.253908e+00,  2.378813e+02
  6.294871e+00,  2.235073e+02
  5.424852e+00,  2.031170e+02
  5.079634e+00,  1.773495e+02
  5.412505e+00,  1.523794e+02
  6.093845e+00,  1.330726e+02
  6.679573e+00,  1.187534e+02
  6.880927e+00,  1.070838e+02
  6.582216e+00,  9.594084e+01
  5.822427e+00,  8.311349e+01
  4.813055e+00,  6.538402e+01
  4.010139e+00,  3.855791e+01
  4.024845e+00,  5.245559e+00
  4.900046e+00,  3.386991e+02
  6.053036e+00,  3.222023e+02
  7.000358e+00,  3.118152e+02
  7.478741e+00,  3.046566e+02
  7.368254e+00,  2.992201e+02
  6.652874e+00,  2.946413e+02
  5.400935e+00,  2.902260e+02
  3.748784e+00,  2.848733e+02
  1.892806e+00,  2.741534e+02
  5.475737e-01,  1.861628e+02
  1.966372e+00,  1.218690e+02
  3.398712e+00,  1.128962e+02
  4.428245e+00,  1.083744e+02
  4.986479e+00,  1.048191e+02
  5.071262e+00,  1.011904e+02
  4.615286e+00,  9.619550e+01
  2.292916e+00,  7.791165e+01
##END=
