##TITLE= E:\桌面\nmr\ogm\sjd\matlabcod\1\3_8_xjhsjd
##JCAMP-DX= 5.00 Bruker JCAMP library
##DATA TYPE= Shape Data
##ORIGIN= Colm's GRAPE Pulses 
##OWNER= Dawei.Lu
##DATE= 02-Aug-2025
##TIME= 11:43
##MINX= 1.222445e-01
##MAXX= 1.511524e+01
##MINY= 3.611289e-01
##MAXY= 3.590207e+02
##$SHAPE_EXMODE= None
##$SHAPE_TOTROT= 9.000000e+01
##$SHAPE_BWFAC= 1.000000e+00
##$SHAPE_INTEGFAC= 1.000000e+00
##$SHAPE_MODE= 1
##PULSE_WIDTH= 5000
##Calibration_Power= 12500
##NPOINTS= 1000
##XYPOINTS= (XY..XY)
  2.608444e+00,  6.411383e+01
  3.589992e+00,  4.732478e+01
  4.700511e+00,  2.435342e+01
  5.901673e+00,  3.569636e+02
  7.953048e+00,  3.404725e+02
  1.024081e+01,  3.318033e+02
  1.233056e+01,  3.270380e+02
  1.394640e+01,  3.241782e+02
  1.490825e+01,  3.222116e+02
  1.511524e+01,  3.205331e+02
  1.454474e+01,  3.186690e+02
  1.325426e+01,  3.160999e+02
  1.138393e+01,  3.120536e+02
  9.165995e+00,  3.051252e+02
  6.961555e+00,  2.925504e+02
  5.346698e+00,  2.701865e+02
  4.980280e+00,  2.402954e+02
  5.715808e+00,  2.167217e+02
  6.695271e+00,  2.032634e+02
  7.332362e+00,  1.958335e+02
  7.378373e+00,  1.913956e+02
  6.769112e+00,  1.882532e+02
  5.554485e+00,  1.850685e+02
  3.874103e+00,  1.794982e+02
  2.010655e+00,  1.614510e+02
  1.355035e+00,  8.308359e+01
  3.021066e+00,  4.527825e+01
  4.847348e+00,  3.847532e+01
  6.363200e+00,  3.784281e+01
  7.437299e+00,  3.963897e+01
  8.024916e+00,  4.291225e+01
  8.141008e+00,  4.735093e+01
  7.844963e+00,  5.283699e+01
  7.222581e+00,  5.929561e+01
  6.365805e+00,  6.661257e+01
  5.353801e+00,  7.456874e+01
  4.240253e+00,  8.277311e+01
  3.051448e+00,  9.051997e+01
  1.797832e+00,  9.596755e+01
  5.268721e-01,  8.201544e+01
  9.610722e-01,  3.180433e+02
  2.306534e+00,  3.156828e+02
  3.597831e+00,  3.199733e+02
  4.735052e+00,  3.250835e+02
  5.628470e+00,  3.302005e+02
  6.201657e+00,  3.351163e+02
  6.401427e+00,  3.397333e+02
  6.204265e+00,  3.439196e+02
  5.618676e+00,  3.473899e+02
  4.685569e+00,  3.494536e+02
  3.484528e+00,  3.481713e+02
  2.188106e+00,  3.364922e+02
  1.466974e+00,  2.908253e+02
  2.385906e+00,  2.474397e+02
  3.974557e+00,  2.365883e+02
  5.625400e+00,  2.352157e+02
  7.154618e+00,  2.367368e+02
  8.443553e+00,  2.392257e+02
  9.388438e+00,  2.419009e+02
  9.897921e+00,  2.443439e+02
  9.901991e+00,  2.462514e+02
  9.364538e+00,  2.473005e+02
  8.296562e+00,  2.469889e+02
  6.771169e+00,  2.442789e+02
  4.954800e+00,  2.364830e+02
  3.237593e+00,  2.153926e+02
  2.665068e+00,  1.694696e+02
  3.806284e+00,  1.335373e+02
  5.397902e+00,  1.184064e+02
  6.715684e+00,  1.107026e+02
  7.492204e+00,  1.051838e+02
  7.624449e+00,  9.961947e+01
  7.133422e+00,  9.226471e+01
  6.194638e+00,  8.068038e+01
  5.233726e+00,  6.110101e+01
  4.995254e+00,  3.262135e+01
  5.953408e+00,  6.116941e+00
  7.662046e+00,  3.495142e+02
  9.476730e+00,  3.402331e+02
  1.098206e+01,  3.350109e+02
  1.193955e+01,  3.320968e+02
  1.223196e+01,  3.306341e+02
  1.184054e+01,  3.302014e+02
  1.083032e+01,  3.306033e+02
  9.333388e+00,  3.317782e+02
  7.527853e+00,  3.337585e+02
  5.613175e+00,  3.366447e+02
  3.783425e+00,  3.405289e+02
  2.199835e+00,  3.450615e+02
  9.684046e-01,  3.461300e+02
  3.072572e-01,  2.872809e+02
  8.249548e-01,  2.425755e+02
  1.552331e+00,  2.522082e+02
  2.429560e+00,  2.644961e+02
  3.424453e+00,  2.744958e+02
  4.416454e+00,  2.821514e+02
  5.254442e+00,  2.881513e+02
  5.798045e+00,  2.931099e+02
  5.942600e+00,  2.974911e+02
  5.633905e+00,  3.016850e+02
  4.875140e+00,  3.061449e+02
  3.727242e+00,  3.117264e+02
  2.309289e+00,  3.212544e+02
  8.996617e-01,  3.559244e+02
  1.230549e+00,  9.662396e+01
  2.588355e+00,  1.179007e+02
  3.747899e+00,  1.259232e+02
  4.541560e+00,  1.313326e+02
  4.900607e+00,  1.359691e+02
  4.809272e+00,  1.404195e+02
  4.295734e+00,  1.449431e+02
  3.422278e+00,  1.496826e+02
  2.273024e+00,  1.547490e+02
  9.409456e-01,  1.604697e+02
  4.840496e-01,  3.435072e+02
  1.921251e+00,  3.504136e+02
  3.304290e+00,  3.563627e+02
  4.576573e+00,  2.135157e+00
  5.686331e+00,  7.613721e+00
  6.581164e+00,  1.260940e+01
  7.206760e+00,  1.691331e+01
  7.511753e+00,  2.029586e+01
  7.458423e+00,  2.247079e+01
  7.037397e+00,  2.300925e+01
  6.285260e+00,  2.116356e+01
  5.307896e+00,  1.552731e+01
  4.318796e+00,  3.618698e+00
  3.678174e+00,  3.431656e+02
  3.726134e+00,  3.189123e+02
  4.332807e+00,  3.008961e+02
  5.048961e+00,  2.909571e+02
  5.532289e+00,  2.864954e+02
  5.602120e+00,  2.857660e+02
  5.199957e+00,  2.884621e+02
  4.385870e+00,  2.959410e+02
  3.400449e+00,  3.126209e+02
  2.854500e+00,  3.450624e+02
  3.452484e+00,  2.010433e+01
  4.820957e+00,  3.962871e+01
  6.286975e+00,  4.889845e+01
  7.486832e+00,  5.333424e+01
  8.228642e+00,  5.513503e+01
  8.423061e+00,  5.508822e+01
  8.068226e+00,  5.331239e+01
  7.246103e+00,  4.942994e+01
  6.121282e+00,  4.246181e+01
  4.944363e+00,  3.063904e+01
  4.046132e+00,  1.218149e+01
  3.708620e+00,  3.494724e+02
  3.856807e+00,  3.303566e+02
  4.110258e+00,  3.187628e+02
  4.160642e+00,  3.136715e+02
  3.885244e+00,  3.140422e+02
  3.321254e+00,  3.206555e+02
  2.675794e+00,  3.369291e+02
  2.374146e+00,  5.704391e+00
  2.750714e+00,  3.509417e+01
  3.518998e+00,  5.316426e+01
  4.247447e+00,  6.298737e+01
  4.681295e+00,  6.860817e+01
  4.690275e+00,  7.195197e+01
  4.226159e+00,  7.374757e+01
  3.307090e+00,  7.388279e+01
  2.012361e+00,  7.022617e+01
  5.849446e-01,  3.339440e+01
  1.439697e+00,  2.840692e+02
  3.120265e+00,  2.748608e+02
  4.673398e+00,  2.726885e+02
  5.950213e+00,  2.718446e+02
  6.853184e+00,  2.712543e+02
  7.329011e+00,  2.704561e+02
  7.372076e+00,  2.690677e+02
  7.026135e+00,  2.666091e+02
  6.384833e+00,  2.623717e+02
  5.593645e+00,  2.553152e+02
  4.852069e+00,  2.442361e+02
  4.390695e+00,  2.289655e+02
  4.361243e+00,  2.123605e+02
  4.695643e+00,  1.987822e+02
  5.171066e+00,  1.899311e+02
  5.577496e+00,  1.850626e+02
  5.778412e+00,  1.830106e+02
  5.702199e+00,  1.829524e+02
  5.326336e+00,  1.844701e+02
  4.667593e+00,  1.875419e+02
  3.777744e+00,  1.927235e+02
  2.748121e+00,  2.019610e+02
  1.751365e+00,  2.218461e+02
  1.241190e+00,  2.675548e+02
  1.662658e+00,  3.114553e+02
  2.381426e+00,  3.296221e+02
  2.949474e+00,  3.372344e+02
  3.219387e+00,  3.402772e+02
  3.137729e+00,  3.401665e+02
  2.712209e+00,  3.362816e+02
  2.030948e+00,  3.249227e+02
  1.396704e+00,  2.936189e+02
  1.577954e+00,  2.426221e+02
  2.557846e+00,  2.157294e+02
  3.692702e+00,  2.042030e+02
  4.699988e+00,  1.975880e+02
  5.437523e+00,  1.925218e+02
  5.823600e+00,  1.875916e+02
  5.831319e+00,  1.818681e+02
  5.495288e+00,  1.743802e+02
  4.922835e+00,  1.638059e+02
  4.308833e+00,  1.484635e+02
  3.926212e+00,  1.276763e+02
  3.990218e+00,  1.048485e+02
  4.441761e+00,  8.560792e+01
  5.015602e+00,  7.168696e+01
  5.465905e+00,  6.172119e+01
  5.641062e+00,  5.405300e+01
  5.473498e+00,  4.741545e+01
  4.963719e+00,  4.072805e+01
  4.171585e+00,  3.267171e+01
  3.218508e+00,  2.088817e+01
  2.320825e+00,  3.611289e-01
  1.864373e+00,  3.255413e+02
  2.110419e+00,  2.906310e+02
  2.674423e+00,  2.704712e+02
  3.152011e+00,  2.598108e+02
  3.369357e+00,  2.537536e+02
  3.267558e+00,  2.503005e+02
  2.849866e+00,  2.489430e+02
  2.165645e+00,  2.505724e+02
  1.319858e+00,  2.604885e+02
  6.870114e-01,  3.100115e+02
  1.224933e+00,  9.059160e+00
  2.173627e+00,  2.074750e+01
  3.075060e+00,  2.163119e+01
  3.842589e+00,  1.870144e+01
  4.459536e+00,  1.346758e+01
  4.951834e+00,  6.407321e+00
  5.377134e+00,  3.578609e+02
  5.805918e+00,  3.483401e+02
  6.294055e+00,  3.385685e+02
  6.858663e+00,  3.292892e+02
  7.471737e+00,  3.210150e+02
  8.072747e+00,  3.139336e+02
  8.588701e+00,  3.079817e+02
  8.951148e+00,  3.029693e+02
  9.106883e+00,  2.986717e+02
  9.023312e+00,  2.948762e+02
  8.690006e+00,  2.913999e+02
  8.117444e+00,  2.880952e+02
  7.333569e+00,  2.848522e+02
  6.378751e+00,  2.816043e+02
  5.300004e+00,  2.783463e+02
  4.145418e+00,  2.751873e+02
  2.959928e+00,  2.725298e+02
  1.785168e+00,  2.719360e+02
  6.869672e-01,  2.850128e+02
  6.018619e-01,  3.619215e+01
  1.567692e+00,  5.167116e+01
  2.511038e+00,  5.006093e+01
  3.382554e+00,  4.561776e+01
  4.169382e+00,  4.024043e+01
  4.857161e+00,  3.451904e+01
  5.426239e+00,  2.871336e+01
  5.852870e+00,  2.294847e+01
  6.112884e+00,  1.727758e+01
  6.186287e+00,  1.171386e+01
  6.061382e+00,  6.253255e+00
  5.737375e+00,  8.947173e-01
  5.224983e+00,  3.556632e+02
  4.545103e+00,  3.506450e+02
  3.726277e+00,  3.460650e+02
  2.802373e+00,  3.425133e+02
  1.814214e+00,  3.419223e+02
  8.437939e-01,  3.552016e+02
  6.097291e-01,  8.227521e+01
  1.499831e+00,  1.096515e+02
  2.457153e+00,  1.111536e+02
  3.340417e+00,  1.083393e+02
  4.101351e+00,  1.041208e+02
  4.704852e+00,  9.922602e+01
  5.127192e+00,  9.385892e+01
  5.354704e+00,  8.801153e+01
  5.386064e+00,  8.153852e+01
  5.236332e+00,  7.416939e+01
  4.941179e+00,  6.550498e+01
  4.560079e+00,  5.504536e+01
  4.175203e+00,  4.234721e+01
  3.878380e+00,  2.744263e+01
  3.737423e+00,  1.136173e+01
  3.754992e+00,  3.559488e+02
  3.863626e+00,  3.427187e+02
  3.966888e+00,  3.321311e+02
  3.982353e+00,  3.238967e+02
  3.860522e+00,  3.175035e+02
  3.586920e+00,  3.124833e+02
  3.177779e+00,  3.084847e+02
  2.673458e+00,  3.052841e+02
  2.130597e+00,  3.028148e+02
  1.613572e+00,  3.012809e+02
  1.186317e+00,  3.014159e+02
  9.063960e-01,  3.045675e+02
  8.200244e-01,  3.107792e+02
  9.475424e-01,  3.161584e+02
  1.274974e+00,  3.181214e+02
  1.769973e+00,  3.180223e+02
  2.390220e+00,  3.173786e+02
  3.081744e+00,  3.168166e+02
  3.783335e+00,  3.164831e+02
  4.433602e+00,  3.163423e+02
  4.977354e+00,  3.162837e+02
  5.370311e+00,  3.161471e+02
  5.582091e+00,  3.157143e+02
  5.598205e+00,  3.146818e+02
  5.422503e+00,  3.126139e+02
  5.081966e+00,  3.088704e+02
  4.635996e+00,  3.025310e+02
  4.190479e+00,  2.924723e+02
  3.903658e+00,  2.781206e+02
  3.936965e+00,  2.611445e+02
  4.334219e+00,  2.453751e+02
  4.979728e+00,  2.333077e+02
  5.697215e+00,  2.248425e+02
  6.331805e+00,  2.188999e+02
  6.769069e+00,  2.144773e+02
  6.934156e+00,  2.108287e+02
  6.791315e+00,  2.073745e+02
  6.345471e+00,  2.035729e+02
  5.644017e+00,  1.987779e+02
  4.778034e+00,  1.920563e+02
  3.884052e+00,  1.819945e+02
  3.142547e+00,  1.669883e+02
  2.729769e+00,  1.476042e+02
  2.670363e+00,  1.293277e+02
  2.778612e+00,  1.175677e+02
  2.847705e+00,  1.131807e+02
  2.786415e+00,  1.155704e+02
  2.631982e+00,  1.249144e+02
  2.536917e+00,  1.413451e+02
  2.692903e+00,  1.616605e+02
  3.150166e+00,  1.796784e+02
  3.772550e+00,  1.926099e+02
  4.379698e+00,  2.013576e+02
  4.831301e+00,  2.073904e+02
  5.038149e+00,  2.116978e+02
  4.958237e+00,  2.148092e+02
  4.592789e+00,  2.169138e+02
  3.982263e+00,  2.178732e+02
  3.202117e+00,  2.170329e+02
  2.361809e+00,  2.125743e+02
  1.621303e+00,  1.998888e+02
  1.235731e+00,  1.731923e+02
  1.363541e+00,  1.471431e+02
  1.741186e+00,  1.383498e+02
  2.157307e+00,  1.413642e+02
  2.598010e+00,  1.504040e+02
  3.112490e+00,  1.618571e+02
  3.723514e+00,  1.732545e+02
  4.394527e+00,  1.833307e+02
  5.043783e+00,  1.918236e+02
  5.574698e+00,  1.989726e+02
  5.901374e+00,  2.051566e+02
  5.965271e+00,  2.107461e+02
  5.744192e+00,  2.160731e+02
  5.254480e+00,  2.214435e+02
  4.547135e+00,  2.271630e+02
  3.698862e+00,  2.335646e+02
  2.799420e+00,  2.410268e+02
  1.936403e+00,  2.499246e+02
  1.177943e+00,  2.602473e+02
  5.552024e-01,  2.690499e+02
  1.320184e-01,  2.151800e+02
  5.198155e-01,  1.556195e+02
  1.085053e+00,  1.653246e+02
  1.754892e+00,  1.771476e+02
  2.504548e+00,  1.877900e+02
  3.277259e+00,  1.972465e+02
  4.005757e+00,  2.059596e+02
  4.630213e+00,  2.143510e+02
  5.109395e+00,  2.227351e+02
  5.424887e+00,  2.313100e+02
  5.579543e+00,  2.401610e+02
  5.588465e+00,  2.492307e+02
  5.467216e+00,  2.583164e+02
  5.222010e+00,  2.670852e+02
  4.845614e+00,  2.750896e+02
  4.321158e+00,  2.817338e+02
  3.634229e+00,  2.860655e+02
  2.796224e+00,  2.859785e+02
  1.908059e+00,  2.751240e+02
  1.420854e+00,  2.381091e+02
  2.027834e+00,  1.993092e+02
  3.228012e+00,  1.860027e+02
  4.521250e+00,  1.828812e+02
  5.712890e+00,  1.833273e+02
  6.688594e+00,  1.852713e+02
  7.369200e+00,  1.879174e+02
  7.704750e+00,  1.908759e+02
  7.674462e+00,  1.938843e+02
  7.286734e+00,  1.966771e+02
  6.578178e+00,  1.988686e+02
  5.612759e+00,  1.997559e+02
  4.486538e+00,  1.978600e+02
  3.357250e+00,  1.897962e+02
  2.548197e+00,  1.691996e+02
  2.576431e+00,  1.386551e+02
  3.432852e+00,  1.186297e+02
  4.607174e+00,  1.107714e+02
  5.783622e+00,  1.087172e+02
  6.796634e+00,  1.091239e+02
  7.529850e+00,  1.104720e+02
  7.889584e+00,  1.119653e+02
  7.805911e+00,  1.130608e+02
  7.243258e+00,  1.131987e+02
  6.215906e+00,  1.114610e+02
  4.815556e+00,  1.057013e+02
  3.305182e+00,  8.954442e+01
  2.505402e+00,  4.934578e+01
  3.433950e+00,  8.937565e+00
  5.202817e+00,  3.523257e+02
  6.973468e+00,  3.458800e+02
  8.415918e+00,  3.432209e+02
  9.357862e+00,  3.422381e+02
  9.707995e+00,  3.420992e+02
  9.443906e+00,  3.424089e+02
  8.608235e+00,  3.429296e+02
  7.301563e+00,  3.434407e+02
  5.670062e+00,  3.435781e+02
  3.890171e+00,  3.423949e+02
  2.162129e+00,  3.362149e+02
  8.463317e-01,  2.995035e+02
  1.147754e+00,  2.234808e+02
  1.951777e+00,  2.114656e+02
  2.448921e+00,  2.142952e+02
  2.625015e+00,  2.234145e+02
  2.596427e+00,  2.381943e+02
  2.548038e+00,  2.585067e+02
  2.647023e+00,  2.817912e+02
  2.916812e+00,  3.038503e+02
  3.243747e+00,  3.230260e+02
  3.508738e+00,  3.404941e+02
  3.674643e+00,  3.581792e+02
  3.808920e+00,  1.749540e+01
  4.056653e+00,  3.834509e+01
  4.546088e+00,  5.869296e+01
  5.283343e+00,  7.620074e+01
  6.152583e+00,  9.005936e+01
  6.991660e+00,  1.007080e+02
  7.648505e+00,  1.088745e+02
  8.004898e+00,  1.151245e+02
  7.986717e+00,  1.197677e+02
  7.570275e+00,  1.228378e+02
  6.787103e+00,  1.240082e+02
  5.730288e+00,  1.223375e+02
  4.573756e+00,  1.157030e+02
  3.627258e+00,  1.004613e+02
  3.346771e+00,  7.652776e+01
  3.896761e+00,  5.576135e+01
  4.883049e+00,  4.510093e+01
  5.909415e+00,  4.146303e+01
  6.759027e+00,  4.161884e+01
  7.311567e+00,  4.385146e+01
  7.491821e+00,  4.730464e+01
  7.252006e+00,  5.157813e+01
  6.569369e+00,  5.660366e+01
  5.452172e+00,  6.276894e+01
  3.955370e+00,  7.169293e+01
  2.247646e+00,  9.104049e+01
  1.331319e+00,  1.615875e+02
  2.832616e+00,  2.139513e+02
  4.837832e+00,  2.278208e+02
  6.681695e+00,  2.339319e+02
  8.146080e+00,  2.372392e+02
  9.091506e+00,  2.388848e+02
  9.439270e+00,  2.390835e+02
  9.181589e+00,  2.376007e+02
  8.396923e+00,  2.337477e+02
  7.273437e+00,  2.261655e+02
  6.148441e+00,  2.127511e+02
  5.514523e+00,  1.925696e+02
  5.740593e+00,  1.707672e+02
  6.630611e+00,  1.547478e+02
  7.675495e+00,  1.455765e+02
  8.483877e+00,  1.412250e+02
  8.843588e+00,  1.401106e+02
  8.676550e+00,  1.414970e+02
  8.008611e+00,  1.452996e+02
  6.954364e+00,  1.520421e+02
  5.711232e+00,  1.630177e+02
  4.561908e+00,  1.803464e+02
  3.846129e+00,  2.051185e+02
  3.748148e+00,  2.324683e+02
  4.047400e+00,  2.551324e+02
  4.375083e+00,  2.722254e+02
  4.514362e+00,  2.861850e+02
  4.409189e+00,  2.991958e+02
  4.105138e+00,  3.127676e+02
  3.701439e+00,  3.278165e+02
  3.301405e+00,  3.443917e+02
  2.952873e+00,  1.298677e+00
  2.609328e+00,  1.650612e+01
  2.157267e+00,  2.811831e+01
  1.490523e+00,  3.351760e+01
  6.315560e-01,  1.345823e+01
  9.729907e-01,  2.761236e+02
  2.434876e+00,  2.648643e+02
  4.104101e+00,  2.657371e+02
  5.816260e+00,  2.685829e+02
  7.433188e+00,  2.718766e+02
  8.823997e+00,  2.751971e+02
  9.873117e+00,  2.783701e+02
  1.048969e+01,  2.812781e+02
  1.061609e+01,  2.837886e+02
  1.023468e+01,  2.856972e+02
  9.372335e+00,  2.866388e+02
  8.104811e+00,  2.859022e+02
  6.569285e+00,  2.819933e+02
  5.011732e+00,  2.716501e+02
  3.919231e+00,  2.495181e+02
  3.968742e+00,  2.192532e+02
  5.078660e+00,  1.982761e+02
  6.531079e+00,  1.882612e+02
  7.856625e+00,  1.838720e+02
  8.813053e+00,  1.820526e+02
  9.262445e+00,  1.813274e+02
  9.132396e+00,  1.808470e+02
  8.409290e+00,  1.799063e+02
  7.142861e+00,  1.775431e+02
  5.464497e+00,  1.717044e+02
  3.668740e+00,  1.563729e+02
  2.600769e+00,  1.166832e+02
  3.431404e+00,  7.326436e+01
  5.175233e+00,  5.556052e+01
  6.845804e+00,  4.899298e+01
  8.093479e+00,  4.653354e+01
  8.762158e+00,  4.595581e+01
  8.790893e+00,  4.642686e+01
  8.193649e+00,  4.759863e+01
  7.049272e+00,  4.933886e+01
  5.489360e+00,  5.165584e+01
  3.681911e+00,  5.474968e+01
  1.811810e+00,  5.959933e+01
  1.222445e-01,  1.252195e+02
  1.445944e+00,  2.400318e+02
  2.567650e+00,  2.477936e+02
  3.279382e+00,  2.558636e+02
  3.609828e+00,  2.659604e+02
  3.665023e+00,  2.791156e+02
  3.617137e+00,  2.958805e+02
  3.650587e+00,  3.153111e+02
  3.853833e+00,  3.346651e+02
  4.157242e+00,  3.515243e+02
  4.403289e+00,  5.473898e+00
  4.448151e+00,  1.742671e+01
  4.210734e+00,  2.872188e+01
  3.686405e+00,  4.105539e+01
  2.957962e+00,  5.722515e+01
  2.239435e+00,  8.265907e+01
  1.949049e+00,  1.215370e+02
  2.342405e+00,  1.579421e+02
  3.042985e+00,  1.804541e+02
  3.664362e+00,  1.947724e+02
  4.015713e+00,  2.055385e+02
  4.010759e+00,  2.150703e+02
  3.629481e+00,  2.249778e+02
  2.912877e+00,  2.375034e+02
  1.997677e+00,  2.587052e+02
  1.368606e+00,  3.070284e+02
  1.957997e+00,  2.425642e+00
  3.253662e+00,  2.693131e+01
  4.650865e+00,  3.951477e+01
  5.941304e+00,  4.781881e+01
  7.002983e+00,  5.396490e+01
  7.741725e+00,  5.862078e+01
  8.085981e+00,  6.193189e+01
  7.994308e+00,  6.373506e+01
  7.468836e+00,  6.351908e+01
  6.577009e+00,  6.017169e+01
  5.495852e+00,  5.144936e+01
  4.603644e+00,  3.391924e+01
  4.492463e+00,  8.356541e+00
  5.404778e+00,  3.460763e+02
  6.891921e+00,  3.328869e+02
  8.445041e+00,  3.259273e+02
  9.739261e+00,  3.222596e+02
  1.057510e+01,  3.202714e+02
  1.083836e+01,  3.190814e+02
  1.048790e+01,  3.181073e+02
  9.551709e+00,  3.168056e+02
  8.124555e+00,  3.144109e+02
  6.371590e+00,  3.094253e+02
  4.562594e+00,  2.982500e+02
  3.218675e+00,  2.729809e+02
  3.151363e+00,  2.357423e+02
  4.174236e+00,  2.127249e+02
  5.383439e+00,  2.041127e+02
  6.362360e+00,  2.023733e+02
  6.989044e+00,  2.042893e+02
  7.262167e+00,  2.086163e+02
  7.241241e+00,  2.147770e+02
  7.011076e+00,  2.223475e+02
  6.649531e+00,  2.308179e+02
  6.200796e+00,  2.395047e+02
  5.664726e+00,  2.475926e+02
  5.009452e+00,  2.542007e+02
  4.202666e+00,  2.582480e+02
  3.252776e+00,  2.577065e+02
  2.277726e+00,  2.471173e+02
  1.711596e+00,  2.150180e+02
  2.167533e+00,  1.784898e+02
  3.208486e+00,  1.634768e+02
  4.277141e+00,  1.595185e+02
  5.141156e+00,  1.600749e+02
  5.689123e+00,  1.630508e+02
  5.875023e+00,  1.678639e+02
  5.710233e+00,  1.745851e+02
  5.263175e+00,  1.837250e+02
  4.658415e+00,  1.961746e+02
  4.069339e+00,  2.129112e+02
  3.681890e+00,  2.338240e+02
  3.596496e+00,  2.562085e+02
  3.742242e+00,  2.763521e+02
  3.947236e+00,  2.928135e+02
  4.063788e+00,  3.061892e+02
  4.010032e+00,  3.174720e+02
  3.757592e+00,  3.273549e+02
  3.310758e+00,  3.361034e+02
  2.690113e+00,  3.434327e+02
  1.924644e+00,  3.478274e+02
  1.072206e+00,  3.419433e+02
  5.910856e-01,  2.784749e+02
  1.418304e+00,  2.346722e+02
  2.571228e+00,  2.310657e+02
  3.757709e+00,  2.335979e+02
  4.873361e+00,  2.375517e+02
  5.821247e+00,  2.418370e+02
  6.509437e+00,  2.461462e+02
  6.862385e+00,  2.504254e+02
  6.832483e+00,  2.547335e+02
  6.408253e+00,  2.592165e+02
  5.618255e+00,  2.641553e+02
  4.531583e+00,  2.701457e+02
  3.258724e+00,  2.787209e+02
  1.971635e+00,  2.950981e+02
  1.085089e+00,  3.401450e+02
  1.374977e+00,  4.014493e+01
  2.083181e+00,  6.283333e+01
  2.553844e+00,  7.269469e+01
  2.644045e+00,  7.852259e+01
  2.332387e+00,  8.248254e+01
  1.658445e+00,  8.478381e+01
  7.101505e-01,  8.106028e+01
  4.687360e-01,  2.978491e+02
  1.634489e+00,  2.876353e+02
  2.755816e+00,  2.899148e+02
  3.724178e+00,  2.942625e+02
  4.480142e+00,  2.999143e+02
  5.009514e+00,  3.068087e+02
  5.342900e+00,  3.149408e+02
  5.542813e+00,  3.241252e+02
  5.675791e+00,  3.338438e+02
  5.777781e+00,  3.432648e+02
  5.833437e+00,  3.514724e+02
  5.785546e+00,  3.577104e+02
  5.568317e+00,  1.399527e+00
  5.146042e+00,  1.901959e+00
  4.548203e+00,  3.581366e+02
  3.906502e+00,  3.482639e+02
  3.484802e+00,  3.307836e+02
  3.572120e+00,  3.092873e+02
  4.162459e+00,  2.918743e+02
  4.960938e+00,  2.812132e+02
  5.682627e+00,  2.755115e+02
  6.146730e+00,  2.729616e+02
  6.259639e+00,  2.725869e+02
  5.997841e+00,  2.740359e+02
  5.399211e+00,  2.774418e+02
  4.557755e+00,  2.834808e+02
  3.621257e+00,  2.936299e+02
  2.791521e+00,  3.102568e+02
  2.290930e+00,  3.341922e+02
  2.181942e+00,  3.590207e+02
  2.231304e+00,  1.704120e+01
  2.162618e+00,  2.796497e+01
  1.836400e+00,  3.379873e+01
  1.230642e+00,  3.443013e+01
  4.365833e-01,  1.242857e+01
  7.209850e-01,  2.553842e+02
  1.744179e+00,  2.445198e+02
  2.718617e+00,  2.431973e+02
  3.519634e+00,  2.435302e+02
  4.062432e+00,  2.443649e+02
  4.296870e+00,  2.453612e+02
  4.210748e+00,  2.463420e+02
  3.829502e+00,  2.471087e+02
  3.211753e+00,  2.472711e+02
  2.442635e+00,  2.458427e+02
  1.632441e+00,  2.398166e+02
  9.601035e-01,  2.185544e+02
  8.309552e-01,  1.712634e+02
  1.253466e+00,  1.463777e+02
  1.760767e+00,  1.430804e+02
  2.228768e+00,  1.475935e+02
  2.658885e+00,  1.553923e+02
  3.068095e+00,  1.644653e+02
  3.456815e+00,  1.736531e+02
  3.802504e+00,  1.823446e+02
  4.068977e+00,  1.903625e+02
  4.222449e+00,  1.978126e+02
  4.245978e+00,  2.049396e+02
  4.147958e+00,  2.120072e+02
  3.962631e+00,  2.191742e+02
  3.741597e+00,  2.263254e+02
  3.537732e+00,  2.328857e+02
  3.389118e+00,  2.377819e+02
  3.316640e+00,  2.397387e+02
  3.341085e+00,  2.378638e+02
  3.501801e+00,  2.322591e+02
  3.846649e+00,  2.242610e+02
  4.391673e+00,  2.157884e+02
  5.092755e+00,  2.082120e+02
  5.855915e+00,  2.019549e+02
  6.565477e+00,  1.968577e+02
  7.107878e+00,  1.925852e+02
  7.387640e+00,  1.888114e+02
  7.338019e+00,  1.852597e+02
  6.927659e+00,  1.816840e+02
  6.163491e+00,  1.778213e+02
  5.090014e+00,  1.732953e+02
  3.785807e+00,  1.673395e+02
  2.362268e+00,  1.575916e+02
  1.016260e+00,  1.300293e+02
  8.877056e-01,  3.058213e+01
  1.947897e+00,  3.579551e+02
  2.893820e+00,  3.448952e+02
  3.592176e+00,  3.344249e+02
  4.044567e+00,  3.237476e+02
  4.303176e+00,  3.119694e+02
  4.447892e+00,  2.988953e+02
  4.556390e+00,  2.848968e+02
  4.669986e+00,  2.707618e+02
  4.775188e+00,  2.572914e+02
  4.815198e+00,  2.448980e+02
  4.720715e+00,  2.334916e+02
  4.439335e+00,  2.225581e+02
  3.954736e+00,  2.111618e+02
  3.300301e+00,  1.976370e+02
  2.583148e+00,  1.786989e+02
  2.047032e+00,  1.489934e+02
  2.060445e+00,  1.110599e+02
  2.640233e+00,  8.193869e+01
  3.436143e+00,  6.434639e+01
  4.207434e+00,  5.301935e+01
  4.842118e+00,  4.479889e+01
  5.291782e+00,  3.820178e+01
  5.544727e+00,  3.249200e+01
  5.614685e+00,  2.727524e+01
  5.530588e+00,  2.234552e+01
  5.328175e+00,  1.761624e+01
  5.043256e+00,  1.308518e+01
  4.706747e+00,  8.810929e+00
  4.341757e+00,  4.890943e+00
  3.962652e+00,  1.440263e+00
  3.575735e+00,  3.585767e+02
  3.181147e+00,  3.564243e+02
  2.775699e+00,  3.551517e+02
  2.356593e+00,  3.550756e+02
  1.926455e+00,  3.569002e+02
  1.501739e+00,  2.271285e+00
  1.131804e+00,  1.483941e+01
  9.353152e-01,  3.888445e+01
  1.042495e+00,  6.541953e+01
  1.384765e+00,  7.978319e+01
  1.824018e+00,  8.378189e+01
  2.293534e+00,  8.208125e+01
  2.769941e+00,  7.718665e+01
  3.244855e+00,  7.041138e+01
  3.710190e+00,  6.254317e+01
  4.149773e+00,  5.407443e+01
  4.536689e+00,  4.526509e+01
  4.836582e+00,  3.616960e+01
  5.015106e+00,  2.666582e+01
  5.049206e+00,  1.645896e+01
  4.938727e+00,  5.093279e+00
  4.716040e+00,  3.519851e+02
  4.450584e+00,  3.365623e+02
  4.239847e+00,  3.186580e+02
  4.173260e+00,  2.990748e+02
  4.275684e+00,  2.795217e+02
  4.483093e+00,  2.614548e+02
  4.682190e+00,  2.451603e+02
  4.769883e+00,  2.299403e+02
  4.692998e+00,  2.145906e+02
  4.472151e+00,  1.976233e+02
  4.220781e+00,  1.775326e+02
  4.140734e+00,  1.539365e+02
  4.425515e+00,  1.293574e+02
  5.094757e+00,  1.077520e+02
  5.986774e+00,  9.066148e+01
  6.894814e+00,  7.729589e+01
  7.649366e+00,  6.637616e+01
  8.136428e+00,  5.685988e+01
  8.298930e+00,  4.796992e+01
  8.135742e+00,  3.908731e+01
  7.697941e+00,  2.966927e+01
  7.079973e+00,  1.923165e+01
  6.402968e+00,  7.440103e+00
  5.784122e+00,  3.543693e+02
  5.293425e+00,  3.407777e+02
  4.919148e+00,  3.279933e+02
  4.576776e+00,  3.172946e+02
  4.160594e+00,  3.094510e+02
  3.595513e+00,  3.049144e+02
  2.863466e+00,  3.045419e+02
  2.018600e+00,  3.113122e+02
  1.262734e+00,  3.362243e+02
  1.194459e+00,  2.846761e+01
  1.896571e+00,  5.923959e+01
  2.738006e+00,  7.134884e+01
  3.481207e+00,  7.770548e+01
  4.048285e+00,  8.204303e+01
  4.410572e+00,  8.549275e+01
  4.565704e+00,  8.835745e+01
  4.528922e+00,  9.056061e+01
  4.328240e+00,  9.175805e+01
  4.003295e+00,  9.133608e+01
  3.609588e+00,  8.838047e+01
  3.228266e+00,  8.178467e+01
  2.971012e+00,  7.098171e+01
  2.945851e+00,  5.754363e+01
  3.172189e+00,  4.520558e+01
  3.550731e+00,  3.664670e+01
  3.938186e+00,  3.213155e+01
  4.215518e+00,  3.102656e+01
  4.312202e+00,  3.293991e+01
  4.217541e+00,  3.803583e+01
  3.995375e+00,  4.700423e+01
  3.796880e+00,  6.048960e+01
  3.827706e+00,  7.733674e+01
  4.210792e+00,  9.351094e+01
  4.871155e+00,  1.053551e+02
  5.618096e+00,  1.121765e+02
  6.274040e+00,  1.147265e+02
  6.728213e+00,  1.136807e+02
  6.953201e+00,  1.092886e+02
  7.013921e+00,  1.015257e+02
  7.061997e+00,  9.052842e+01
  7.286193e+00,  7.723616e+01
  7.805714e+00,  6.355524e+01
  8.580564e+00,  5.137314e+01
  9.432527e+00,  4.153532e+01
  1.013602e+01,  3.394648e+01
  1.049070e+01,  2.815347e+01
  1.035703e+01,  2.370280e+01
  9.669984e+00,  2.025164e+01
  8.441537e+00,  1.758197e+01
  6.755698e+00,  1.561522e+01
  4.753494e+00,  1.453074e+01
  2.615547e+00,  1.556436e+01
  5.875996e-01,  3.816174e+01
  1.390538e+00,  1.725062e+02
  2.842707e+00,  1.769619e+02
  3.809450e+00,  1.761441e+02
  4.233078e+00,  1.735355e+02
  4.135344e+00,  1.690350e+02
  3.619602e+00,  1.613232e+02
  2.894476e+00,  1.472098e+02
  2.336620e+00,  1.217360e+02
  2.395988e+00,  8.975030e+01
  2.989534e+00,  6.806278e+01
  3.658853e+00,  5.785870e+01
  4.118659e+00,  5.441242e+01
  4.256857e+00,  5.540863e+01
  4.072128e+00,  6.041162e+01
  3.657421e+00,  7.024638e+01
  3.204104e+00,  8.652636e+01
  2.978330e+00,  1.093041e+02
  3.149437e+00,  1.332295e+02
  3.601338e+00,  1.522387e+02
  4.084381e+00,  1.658385e+02
  4.412306e+00,  1.759601e+02
  4.493202e+00,  1.842190e+02
  4.305778e+00,  1.915745e+02
  3.875677e+00,  1.984995e+02
  3.254924e+00,  2.050278e+02
  2.503463e+00,  2.104876e+02
  1.679797e+00,  2.121756e+02
  8.923864e-01,  1.969432e+02
  8.042697e-01,  1.319594e+02
  1.703226e+00,  1.078401e+02
  2.849737e+00,  1.065170e+02
  4.075366e+00,  1.095434e+02
  5.288901e+00,  1.134291e+02
  6.388881e+00,  1.172242e+02
  7.267500e+00,  1.206268e+02
  7.826529e+00,  1.235350e+02
  7.993988e+00,  1.258937e+02
  7.737468e+00,  1.276169e+02
  7.072289e+00,  1.285127e+02
  6.064495e+00,  1.281520e+02
  4.831430e+00,  1.255545e+02
  3.549375e+00,  1.183860e+02
  2.494133e+00,  1.015383e+02
  2.074077e+00,  7.236364e+01
  2.373388e+00,  4.848977e+01
  2.913326e+00,  3.989613e+01
  3.393169e+00,  4.127394e+01
  3.779289e+00,  4.866907e+01
  4.153541e+00,  5.971182e+01
  4.602117e+00,  7.213413e+01
  5.131422e+00,  8.389079e+01
  5.649806e+00,  9.386702e+01
  6.011371e+00,  1.019088e+02
  6.070238e+00,  1.083570e+02
  5.717643e+00,  1.137046e+02
  4.902677e+00,  1.185390e+02
  3.642535e+00,  1.238668e+02
  2.032704e+00,  1.333942e+02
  5.634211e-01,  2.023647e+02
  1.970610e+00,  2.842274e+02
  3.774039e+00,  2.932221e+02
  5.311658e+00,  2.963203e+02
  6.414800e+00,  2.974984e+02
  6.980156e+00,  2.973778e+02
  6.972040e+00,  2.958209e+02
  6.434621e+00,  2.921268e+02
  5.512578e+00,  2.846950e+02
  4.501169e+00,  2.704241e+02
  3.918845e+00,  2.465079e+02
  4.252383e+00,  2.200873e+02
  5.305374e+00,  2.026789e+02
  6.545899e+00,  1.941404e+02
  7.627224e+00,  1.908944e+02
  8.380197e+00,  1.907845e+02
  8.740589e+00,  1.927447e+02
  8.711248e+00,  1.962222e+02
  8.338096e+00,  2.008751e+02
  7.688854e+00,  2.064083e+02
  6.832859e+00,  2.124606e+02
  5.825214e+00,  2.184992e+02
  4.701059e+00,  2.236507e+02
  3.486727e+00,  2.261821e+02
  2.245361e+00,  2.211345e+02
  1.307476e+00,  1.892190e+02
  1.698113e+00,  1.363417e+02
  2.932940e+00,  1.202716e+02
  4.223573e+00,  1.178888e+02
  5.335715e+00,  1.194718e+02
  6.141887e+00,  1.226605e+02
  6.557092e+00,  1.267936e+02
  6.538267e+00,  1.317897e+02
  6.090381e+00,  1.379234e+02
  5.271847e+00,  1.459255e+02
  4.203301e+00,  1.574724e+02
  3.100565e+00,  1.764838e+02
  2.372450e+00,  2.094148e+02
  2.492102e+00,  2.490283e+02
  3.212727e+00,  2.756290e+02
  3.986474e+00,  2.910522e+02
  4.539818e+00,  3.010374e+02
  4.763436e+00,  3.081179e+02
  4.624079e+00,  3.130733e+02
  4.137391e+00,  3.155928e+02
  3.369444e+00,  3.138665e+02
  2.494445e+00,  3.023726e+02
  2.034354e+00,  2.708849e+02
  2.718357e+00,  2.370757e+02
  4.208981e+00,  2.230556e+02
  5.988025e+00,  2.191618e+02
  7.817610e+00,  2.190800e+02
  9.543960e+00,  2.204721e+02
  1.103403e+01,  2.223568e+02
  1.216718e+01,  2.242375e+02
  1.284176e+01,  2.257987e+02
  1.298641e+01,  2.267703e+02
  1.257299e+01,  2.268388e+02
  1.163014e+01,  2.255474e+02
  1.025870e+01,  2.221428e+02
  8.653644e+00,  2.153338e+02
  7.138436e+00,  2.031657e+02
  6.171879e+00,  1.844114e+02
  6.113025e+00,  1.629213e+02
  6.784528e+00,  1.458968e+02
  7.647694e+00,  1.353204e+02
  8.263521e+00,  1.294121e+02
  8.385981e+00,  1.263944e+02
  7.909882e+00,  1.251859e+02
  6.829752e+00,  1.251952e+02
  5.215242e+00,  1.261465e+02
  3.192038e+00,  1.281436e+02
  9.257149e-01,  1.345561e+02
  1.422075e+00,  3.057172e+02
  3.645186e+00,  3.107582e+02
  5.596474e+00,  3.140560e+02
  7.142795e+00,  3.172838e+02
  8.191512e+00,  3.206536e+02
  8.694632e+00,  3.242278e+02
  8.650581e+00,  3.280417e+02
  8.102490e+00,  3.321307e+02
  7.132471e+00,  3.365375e+02
  5.851176e+00,  3.413120e+02
  4.378169e+00,  3.465219e+02
  2.784022e+00,  3.525038e+02
  9.640577e-01,  1.645950e+00
##END=
