##TITLE= E:\桌面\nmr\ogm\sjd\matlabcod\1\3_9_xjhsjd
##JCAMP-DX= 5.00 Bruker JCAMP library
##DATA TYPE= Shape Data
##ORIGIN= Colm's GRAPE Pulses 
##OWNER= Dawei.Lu
##DATE= 02-Aug-2025
##TIME= 11:43
##MINX= 2.003294e-02
##MAXX= 1.204953e+01
##MINY= 5.023411e-01
##MAXY= 3.598338e+02
##$SHAPE_EXMODE= None
##$SHAPE_TOTROT= 9.000000e+01
##$SHAPE_BWFAC= 1.000000e+00
##$SHAPE_INTEGFAC= 1.000000e+00
##$SHAPE_MODE= 1
##PULSE_WIDTH= 5000
##Calibration_Power= 12500
##NPOINTS= 1000
##XYPOINTS= (XY..XY)
  4.384424e+00,  5.744311e+00
  6.076782e+00,  4.839879e+00
  7.860888e+00,  6.146869e+00
  7.813509e+00,  1.193053e+01
  7.157349e+00,  1.904309e+01
  6.142988e+00,  2.791668e+01
  4.953711e+00,  3.959457e+01
  3.785452e+00,  5.574062e+01
  2.833325e+00,  7.843128e+01
  2.233306e+00,  1.081208e+02
  1.958400e+00,  1.410937e+02
  1.854742e+00,  1.741104e+02
  1.870255e+00,  2.081427e+02
  2.111839e+00,  2.419123e+02
  2.631917e+00,  2.700965e+02
  3.306803e+00,  2.910977e+02
  3.950832e+00,  3.071476e+02
  4.409828e+00,  3.207626e+02
  4.594790e+00,  3.339794e+02
  4.506883e+00,  3.487029e+02
  4.268703e+00,  6.917364e+00
  4.139955e+00,  2.967163e+01
  4.408382e+00,  5.428806e+01
  5.124764e+00,  7.538740e+01
  6.058474e+00,  9.076911e+01
  6.914188e+00,  1.014425e+02
  7.458112e+00,  1.088321e+02
  7.540067e+00,  1.138283e+02
  7.093871e+00,  1.167321e+02
  6.138798e+00,  1.171592e+02
  4.791302e+00,  1.133821e+02
  3.332521e+00,  9.982973e+01
  2.500402e+00,  6.472341e+01
  3.198725e+00,  2.707524e+01
  4.699091e+00,  1.181848e+01
  6.210897e+00,  7.681274e+00
  7.449359e+00,  8.157801e+00
  8.307608e+00,  1.102452e+01
  8.757509e+00,  1.539341e+01
  8.815496e+00,  2.081095e+01
  8.519854e+00,  2.696250e+01
  7.912606e+00,  3.356486e+01
  7.028336e+00,  4.033289e+01
  5.892565e+00,  4.697568e+01
  4.529399e+00,  5.317867e+01
  2.974707e+00,  5.844153e+01
  1.290802e+00,  6.044311e+01
  4.738580e-01,  2.708780e+02
  2.109518e+00,  2.613278e+02
  3.546944e+00,  2.641163e+02
  4.630676e+00,  2.677102e+02
  5.238762e+00,  2.715364e+02
  5.289886e+00,  2.757062e+02
  4.759823e+00,  2.807258e+02
  3.696584e+00,  2.880571e+02
  2.260452e+00,  3.036053e+02
  1.173475e+00,  2.812931e+00
  2.293611e+00,  6.671446e+01
  4.078312e+00,  8.324677e+01
  5.682146e+00,  9.063045e+01
  6.862102e+00,  9.550222e+01
  7.482428e+00,  9.953206e+01
  7.485568e+00,  1.034499e+02
  6.893387e+00,  1.078216e+02
  5.806063e+00,  1.134089e+02
  4.397758e+00,  1.217283e+02
  2.924363e+00,  1.367209e+02
  1.808875e+00,  1.690736e+02
  1.654464e+00,  2.186805e+02
  2.081399e+00,  2.496011e+02
  2.294394e+00,  2.666378e+02
  2.051698e+00,  2.819458e+02
  1.448574e+00,  3.085316e+02
  1.281026e+00,  1.018925e+01
  2.412113e+00,  5.220940e+01
  4.010735e+00,  6.726459e+01
  5.585914e+00,  7.452807e+01
  6.878428e+00,  7.888090e+01
  7.702856e+00,  8.179294e+01
  7.939639e+00,  8.380273e+01
  7.542692e+00,  8.507604e+01
  6.543260e+00,  8.550400e+01
  5.047594e+00,  8.449363e+01
  3.235385e+00,  7.972576e+01
  1.440619e+00,  5.676476e+01
  1.302972e+00,  3.279190e+02
  2.738482e+00,  3.029165e+02
  3.930649e+00,  2.988837e+02
  4.608044e+00,  2.997348e+02
  4.707520e+00,  3.034917e+02
  4.271555e+00,  3.107632e+02
  3.470610e+00,  3.244776e+02
  2.717184e+00,  3.513005e+02
  2.757198e+00,  3.059131e+01
  3.754463e+00,  5.944914e+01
  5.072741e+00,  7.478506e+01
  6.272813e+00,  8.360067e+01
  7.143337e+00,  8.934858e+01
  7.587877e+00,  9.337519e+01
  7.587261e+00,  9.612235e+01
  7.183842e+00,  9.750825e+01
  6.472000e+00,  9.695233e+01
  5.598581e+00,  9.320767e+01
  4.784357e+00,  8.431967e+01
  4.347871e+00,  6.914635e+01
  4.582296e+00,  5.155185e+01
  5.466239e+00,  3.828023e+01
  6.721840e+00,  3.094382e+01
  8.077989e+00,  2.768371e+01
  9.331692e+00,  2.669951e+01
  1.032417e+01,  2.688425e+01
  1.092844e+01,  2.761225e+01
  1.105258e+01,  2.853000e+01
  1.064918e+01,  2.943039e+01
  9.723955e+00,  3.017731e+01
  8.339542e+00,  3.064922e+01
  6.612333e+00,  3.066921e+01
  4.702345e+00,  2.984082e+01
  2.798670e+00,  2.688158e+01
  1.118544e+00,  1.415129e+01
  5.179955e-01,  2.667232e+02
  1.258170e+00,  2.332642e+02
  1.535640e+00,  2.277035e+02
  1.236754e+00,  2.252919e+02
  4.060199e-01,  2.204846e+02
  8.504393e-01,  4.877514e+01
  2.361952e+00,  4.687943e+01
  3.940050e+00,  4.653606e+01
  5.384431e+00,  4.656214e+01
  6.512066e+00,  4.679808e+01
  7.178805e+00,  4.722832e+01
  7.296490e+00,  4.791125e+01
  6.843468e+00,  4.900569e+01
  5.868032e+00,  5.088894e+01
  4.487054e+00,  5.455449e+01
  2.892978e+00,  6.332497e+01
  1.479124e+00,  9.303107e+01
  1.468550e+00,  1.612307e+02
  2.524987e+00,  1.867790e+02
  3.399947e+00,  1.923994e+02
  3.832262e+00,  1.913929e+02
  3.801097e+00,  1.854122e+02
  3.443273e+00,  1.727082e+02
  3.119063e+00,  1.500918e+02
  3.365104e+00,  1.210279e+02
  4.328297e+00,  9.817134e+01
  5.635079e+00,  8.451758e+01
  6.907788e+00,  7.648558e+01
  7.897551e+00,  7.141584e+01
  8.451050e+00,  6.791892e+01
  8.491154e+00,  6.523339e+01
  8.008792e+00,  6.285171e+01
  7.055329e+00,  6.029799e+01
  5.733217e+00,  5.688969e+01
  4.187983e+00,  5.117186e+01
  2.620846e+00,  3.872151e+01
  1.451151e+00,  2.600568e+00
  1.603260e+00,  3.036430e+02
  2.489770e+00,  2.790135e+02
  3.232590e+00,  2.693652e+02
  3.635982e+00,  2.636804e+02
  3.671180e+00,  2.585287e+02
  3.382689e+00,  2.517027e+02
  2.890859e+00,  2.402697e+02
  2.444939e+00,  2.199142e+02
  2.448146e+00,  1.911424e+02
  3.086051e+00,  1.671210e+02
  4.098265e+00,  1.534762e+02
  5.200351e+00,  1.463601e+02
  6.216137e+00,  1.425205e+02
  7.031644e+00,  1.402623e+02
  7.569522e+00,  1.386783e+02
  7.782901e+00,  1.372100e+02
  7.656114e+00,  1.354368e+02
  7.206989e+00,  1.329579e+02
  6.488608e+00,  1.292957e+02
  5.589830e+00,  1.237926e+02
  4.633985e+00,  1.155266e+02
  3.770730e+00,  1.034600e+02
  3.143513e+00,  8.748200e+01
  2.804844e+00,  7.026881e+01
  2.645761e+00,  5.637437e+01
  2.481100e+00,  4.863061e+01
  2.195736e+00,  4.845496e+01
  1.826254e+00,  5.898778e+01
  1.643198e+00,  8.442866e+01
  2.012290e+00,  1.131057e+02
  2.831340e+00,  1.291182e+02
  3.781890e+00,  1.355861e+02
  4.653605e+00,  1.371517e+02
  5.319443e+00,  1.358217e+02
  5.710764e+00,  1.322664e+02
  5.815862e+00,  1.265171e+02
  5.683695e+00,  1.182467e+02
  5.423872e+00,  1.070008e+02
  5.190859e+00,  9.266752e+01
  5.132129e+00,  7.619183e+01
  5.305113e+00,  5.961921e+01
  5.638749e+00,  4.477247e+01
  5.988706e+00,  3.218354e+01
  6.216425e+00,  2.139292e+01
  6.230859e+00,  1.159031e+01
  5.999526e+00,  1.902239e+00
  5.547382e+00,  3.513959e+02
  4.953638e+00,  3.390044e+02
  4.346661e+00,  3.235959e+02
  3.884757e+00,  3.046262e+02
  3.692515e+00,  2.834957e+02
  3.765827e+00,  2.634437e+02
  3.969561e+00,  2.467087e+02
  4.143139e+00,  2.332803e+02
  4.174719e+00,  2.221117e+02
  4.012676e+00,  2.120590e+02
  3.655705e+00,  2.020391e+02
  3.142385e+00,  1.908325e+02
  2.545538e+00,  1.766763e+02
  1.976146e+00,  1.567058e+02
  1.594527e+00,  1.278219e+02
  1.547182e+00,  9.374609e+01
  1.777455e+00,  6.514317e+01
  2.100055e+00,  4.412623e+01
  2.401364e+00,  2.739831e+01
  2.649078e+00,  1.243141e+01
  2.854672e+00,  3.579829e+02
  3.046634e+00,  3.436793e+02
  3.249700e+00,  3.296831e+02
  3.471079e+00,  3.163466e+02
  3.698966e+00,  3.039009e+02
  3.909826e+00,  2.923350e+02
  4.079434e+00,  2.814302e+02
  4.191978e+00,  2.708619e+02
  4.244759e+00,  2.602969e+02
  4.248359e+00,  2.494706e+02
  4.222548e+00,  2.382546e+02
  4.188352e+00,  2.267051e+02
  4.158275e+00,  2.150538e+02
  4.128941e+00,  2.036126e+02
  4.080560e+00,  1.926264e+02
  3.983891e+00,  1.821606e+02
  3.810920e+00,  1.720691e+02
  3.544494e+00,  1.620155e+02
  3.184258e+00,  1.514897e+02
  2.748477e+00,  1.397783e+02
  2.272450e+00,  1.258672e+02
  1.804604e+00,  1.082703e+02
  1.401823e+00,  8.488657e+01
  1.126193e+00,  5.352874e+01
  1.040950e+00,  1.491676e+01
  1.190102e+00,  3.360937e+02
  1.578768e+00,  3.043223e+02
  2.189624e+00,  2.808088e+02
  2.992167e+00,  2.637138e+02
  3.937940e+00,  2.510603e+02
  4.962166e+00,  2.414060e+02
  5.989672e+00,  2.337922e+02
  6.942369e+00,  2.275874e+02
  7.747088e+00,  2.223644e+02
  8.343014e+00,  2.178189e+02
  8.688156e+00,  2.137186e+02
  8.764251e+00,  2.098736e+02
  8.579379e+00,  2.061215e+02
  8.167589e+00,  2.023265e+02
  7.584982e+00,  1.983949e+02
  6.902135e+00,  1.943150e+02
  6.193466e+00,  1.902267e+02
  5.525471e+00,  1.865142e+02
  4.948119e+00,  1.838712e+02
  4.495454e+00,  1.832372e+02
  4.197948e+00,  1.854936e+02
  4.096305e+00,  1.908921e+02
  4.233909e+00,  1.985243e+02
  4.621569e+00,  2.066070e+02
  5.211258e+00,  2.136263e+02
  5.908640e+00,  2.190107e+02
  6.602973e+00,  2.228653e+02
  7.188984e+00,  2.255111e+02
  7.578854e+00,  2.272474e+02
  7.709585e+00,  2.282811e+02
  7.546504e+00,  2.287300e+02
  7.085412e+00,  2.286337e+02
  6.352678e+00,  2.279573e+02
  5.402621e+00,  2.265816e+02
  4.311913e+00,  2.242686e+02
  3.171047e+00,  2.205737e+02
  2.073194e+00,  2.145935e+02
  1.101394e+00,  2.038617e+02
  3.323465e-01,  1.710744e+02
  4.091298e-01,  3.830055e+01
  9.483816e-01,  7.613572e+00
  1.570000e+00,  3.475889e+02
  2.382292e+00,  3.322205e+02
  3.419508e+00,  3.212812e+02
  4.638367e+00,  3.138483e+02
  5.951777e+00,  3.088687e+02
  7.254288e+00,  3.055380e+02
  8.438393e+00,  3.033095e+02
  9.406370e+00,  3.018131e+02
  1.007943e+01,  3.007821e+02
  1.040434e+01,  2.999988e+02
  1.035763e+01,  2.992523e+02
  9.947320e+00,  2.982982e+02
  9.213503e+00,  2.968136e+02
  8.228794e+00,  2.943371e+02
  7.097771e+00,  2.901713e+02
  5.959417e+00,  2.832969e+02
  4.989218e+00,  2.725535e+02
  4.374655e+00,  2.578027e+02
  4.212577e+00,  2.417966e+02
  4.399435e+00,  2.287240e+02
  4.709856e+00,  2.202685e+02
  4.949795e+00,  2.157248e+02
  5.003533e+00,  2.139053e+02
  4.818584e+00,  2.138793e+02
  4.386434e+00,  2.149912e+02
  3.729703e+00,  2.167043e+02
  2.893286e+00,  2.183322e+02
  1.938778e+00,  2.182164e+02
  9.597284e-01,  2.082726e+02
  5.189722e-01,  1.281886e+02
  1.338226e+00,  9.071363e+01
  2.273767e+00,  8.930103e+01
  3.152513e+00,  9.354900e+01
  3.947109e+00,  9.961574e+01
  4.643064e+00,  1.063599e+02
  5.223471e+00,  1.132136e+02
  5.663800e+00,  1.198068e+02
  5.932036e+00,  1.258705e+02
  5.993754e+00,  1.311944e+02
  5.819858e+00,  1.355775e+02
  5.396125e+00,  1.387572e+02
  4.733247e+00,  1.402735e+02
  3.877584e+00,  1.391555e+02
  2.928684e+00,  1.331072e+02
  2.087504e+00,  1.167709e+02
  1.730661e+00,  8.558594e+01
  2.035435e+00,  5.747810e+01
  2.570334e+00,  4.477306e+01
  2.970921e+00,  4.146551e+01
  3.090932e+00,  4.374724e+01
  2.906660e+00,  5.127555e+01
  2.516903e+00,  6.658850e+01
  2.231986e+00,  9.417010e+01
  2.542031e+00,  1.282241e+02
  3.508548e+00,  1.524176e+02
  4.775143e+00,  1.662615e+02
  6.053515e+00,  1.745740e+02
  7.156902e+00,  1.799758e+02
  7.957962e+00,  1.836147e+02
  8.376890e+00,  1.859557e+02
  8.381560e+00,  1.870957e+02
  7.990212e+00,  1.868483e+02
  7.275351e+00,  1.847025e+02
  6.371624e+00,  1.797055e+02
  5.488253e+00,  1.704866e+02
  4.908336e+00,  1.562891e+02
  4.882586e+00,  1.396736e+02
  5.411695e+00,  1.259850e+02
  6.260490e+00,  1.177329e+02
  7.185724e+00,  1.140560e+02
  8.029752e+00,  1.134151e+02
  8.701666e+00,  1.146109e+02
  9.145808e+00,  1.167928e+02
  9.321944e+00,  1.193192e+02
  9.197858e+00,  1.216508e+02
  8.752733e+00,  1.232592e+02
  7.989094e+00,  1.235030e+02
  6.952149e+00,  1.214006e+02
  5.761358e+00,  1.151986e+02
  4.670135e+00,  1.019310e+02
  4.123128e+00,  7.972313e+01
  4.481293e+00,  5.584855e+01
  5.505329e+00,  3.987707e+01
  6.700173e+00,  3.148413e+01
  7.725433e+00,  2.753803e+01
  8.386380e+00,  2.605675e+01
  8.578331e+00,  2.601407e+01
  8.263089e+00,  2.686611e+01
  7.459156e+00,  2.828335e+01
  6.230048e+00,  3.000112e+01
  4.672246e+00,  3.164912e+01
  2.903703e+00,  3.218425e+01
  1.069282e+00,  2.386084e+01
  8.955024e-01,  2.479571e+02
  2.565288e+00,  2.372123e+02
  4.049348e+00,  2.383325e+02
  5.246267e+00,  2.411054e+02
  6.101491e+00,  2.442669e+02
  6.582559e+00,  2.473152e+02
  6.677553e+00,  2.498447e+02
  6.397131e+00,  2.513467e+02
  5.781667e+00,  2.510053e+02
  4.919452e+00,  2.473072e+02
  3.992146e+00,  2.373504e+02
  3.363138e+00,  2.174350e+02
  3.500274e+00,  1.917178e+02
  4.394446e+00,  1.732804e+02
  5.598853e+00,  1.642738e+02
  6.761099e+00,  1.609270e+02
  7.677319e+00,  1.607327e+02
  8.230729e+00,  1.625169e+02
  8.365552e+00,  1.657991e+02
  8.079543e+00,  1.704855e+02
  7.422378e+00,  1.767704e+02
  6.489021e+00,  1.851529e+02
  5.414462e+00,  1.965497e+02
  4.370649e+00,  2.124024e+02
  3.557862e+00,  2.341790e+02
  3.145616e+00,  2.609540e+02
  3.131360e+00,  2.876727e+02
  3.325941e+00,  3.102913e+02
  3.543347e+00,  3.289181e+02
  3.695913e+00,  3.449654e+02
  3.763964e+00,  3.592734e+02
  3.744928e+00,  1.187006e+01
  3.619975e+00,  2.217491e+01
  3.349879e+00,  2.913207e+01
  2.904531e+00,  3.080516e+01
  2.341492e+00,  2.268842e+01
  2.008781e+00,  3.569462e+02
  2.556989e+00,  3.246269e+02
  3.938264e+00,  3.077964e+02
  5.700116e+00,  3.013747e+02
  7.551163e+00,  2.992032e+02
  9.278682e+00,  2.987873e+02
  1.069967e+01,  2.990976e+02
  1.166044e+01,  2.996381e+02
  1.204953e+01,  3.001108e+02
  1.181268e+01,  3.002717e+02
  1.096082e+01,  2.998073e+02
  9.574040e+00,  2.981786e+02
  7.805826e+00,  2.942952e+02
  5.904783e+00,  2.857151e+02
  4.302971e+00,  2.672862e+02
  3.716790e+00,  2.362792e+02
  4.406108e+00,  2.094738e+02
  5.612291e+00,  1.964563e+02
  6.724765e+00,  1.917759e+02
  7.499045e+00,  1.914092e+02
  7.860070e+00,  1.936064e+02
  7.816014e+00,  1.976094e+02
  7.421685e+00,  2.030710e+02
  6.754920e+00,  2.098196e+02
  5.897994e+00,  2.177606e+02
  4.924158e+00,  2.268471e+02
  3.890756e+00,  2.371173e+02
  2.839302e+00,  2.488735e+02
  1.802160e+00,  2.634395e+02
  8.281268e-01,  2.888303e+02
  4.446762e-01,  3.524269e+01
  1.210964e+00,  8.565481e+01
  2.014817e+00,  1.042280e+02
  2.734692e+00,  1.186458e+02
  3.353538e+00,  1.320669e+02
  3.871566e+00,  1.452537e+02
  4.294228e+00,  1.583764e+02
  4.622352e+00,  1.713907e+02
  4.844856e+00,  1.842070e+02
  4.937973e+00,  1.968151e+02
  4.872540e+00,  2.093818e+02
  4.627565e+00,  2.223383e+02
  4.207471e+00,  2.365124e+02
  3.663006e+00,  2.533554e+02
  3.118932e+00,  2.750757e+02
  2.791778e+00,  3.031605e+02
  2.884284e+00,  3.336397e+02
  3.348523e+00,  3.591264e+02
  3.942398e+00,  1.798974e+01
  4.452572e+00,  3.240899e+01
  4.749543e+00,  4.448360e+01
  4.772800e+00,  5.567960e+01
  4.519857e+00,  6.717528e+01
  4.043250e+00,  8.022848e+01
  3.452183e+00,  9.646551e+01
  2.912876e+00,  1.176784e+02
  2.610603e+00,  1.437244e+02
  2.609798e+00,  1.698540e+02
  2.758902e+00,  1.911533e+02
  2.832242e+00,  2.073706e+02
  2.672146e+00,  2.205701e+02
  2.210601e+00,  2.333168e+02
  1.467934e+00,  2.508012e+02
  7.151043e-01,  3.016778e+02
  1.243700e+00,  2.282847e+01
  2.478408e+00,  4.555860e+01
  3.735910e+00,  5.628528e+01
  4.832384e+00,  6.390529e+01
  5.640955e+00,  7.039657e+01
  6.066277e+00,  7.653498e+01
  6.049808e+00,  8.284138e+01
  5.577755e+00,  8.993422e+01
  4.690475e+00,  9.896607e+01
  3.506221e+00,  1.128798e+02
  2.337303e+00,  1.408100e+02
  2.081795e+00,  1.934855e+02
  3.189033e+00,  2.315111e+02
  4.713884e+00,  2.486891e+02
  6.152836e+00,  2.581242e+02
  7.298148e+00,  2.642634e+02
  8.031277e+00,  2.685251e+02
  8.287207e+00,  2.713440e+02
  8.052412e+00,  2.726835e+02
  7.371052e+00,  2.720882e+02
  6.358626e+00,  2.684674e+02
  5.230260e+00,  2.596798e+02
  4.356890e+00,  2.428631e+02
  4.208664e+00,  2.197312e+02
  4.877736e+00,  2.004444e+02
  5.941823e+00,  1.897536e+02
  6.987651e+00,  1.853162e+02
  7.779358e+00,  1.846574e+02
  8.202998e+00,  1.864551e+02
  8.224578e+00,  1.901191e+02
  7.869636e+00,  1.954681e+02
  7.209317e+00,  2.025825e+02
  6.346674e+00,  2.117430e+02
  5.401228e+00,  2.233877e+02
  4.490328e+00,  2.380030e+02
  3.705465e+00,  2.558678e+02
  3.086651e+00,  2.767542e+02
  2.614820e+00,  3.001281e+02
  2.250058e+00,  3.261446e+02
  2.005769e+00,  3.560846e+02
  1.986195e+00,  2.952362e+01
  2.275537e+00,  6.066851e+01
  2.792816e+00,  8.458485e+01
  3.366089e+00,  1.019206e+02
  3.838609e+00,  1.149729e+02
  4.092459e+00,  1.254923e+02
  4.049332e+00,  1.346549e+02
  3.672596e+00,  1.434197e+02
  2.970600e+00,  1.530476e+02
  2.006101e+00,  1.667674e+02
  9.909112e-01,  2.015841e+02
  1.083730e+00,  2.887384e+02
  2.255381e+00,  3.200190e+02
  3.460885e+00,  3.327128e+02
  4.481850e+00,  3.414210e+02
  5.215912e+00,  3.489558e+02
  5.603875e+00,  3.563169e+02
  5.625745e+00,  4.117154e+00
  5.302427e+00,  1.298684e+01
  4.698880e+00,  2.385622e+01
  3.932738e+00,  3.833963e+01
  3.197005e+00,  5.906290e+01
  2.776684e+00,  8.773488e+01
  2.889563e+00,  1.184378e+02
  3.396965e+00,  1.421559e+02
  3.986566e+00,  1.581902e+02
  4.435397e+00,  1.691540e+02
  4.617568e+00,  1.767661e+02
  4.468796e+00,  1.816254e+02
  3.975159e+00,  1.833054e+02
  3.188507e+00,  1.796210e+02
  2.316444e+00,  1.636648e+02
  2.022804e+00,  1.256649e+02
  2.936639e+00,  9.319245e+01
  4.472388e+00,  8.057666e+01
  6.118500e+00,  7.640110e+01
  7.628099e+00,  7.545909e+01
  8.835629e+00,  7.589541e+01
  9.617117e+00,  7.693607e+01
  9.889388e+00,  7.818959e+01
  9.616050e+00,  7.939590e+01
  8.811732e+00,  8.029342e+01
  7.542226e+00,  8.047524e+01
  5.922326e+00,  7.907332e+01
  4.122351e+00,  7.369986e+01
  2.446675e+00,  5.582446e+01
  1.779235e+00,  5.836097e+00
  2.715786e+00,  3.283665e+02
  3.978469e+00,  3.177895e+02
  5.015460e+00,  3.159310e+02
  5.698571e+00,  3.175732e+02
  6.009426e+00,  3.211681e+02
  5.982106e+00,  3.261183e+02
  5.679179e+00,  3.320751e+02
  5.170382e+00,  3.386615e+02
  4.512516e+00,  3.452941e+02
  3.740397e+00,  3.509867e+02
  2.874526e+00,  3.538272e+02
  1.964378e+00,  3.488025e+02
  1.282065e+00,  3.200918e+02
  1.606429e+00,  2.739537e+02
  2.717194e+00,  2.569192e+02
  4.006826e+00,  2.535684e+02
  5.248868e+00,  2.544589e+02
  6.307361e+00,  2.569777e+02
  7.075016e+00,  2.602983e+02
  7.472382e+00,  2.641773e+02
  7.455784e+00,  2.686371e+02
  7.024552e+00,  2.739009e+02
  6.225645e+00,  2.804606e+02
  5.157469e+00,  2.893234e+02
  3.980936e+00,  3.026222e+02
  2.957628e+00,  3.245240e+02
  2.481255e+00,  3.575932e+02
  2.724401e+00,  2.955823e+01
  3.284621e+00,  4.983532e+01
  3.760639e+00,  6.169019e+01
  3.974304e+00,  6.881633e+01
  3.875494e+00,  7.269512e+01
  3.490094e+00,  7.326090e+01
  2.912268e+00,  6.879011e+01
  2.344058e+00,  5.522827e+01
  2.161592e+00,  3.032315e+01
  2.641420e+00,  7.091081e+00
  3.564059e+00,  3.555789e+02
  4.632210e+00,  3.520013e+02
  5.677894e+00,  3.523794e+02
  6.598977e+00,  3.547159e+02
  7.317898e+00,  3.580239e+02
  7.768922e+00,  1.779255e+00
  7.897979e+00,  5.689140e+00
  7.667955e+00,  9.587636e+00
  7.065283e+00,  1.338237e+01
  6.104910e+00,  1.702303e+01
  4.831985e+00,  2.048132e+01
  3.319901e+00,  2.373707e+01
  1.665194e+00,  2.675866e+01
  2.003294e-02,  2.156074e+02
  1.616771e+00,  2.123258e+02
  3.010665e+00,  2.146076e+02
  4.102081e+00,  2.165889e+02
  4.817400e+00,  2.181609e+02
  5.117937e+00,  2.191490e+02
  5.006158e+00,  2.192208e+02
  4.529887e+00,  2.176927e+02
  3.789935e+00,  2.130511e+02
  2.966276e+00,  2.019914e+02
  2.394955e+00,  1.794844e+02
  2.507815e+00,  1.504230e+02
  3.255526e+00,  1.314127e+02
  4.236898e+00,  1.232752e+02
  5.204612e+00,  1.209078e+02
  6.044643e+00,  1.213784e+02
  6.698802e+00,  1.232084e+02
  7.131609e+00,  1.255237e+02
  7.317073e+00,  1.276850e+02
  7.236216e+00,  1.291144e+02
  6.883606e+00,  1.291676e+02
  6.282876e+00,  1.269628e+02
  5.513605e+00,  1.211194e+02
  4.755018e+00,  1.096044e+02
  4.323803e+00,  9.112855e+01
  4.540687e+00,  6.962183e+01
  5.383324e+00,  5.241963e+01
  6.528100e+00,  4.145314e+01
  7.662414e+00,  3.485967e+01
  8.572175e+00,  3.081153e+01
  9.121534e+00,  2.817426e+01
  9.235385e+00,  2.626511e+01
  8.892694e+00,  2.461647e+01
  8.124503e+00,  2.280224e+01
  7.007345e+00,  2.028829e+01
  5.658253e+00,  1.617263e+01
  4.236585e+00,  8.585605e+00
  2.971820e+00,  3.533571e+02
  2.234682e+00,  3.247600e+02
  2.318198e+00,  2.925228e+02
  2.849676e+00,  2.737825e+02
  3.362445e+00,  2.655260e+02
  3.673434e+00,  2.624174e+02
  3.742212e+00,  2.618447e+02
  3.586637e+00,  2.624087e+02
  3.250697e+00,  2.629691e+02
  2.791931e+00,  2.620294e+02
  2.287148e+00,  2.570089e+02
  1.872480e+00,  2.436641e+02
  1.795873e+00,  2.207160e+02
  2.232084e+00,  1.998308e+02
  3.047260e+00,  1.888616e+02
  4.047131e+00,  1.845909e+02
  5.100944e+00,  1.835617e+02
  6.109576e+00,  1.839918e+02
  6.986460e+00,  1.850067e+02
  7.656126e+00,  1.861373e+02
  8.059656e+00,  1.870832e+02
  8.162679e+00,  1.875891e+02
  7.956703e+00,  1.873726e+02
  7.461328e+00,  1.860570e+02
  6.727482e+00,  1.830790e+02
  5.842878e+00,  1.775567e+02
  4.942083e+00,  1.681752e+02
  4.215831e+00,  1.535561e+02
  3.873875e+00,  1.342431e+02
  3.992938e+00,  1.146340e+02
  4.417186e+00,  9.897534e+01
  4.909990e+00,  8.757731e+01
  5.300632e+00,  7.885853e+01
  5.504065e+00,  7.123650e+01
  5.505085e+00,  6.343621e+01
  5.348633e+00,  5.438258e+01
  5.135335e+00,  4.322854e+01
  5.006977e+00,  2.976301e+01
  5.097629e+00,  1.503746e+01
  5.456330e+00,  1.130414e+00
  6.015622e+00,  3.496816e+02
  6.641626e+00,  3.410606e+02
  7.198006e+00,  3.348367e+02
  7.577169e+00,  3.304048e+02
  7.707884e+00,  3.272539e+02
  7.555415e+00,  3.250150e+02
  7.120765e+00,  3.234520e+02
  6.435295e+00,  3.224313e+02
  5.555481e+00,  3.219145e+02
  4.556864e+00,  3.219887e+02
  3.526914e+00,  3.229634e+02
  2.558057e+00,  3.256258e+02
  1.743771e+00,  3.318071e+02
  1.181043e+00,  3.447248e+02
  9.505069e-01,  3.529563e+00
  1.008917e+00,  1.518587e+01
  1.236194e+00,  1.402671e+01
  1.596860e+00,  6.158904e+00
  2.083291e+00,  3.571903e+02
  2.653007e+00,  3.492998e+02
  3.234900e+00,  3.426482e+02
  3.751262e+00,  3.367794e+02
  4.134120e+00,  3.311587e+02
  4.336363e+00,  3.252658e+02
  4.339715e+00,  3.185543e+02
  4.160309e+00,  3.103841e+02
  3.851858e+00,  2.999842e+02
  3.504312e+00,  2.865827e+02
  3.228536e+00,  2.699792e+02
  3.110348e+00,  2.514573e+02
  3.148799e+00,  2.335331e+02
  3.252437e+00,  2.179627e+02
  3.303066e+00,  2.047855e+02
  3.210835e+00,  1.929848e+02
  2.934888e+00,  1.810346e+02
  2.492170e+00,  1.666401e+02
  1.982656e+00,  1.456073e+02
  1.660038e+00,  1.122520e+02
  1.861971e+00,  7.380533e+01
  2.522821e+00,  4.705363e+01
  3.341262e+00,  3.050304e+01
  4.135689e+00,  1.881856e+01
  4.818324e+00,  9.251222e+00
  5.351828e+00,  5.023411e-01
  5.732617e+00,  3.519268e+02
  5.979865e+00,  3.432350e+02
  6.122750e+00,  3.343890e+02
  6.186079e+00,  3.255456e+02
  6.178547e+00,  3.169838e+02
  6.088589e+00,  3.090101e+02
  5.889483e+00,  3.018819e+02
  5.550530e+00,  2.957851e+02
  5.049046e+00,  2.908736e+02
  4.379396e+00,  2.873730e+02
  3.558472e+00,  2.858055e+02
  2.631467e+00,  2.876376e+02
  1.696294e+00,  2.978054e+02
  1.052058e+00,  3.331068e+02
  1.313055e+00,  2.211014e+01
  2.089982e+00,  4.010782e+01
  2.888699e+00,  4.466467e+01
  3.584493e+00,  4.452825e+01
  4.145617e+00,  4.213536e+01
  4.574178e+00,  3.834733e+01
  4.890442e+00,  3.358989e+01
  5.121578e+00,  2.819728e+01
  5.289976e+00,  2.252572e+01
  5.403157e+00,  1.695809e+01
  5.449045e+00,  1.185340e+01
  5.398656e+00,  7.498081e+00
  5.214746e+00,  4.104800e+00
  4.862918e+00,  1.874922e+00
  4.322343e+00,  1.139599e+00
  3.596115e+00,  2.674831e+00
  2.727872e+00,  8.612490e+00
  1.860325e+00,  2.553682e+01
  1.459758e+00,  6.594229e+01
  2.035814e+00,  1.037018e+02
  3.081643e+00,  1.185852e+02
  4.173052e+00,  1.234738e+02
  5.150061e+00,  1.241393e+02
  5.935178e+00,  1.223995e+02
  6.493486e+00,  1.188500e+02
  6.827523e+00,  1.136525e+02
  6.975640e+00,  1.068251e+02
  7.004288e+00,  9.842616e+01
  6.989249e+00,  8.871318e+01
  6.986438e+00,  7.822227e+01
  7.004177e+00,  6.765764e+01
  6.995640e+00,  5.762154e+01
  6.878004e+00,  4.839189e+01
  6.565072e+00,  3.987568e+01
  5.996406e+00,  3.164566e+01
  5.156817e+00,  2.287291e+01
  4.091708e+00,  1.188595e+01
  2.941038e+00,  3.546186e+02
  2.071548e+00,  3.215255e+02
  2.148894e+00,  2.755084e+02
  3.020943e+00,  2.468747e+02
  3.993747e+00,  2.325775e+02
  4.740303e+00,  2.241442e+02
  5.122303e+00,  2.182163e+02
  5.084686e+00,  2.133637e+02
  4.631926e+00,  2.087352e+02
  3.820415e+00,  2.034499e+02
  2.755264e+00,  1.957676e+02
  1.607760e+00,  1.796720e+02
  8.404022e-01,  1.262605e+02
  1.314205e+00,  6.507890e+01
  2.075085e+00,  4.645679e+01
  2.585061e+00,  3.792366e+01
  2.737821e+00,  3.185404e+01
  2.521724e+00,  2.578156e+01
  1.987574e+00,  1.732863e+01
  1.264388e+00,  3.598338e+02
  7.655916e-01,  3.068172e+02
  1.227375e+00,  2.501910e+02
  1.995250e+00,  2.310870e+02
  2.619183e+00,  2.216517e+02
  2.967754e+00,  2.142658e+02
  2.999331e+00,  2.060271e+02
  2.756205e+00,  1.941309e+02
  2.417725e+00,  1.743613e+02
  2.377745e+00,  1.447760e+02
  2.987467e+00,  1.168281e+02
  4.104426e+00,  9.980119e+01
  5.423579e+00,  9.069934e+01
  6.734135e+00,  8.583359e+01
  7.897388e+00,  8.324789e+01
  8.817030e+00,  8.192759e+01
  9.428399e+00,  8.126734e+01
  9.696038e+00,  8.082073e+01
  9.610184e+00,  8.018851e+01
  9.186869e+00,  7.894229e+01
  8.471224e+00,  7.654974e+01
  7.543771e+00,  7.228485e+01
  6.529696e+00,  6.515093e+01
  5.606243e+00,  5.402880e+01
  4.980932e+00,  3.864621e+01
  4.784464e+00,  2.125633e+01
  4.932185e+00,  5.721867e+00
  5.170962e+00,  3.539186e+02
  5.250860e+00,  3.453027e+02
  5.008700e+00,  3.385508e+02
  4.373980e+00,  3.321964e+02
  3.364177e+00,  3.240117e+02
  2.117659e+00,  3.073817e+02
  1.263347e+00,  2.545208e+02
  2.118149e+00,  1.979769e+02
  3.600466e+00,  1.810994e+02
  4.966686e+00,  1.746686e+02
  5.984510e+00,  1.716062e+02
  6.524270e+00,  1.701169e+02
  6.520736e+00,  1.696297e+02
  5.972757e+00,  1.700501e+02
  4.944167e+00,  1.717109e+02
  3.563853e+00,  1.759319e+02
  2.042790e+00,  1.883324e+02
  9.881809e-01,  2.419637e+02
  1.696164e+00,  3.036870e+02
  2.755276e+00,  3.177205e+02
  3.459492e+00,  3.215602e+02
  3.672942e+00,  3.217969e+02
  3.379045e+00,  3.192620e+02
  2.652737e+00,  3.123030e+02
  1.709121e+00,  2.931306e+02
  1.249684e+00,  2.398065e+02
  2.010133e+00,  1.956790e+02
  3.065854e+00,  1.803878e+02
  3.877717e+00,  1.736166e+02
  4.239554e+00,  1.695809e+02
  4.050891e+00,  1.663482e+02
  3.290074e+00,  1.625232e+02
  2.019660e+00,  1.544835e+02
  6.325183e-01,  9.872839e+01
  1.911221e+00,  8.674597e+00
  3.953288e+00,  3.585445e+02
  5.923615e+00,  3.551514e+02
  7.614915e+00,  3.533751e+02
  8.875784e+00,  3.521552e+02
  9.608129e+00,  3.510656e+02
  9.775128e+00,  3.498067e+02
  9.403903e+00,  3.480371e+02
  8.584164e+00,  3.452488e+02
  7.465879e+00,  3.406109e+02
  6.261403e+00,  3.328007e+02
  5.251373e+00,  3.202579e+02
  4.742199e+00,  3.032408e+02
  4.866553e+00,  2.864841e+02
  5.432103e+00,  2.749996e+02
  6.132635e+00,  2.692924e+02
  6.749534e+00,  2.677445e+02
  7.159093e+00,  2.688951e+02
  7.293054e+00,  2.718207e+02
  7.115775e+00,  2.760315e+02
  6.619116e+00,  2.813977e+02
  5.827956e+00,  2.881888e+02
  4.811885e+00,  2.973039e+02
  3.705938e+00,  3.108885e+02
  2.755570e+00,  3.331941e+02
  2.336466e+00,  6.233318e+00
  2.567245e+00,  3.678403e+01
  3.011386e+00,  5.518462e+01
  3.260945e+00,  6.494031e+01
  3.125181e+00,  6.920335e+01
  2.554975e+00,  6.791039e+01
  1.654862e+00,  5.403795e+01
  1.155550e+00,  3.569034e+02
  2.258004e+00,  3.113100e+02
  3.908146e+00,  2.997643e+02
  5.541112e+00,  2.961312e+02
  6.922254e+00,  2.949217e+02
  7.887300e+00,  2.946622e+02
  8.326186e+00,  2.947887e+02
  8.189525e+00,  2.949916e+02
  7.493479e+00,  2.949903e+02
  6.319103e+00,  2.943502e+02
  4.807555e+00,  2.920848e+02
  3.163170e+00,  2.851991e+02
  1.745128e+00,  2.617799e+02
  1.483218e+00,  2.057652e+02
  2.334247e+00,  1.785222e+02
  3.168871e+00,  1.745591e+02
  3.729263e+00,  1.792756e+02
  4.067499e+00,  1.894376e+02
  4.359583e+00,  2.036872e+02
  4.798892e+00,  2.197620e+02
  5.457574e+00,  2.347017e+02
  6.236477e+00,  2.467505e+02
  6.945102e+00,  2.557968e+02
  7.394794e+00,  2.624193e+02
  7.446291e+00,  2.671795e+02
  7.027168e+00,  2.704064e+02
  6.137192e+00,  2.721013e+02
  4.847629e+00,  2.716706e+02
  3.304598e+00,  2.667608e+02
  1.803949e+00,  2.466995e+02
  1.370053e+00,  1.836857e+02
  2.406995e+00,  1.487060e+02
  3.490281e+00,  1.402115e+02
  4.199066e+00,  1.384671e+02
  4.419483e+00,  1.393424e+02
  4.127296e+00,  1.417766e+02
  3.356603e+00,  1.456950e+02
  2.187361e+00,  1.523061e+02
  7.663838e-01,  1.746787e+02
  1.054685e+00,  3.105434e+02
  2.747054e+00,  3.274777e+02
  4.426100e+00,  3.350642e+02
  5.968398e+00,  3.411780e+02
  7.286809e+00,  3.468140e+02
  8.309798e+00,  3.521791e+02
  8.978281e+00,  3.572803e+02
  9.245313e+00,  2.049519e+00
  9.078565e+00,  6.374938e+00
  8.466287e+00,  1.009441e+01
  7.426479e+00,  1.293678e+01
  6.013248e+00,  1.434970e+01
  4.327364e+00,  1.287652e+01
  2.554524e+00,  3.038806e+00
  1.312954e+00,  3.168582e+02
  2.048053e+00,  2.576667e+02
  3.389029e+00,  2.430168e+02
  4.434031e+00,  2.390552e+02
  4.976552e+00,  2.379155e+02
  4.936875e+00,  2.375344e+02
  4.309322e+00,  2.367561e+02
  3.160205e+00,  2.336199e+02
  1.673931e+00,  2.190326e+02
  1.066461e+00,  1.354322e+02
  2.733629e+00,  9.764755e+01
  4.660163e+00,  9.246678e+01
  6.424522e+00,  9.289415e+01
  7.875161e+00,  9.545031e+01
  8.928398e+00,  9.928271e+01
  9.555467e+00,  1.041055e+02
  9.775204e+00,  1.097859e+02
  9.640919e+00,  1.162034e+02
  9.221808e+00,  1.231754e+02
  8.582996e+00,  1.304087e+02
  7.770683e+00,  1.374731e+02
  6.808959e+00,  1.437795e+02
  5.711526e+00,  1.484932e+02
  4.507603e+00,  1.501907e+02
  3.287402e+00,  1.457368e+02
  2.310718e+00,  1.278601e+02
  2.127911e+00,  9.441809e+01
  2.807267e+00,  7.136343e+01
  3.706302e+00,  6.383064e+01
  4.443520e+00,  6.392532e+01
  4.872694e+00,  6.825607e+01
  4.964998e+00,  7.603328e+01
  4.789180e+00,  8.764566e+01
  4.515099e+00,  1.039100e+02
  4.388711e+00,  1.246652e+02
  4.605978e+00,  1.470264e+02
  5.149113e+00,  1.670785e+02
  5.823423e+00,  1.834629e+02
  6.422167e+00,  1.970404e+02
  6.811172e+00,  2.091310e+02
  6.940053e+00,  2.208490e+02
  6.823628e+00,  2.330342e+02
  6.407013e+00,  2.460158e+02
  4.419602e+00,  2.562407e+02
##END=
