##TITLE= E:\桌面\nmr\ogm\sjd\matlabcod\1\4_10_xjhsjd
##JCAMP-DX= 5.00 Bruker JCAMP library
##DATA TYPE= Shape Data
##ORIGIN= Colm's GRAPE Pulses 
##OWNER= Dawei.Lu
##DATE= 02-Aug-2025
##TIME= 11:50
##MINX= 6.813136e-02
##MAXX= 1.146600e+01
##MINY= 1.003722e-01
##MAXY= 3.599728e+02
##$SHAPE_EXMODE= None
##$SHAPE_TOTROT= 9.000000e+01
##$SHAPE_BWFAC= 1.000000e+00
##$SHAPE_INTEGFAC= 1.000000e+00
##$SHAPE_MODE= 1
##PULSE_WIDTH= 5000
##Calibration_Power= 12500
##NPOINTS= 1000
##XYPOINTS= (XY..XY)
  2.713470e+00,  2.240622e+02
  3.920034e+00,  2.069772e+02
  5.369177e+00,  1.894818e+02
  5.080832e+00,  1.705250e+02
  4.725746e+00,  1.491901e+02
  4.536610e+00,  1.257236e+02
  4.618254e+00,  1.014701e+02
  4.993613e+00,  7.872161e+01
  5.584135e+00,  5.912175e+01
  6.253725e+00,  4.289160e+01
  6.863101e+00,  2.944631e+01
  7.295725e+00,  1.805960e+01
  7.465666e+00,  8.106086e+00
  7.320674e+00,  3.590713e+02
  6.844662e+00,  3.504868e+02
  6.059513e+00,  3.418304e+02
  5.025461e+00,  3.323470e+02
  3.841527e+00,  3.206202e+02
  2.656304e+00,  3.033062e+02
  1.730925e+00,  2.720551e+02
  1.512030e+00,  2.235111e+02
  1.939469e+00,  1.871708e+02
  2.435119e+00,  1.663156e+02
  2.750863e+00,  1.510582e+02
  2.851532e+00,  1.366299e+02
  2.801559e+00,  1.204712e+02
  2.735124e+00,  1.012496e+02
  2.809833e+00,  7.993216e+01
  3.105016e+00,  5.999116e+01
  3.564085e+00,  4.414376e+01
  4.062547e+00,  3.250649e+01
  4.487269e+00,  2.398188e+01
  4.762311e+00,  1.743130e+01
  4.848832e+00,  1.191051e+01
  4.740557e+00,  6.562535e+00
  4.461291e+00,  4.434829e-01
  4.067938e+00,  3.523472e+02
  3.662130e+00,  3.407759e+02
  3.402624e+00,  3.246851e+02
  3.467807e+00,  3.056420e+02
  3.925988e+00,  2.880893e+02
  4.675409e+00,  2.748422e+02
  5.546293e+00,  2.655292e+02
  6.383148e+00,  2.587718e+02
  7.059322e+00,  2.534044e+02
  7.475774e+00,  2.485991e+02
  7.564263e+00,  2.437229e+02
  7.295134e+00,  2.381760e+02
  6.687276e+00,  2.312180e+02
  5.820117e+00,  2.217293e+02
  4.851476e+00,  2.079059e+02
  4.041138e+00,  1.874895e+02
  3.706929e+00,  1.609475e+02
  3.947169e+00,  1.351267e+02
  4.484438e+00,  1.153600e+02
  4.978668e+00,  1.006759e+02
  5.227317e+00,  8.847721e+01
  5.162162e+00,  7.658793e+01
  4.828945e+00,  6.308095e+01
  4.385864e+00,  4.606608e+01
  4.088775e+00,  2.467012e+01
  4.168027e+00,  1.534108e+00
  4.610256e+00,  3.416931e+02
  5.168676e+00,  3.272571e+02
  5.571068e+00,  3.173509e+02
  5.623038e+00,  3.106601e+02
  5.217689e+00,  3.063914e+02
  4.329196e+00,  3.045045e+02
  3.013113e+00,  3.066497e+02
  1.472627e+00,  3.245417e+02
  1.207756e+00,  5.367134e+01
  2.914887e+00,  8.218275e+01
  4.712997e+00,  8.663173e+01
  6.261443e+00,  8.659073e+01
  7.411394e+00,  8.475123e+01
  8.080406e+00,  8.167868e+01
  8.250895e+00,  7.735639e+01
  7.976044e+00,  7.145370e+01
  7.379661e+00,  6.340046e+01
  6.650114e+00,  5.251315e+01
  6.013934e+00,  3.849631e+01
  5.658847e+00,  2.242735e+01
  5.617442e+00,  6.935390e+00
  5.740003e+00,  3.543410e+02
  5.810499e+00,  3.452594e+02
  5.660802e+00,  3.392118e+02
  5.205770e+00,  3.355241e+02
  4.434927e+00,  3.336862e+02
  3.393569e+00,  3.334302e+02
  2.163177e+00,  3.348800e+02
  8.445059e-01,  3.404918e+02
  4.854181e-01,  1.444746e+02
  1.697259e+00,  1.562163e+02
  2.755487e+00,  1.616941e+02
  3.614973e+00,  1.672006e+02
  4.259102e+00,  1.732154e+02
  4.688774e+00,  1.797809e+02
  4.913796e+00,  1.868285e+02
  4.946018e+00,  1.942674e+02
  4.797093e+00,  2.020490e+02
  4.481779e+00,  2.102299e+02
  4.025512e+00,  2.190315e+02
  3.473160e+00,  2.288821e+02
  2.890485e+00,  2.403856e+02
  2.357070e+00,  2.540124e+02
  1.940861e+00,  2.690741e+02
  1.653836e+00,  2.823141e+02
  1.444315e+00,  2.881731e+02
  1.302282e+00,  2.804055e+02
  1.421314e+00,  2.582255e+02
  2.040917e+00,  2.376693e+02
  3.095008e+00,  2.271033e+02
  4.404982e+00,  2.224626e+02
  5.808048e+00,  2.204692e+02
  7.149205e+00,  2.196377e+02
  8.280308e+00,  2.192965e+02
  9.070171e+00,  2.191045e+02
  9.417632e+00,  2.188468e+02
  9.263561e+00,  2.183355e+02
  8.599752e+00,  2.173355e+02
  7.473724e+00,  2.154571e+02
  5.990263e+00,  2.119074e+02
  4.316270e+00,  2.047232e+02
  2.723243e+00,  1.879662e+02
  1.806252e+00,  1.471808e+02
  2.180544e+00,  1.026451e+02
  2.970860e+00,  8.321412e+01
  3.483054e+00,  7.466844e+01
  3.526150e+00,  6.979334e+01
  3.071692e+00,  6.578338e+01
  2.178938e+00,  5.987459e+01
  1.021134e+00,  3.955215e+01
  8.848014e-01,  2.985071e+02
  2.256682e+00,  2.720713e+02
  3.639496e+00,  2.674763e+02
  4.791972e+00,  2.670496e+02
  5.598935e+00,  2.685008e+02
  6.002831e+00,  2.713528e+02
  6.002884e+00,  2.756337e+02
  5.653834e+00,  2.816431e+02
  5.059285e+00,  2.899054e+02
  4.357786e+00,  3.010918e+02
  3.696290e+00,  3.156691e+02
  3.181127e+00,  3.330937e+02
  2.817626e+00,  3.513633e+02
  2.504546e+00,  8.394764e+00
  2.113990e+00,  2.393752e+01
  1.575956e+00,  4.047026e+01
  9.406860e-01,  6.797647e+01
  6.875189e-01,  1.385527e+02
  1.317464e+00,  1.863619e+02
  2.109296e+00,  2.031068e+02
  2.765056e+00,  2.123421e+02
  3.162274e+00,  2.190925e+02
  3.231019e+00,  2.249537e+02
  2.945585e+00,  2.308081e+02
  2.324418e+00,  2.377090e+02
  1.431858e+00,  2.488157e+02
  4.800668e-01,  2.953905e+02
  1.058846e+00,  3.927386e+01
  2.251309e+00,  5.697334e+01
  3.400636e+00,  6.651645e+01
  4.423418e+00,  7.472151e+01
  5.288262e+00,  8.282042e+01
  5.995720e+00,  9.109594e+01
  6.563899e+00,  9.945929e+01
  7.009054e+00,  1.075996e+02
  7.327703e+00,  1.150881e+02
  7.489545e+00,  1.214756e+02
  7.445803e+00,  1.263390e+02
  7.150073e+00,  1.292364e+02
  6.585503e+00,  1.295553e+02
  5.795715e+00,  1.262370e+02
  4.924576e+00,  1.174453e+02
  4.262240e+00,  1.011122e+02
  4.178748e+00,  7.915039e+01
  4.756281e+00,  5.968585e+01
  5.663297e+00,  4.699792e+01
  6.520509e+00,  3.955261e+01
  7.072022e+00,  3.515785e+01
  7.169837e+00,  3.238429e+01
  6.749258e+00,  3.030354e+01
  5.817742e+00,  2.807235e+01
  4.451173e+00,  2.428249e+01
  2.812055e+00,  1.450044e+01
  1.408475e+00,  3.349831e+02
  2.005569e+00,  2.663854e+02
  3.684746e+00,  2.486328e+02
  5.299694e+00,  2.448019e+02
  6.621902e+00,  2.450518e+02
  7.566025e+00,  2.472442e+02
  8.107369e+00,  2.506906e+02
  8.264854e+00,  2.550933e+02
  8.087781e+00,  2.602603e+02
  7.640611e+00,  2.659884e+02
  6.987496e+00,  2.719965e+02
  6.180685e+00,  2.778778e+02
  5.257253e+00,  2.830442e+02
  4.246708e+00,  2.865819e+02
  3.190329e+00,  2.867643e+02
  2.180977e+00,  2.793832e+02
  1.474997e+00,  2.544319e+02
  1.515464e+00,  2.165534e+02
  2.069570e+00,  1.972285e+02
  2.600468e+00,  1.920413e+02
  2.881097e+00,  1.931978e+02
  2.832103e+00,  1.986548e+02
  2.466535e+00,  2.096538e+02
  1.943433e+00,  2.318689e+02
  1.762786e+00,  2.727425e+02
  2.454019e+00,  3.108442e+02
  3.681863e+00,  3.312222e+02
  5.026770e+00,  3.427901e+02
  6.263337e+00,  3.507857e+02
  7.252261e+00,  3.572734e+02
  7.909136e+00,  3.191945e+00
  8.200934e+00,  9.057976e+00
  8.144345e+00,  1.519942e+01
  7.798470e+00,  2.181756e+01
  7.249704e+00,  2.896129e+01
  6.589613e+00,  3.644005e+01
  5.890919e+00,  4.371006e+01
  5.192450e+00,  4.979074e+01
  4.506858e+00,  5.322783e+01
  3.858931e+00,  5.203593e+01
  3.348336e+00,  4.391254e+01
  3.184881e+00,  2.863319e+01
  3.537837e+00,  1.207329e+01
  4.301448e+00,  6.431505e-01
  5.211125e+00,  3.547712e+02
  6.032271e+00,  3.526268e+02
  6.595269e+00,  3.528711e+02
  6.789494e+00,  3.548878e+02
  6.563532e+00,  3.586137e+02
  5.931704e+00,  4.543774e+00
  4.988432e+00,  1.406483e+01
  3.947631e+00,  3.026493e+01
  3.229739e+00,  5.747791e+01
  3.344934e+00,  9.070075e+01
  4.194879e+00,  1.149424e+02
  5.241276e+00,  1.289860e+02
  6.121881e+00,  1.372367e+02
  6.656209e+00,  1.422202e+02
  6.767240e+00,  1.449540e+02
  6.452465e+00,  1.456103e+02
  5.777520e+00,  1.436685e+02
  4.884674e+00,  1.376965e+02
  4.024832e+00,  1.251161e+02
  3.583290e+00,  1.044899e+02
  3.857805e+00,  8.247056e+01
  4.679751e+00,  6.784122e+01
  5.673960e+00,  6.065151e+01
  6.582419e+00,  5.802764e+01
  7.262946e+00,  5.797798e+01
  7.637972e+00,  5.937031e+01
  7.667518e+00,  6.151530e+01
  7.337276e+00,  6.391336e+01
  6.654194e+00,  6.609199e+01
  5.646898e+00,  6.741618e+01
  4.371967e+00,  6.663150e+01
  2.939837e+00,  6.010445e+01
  1.677905e+00,  3.310002e+01
  1.743410e+00,  3.338988e+02
  3.056707e+00,  3.089715e+02
  4.500576e+00,  3.025863e+02
  5.753426e+00,  3.013744e+02
  6.685211e+00,  3.020773e+02
  7.224001e+00,  3.036258e+02
  7.339791e+00,  3.055487e+02
  7.041660e+00,  3.075489e+02
  6.374595e+00,  3.093206e+02
  5.414488e+00,  3.103729e+02
  4.264016e+00,  3.096715e+02
  3.059847e+00,  3.046101e+02
  2.033249e+00,  2.880714e+02
  1.676658e+00,  2.522695e+02
  2.220205e+00,  2.241367e+02
  3.092492e+00,  2.150766e+02
  3.954179e+00,  2.146559e+02
  4.701600e+00,  2.178460e+02
  5.292780e+00,  2.226408e+02
  5.697121e+00,  2.280703e+02
  5.882908e+00,  2.335853e+02
  5.819070e+00,  2.388419e+02
  5.483344e+00,  2.435847e+02
  4.871593e+00,  2.475261e+02
  4.005235e+00,  2.501196e+02
  2.938423e+00,  2.498723e+02
  1.786592e+00,  2.410951e+02
  9.909756e-01,  1.968987e+02
  1.584706e+00,  1.429792e+02
  2.720966e+00,  1.310205e+02
  3.811864e+00,  1.300912e+02
  4.725679e+00,  1.325726e+02
  5.405177e+00,  1.365675e+02
  5.822416e+00,  1.413912e+02
  5.968783e+00,  1.467084e+02
  5.849589e+00,  1.523001e+02
  5.480272e+00,  1.579824e+02
  4.884517e+00,  1.635678e+02
  4.094510e+00,  1.688182e+02
  3.153192e+00,  1.733164e+02
  2.118612e+00,  1.759381e+02
  1.075036e+00,  1.713458e+02
  3.989390e-01,  1.028759e+02
  1.058217e+00,  4.827724e+01
  1.789292e+00,  4.663499e+01
  2.329473e+00,  5.237889e+01
  2.658497e+00,  6.181722e+01
  2.822091e+00,  7.485637e+01
  2.934792e+00,  9.173368e+01
  3.157430e+00,  1.112916e+02
  3.606924e+00,  1.303643e+02
  4.268790e+00,  1.461213e+02
  5.024324e+00,  1.579308e+02
  5.729178e+00,  1.664415e+02
  6.258674e+00,  1.724189e+02
  6.524810e+00,  1.763505e+02
  6.484224e+00,  1.783944e+02
  6.144131e+00,  1.783630e+02
  5.568795e+00,  1.756540e+02
  4.889205e+00,  1.691863e+02
  4.311823e+00,  1.578066e+02
  4.080856e+00,  1.422520e+02
  4.318562e+00,  1.270011e+02
  4.904638e+00,  1.164021e+02
  5.615718e+00,  1.110131e+02
  6.279889e+00,  1.095555e+02
  6.799754e+00,  1.108017e+02
  7.129758e+00,  1.139125e+02
  7.254117e+00,  1.183302e+02
  7.171088e+00,  1.236696e+02
  6.883637e+00,  1.296715e+02
  6.396882e+00,  1.362085e+02
  5.721970e+00,  1.433382e+02
  4.885010e+00,  1.514259e+02
  3.939824e+00,  1.614217e+02
  2.987305e+00,  1.754841e+02
  2.211310e+00,  1.976821e+02
  1.882875e+00,  2.292744e+02
  2.058908e+00,  2.571555e+02
  2.407436e+00,  2.723479e+02
  2.652110e+00,  2.777251e+02
  2.708017e+00,  2.756515e+02
  2.640993e+00,  2.661522e+02
  2.654559e+00,  2.493547e+02
  2.985986e+00,  2.297992e+02
  3.670270e+00,  2.142163e+02
  4.526319e+00,  2.044136e+02
  5.335346e+00,  1.989694e+02
  5.922527e+00,  1.964834e+02
  6.171360e+00,  1.962486e+02
  6.031691e+00,  1.981825e+02
  5.527396e+00,  2.028207e+02
  4.772829e+00,  2.115401e+02
  4.004674e+00,  2.267001e+02
  3.591735e+00,  2.494009e+02
  3.804976e+00,  2.734211e+02
  4.464379e+00,  2.905803e+02
  5.178110e+00,  3.004316e+02
  5.665444e+00,  3.053819e+02
  5.783237e+00,  3.070245e+02
  5.491819e+00,  3.059494e+02
  4.836712e+00,  3.019218e+02
  3.942923e+00,  2.937099e+02
  3.022524e+00,  2.785581e+02
  2.383237e+00,  2.532620e+02
  2.262928e+00,  2.228861e+02
  2.458301e+00,  1.993895e+02
  2.563795e+00,  1.836496e+02
  2.346489e+00,  1.708475e+02
  1.761329e+00,  1.544529e+02
  1.067747e+00,  1.137164e+02
  1.474033e+00,  4.410457e+01
  2.883219e+00,  1.860082e+01
  4.482949e+00,  8.829807e+00
  5.997222e+00,  3.543771e+00
  7.256449e+00,  1.003722e-01
  8.140921e+00,  3.575863e+02
  8.582757e+00,  3.555752e+02
  8.570597e+00,  3.538013e+02
  8.148604e+00,  3.520316e+02
  7.408837e+00,  3.499816e+02
  6.478592e+00,  3.472305e+02
  5.506117e+00,  3.431345e+02
  4.648041e+00,  3.368560e+02
  4.055635e+00,  3.278761e+02
  3.841419e+00,  3.172019e+02
  4.023160e+00,  3.075324e+02
  4.515664e+00,  3.008329e+02
  5.190616e+00,  2.969853e+02
  5.918057e+00,  2.949243e+02
  6.572116e+00,  2.936808e+02
  7.033742e+00,  2.926240e+02
  7.201067e+00,  2.913785e+02
  7.003091e+00,  2.897003e+02
  6.411449e+00,  2.873725e+02
  5.447228e+00,  2.840932e+02
  4.181727e+00,  2.792502e+02
  2.733419e+00,  2.710793e+02
  1.288666e+00,  2.506879e+02
  7.172565e-01,  1.567488e+02
  1.713130e+00,  1.094930e+02
  2.642418e+00,  9.276424e+01
  3.312338e+00,  7.844493e+01
  3.789367e+00,  6.263746e+01
  4.236016e+00,  4.485294e+01
  4.820781e+00,  2.660784e+01
  5.597248e+00,  1.013061e+01
  6.464536e+00,  3.565945e+02
  7.233649e+00,  3.458957e+02
  7.706792e+00,  3.374311e+02
  7.724418e+00,  3.306277e+02
  7.188401e+00,  3.251180e+02
  6.072542e+00,  3.208320e+02
  4.425721e+00,  3.183620e+02
  2.381925e+00,  3.216631e+02
  7.179220e-01,  3.722833e+01
  2.652029e+00,  9.900183e+01
  4.959192e+00,  1.011437e+02
  7.017746e+00,  9.800343e+01
  8.672459e+00,  9.298036e+01
  9.845397e+00,  8.665545e+01
  1.053029e+01,  7.910029e+01
  1.078687e+01,  7.027185e+01
  1.072181e+01,  6.017004e+01
  1.045639e+01,  4.894941e+01
  1.008849e+01,  3.698246e+01
  9.655117e+00,  2.481101e+01
  9.124694e+00,  1.295883e+01
  8.424054e+00,  1.726937e+00
  7.482267e+00,  3.510803e+02
  6.268838e+00,  3.405754e+02
  4.816978e+00,  3.290764e+02
  3.244270e+00,  3.134169e+02
  1.856420e+00,  2.819651e+02
  1.588822e+00,  2.186003e+02
  2.527733e+00,  1.810952e+02
  3.502821e+00,  1.661113e+02
  4.136848e+00,  1.584047e+02
  4.335593e+00,  1.542627e+02
  4.108521e+00,  1.530562e+02
  3.547179e+00,  1.556705e+02
  2.837793e+00,  1.648110e+02
  2.303242e+00,  1.845322e+02
  2.311216e+00,  2.105567e+02
  2.800525e+00,  2.281947e+02
  3.387655e+00,  2.353606e+02
  3.821505e+00,  2.362562e+02
  4.000236e+00,  2.334804e+02
  3.906541e+00,  2.282432e+02
  3.571630e+00,  2.211723e+02
  3.050641e+00,  2.128086e+02
  2.393784e+00,  2.040866e+02
  1.628167e+00,  1.974284e+02
  7.888158e-01,  2.047507e+02
  6.505138e-01,  2.911387e+02
  1.796016e+00,  3.109115e+02
  3.222116e+00,  3.076933e+02
  4.775051e+00,  3.013367e+02
  6.337641e+00,  2.943157e+02
  7.773216e+00,  2.871213e+02
  8.940522e+00,  2.797783e+02
  9.715113e+00,  2.721428e+02
  1.000979e+01,  2.639651e+02
  9.791124e+00,  2.548726e+02
  9.091179e+00,  2.442940e+02
  8.016535e+00,  2.313023e+02
  6.760962e+00,  2.143724e+02
  5.627816e+00,  1.913896e+02
  5.015112e+00,  1.616320e+02
  5.179076e+00,  1.299648e+02
  5.941269e+00,  1.028166e+02
  6.934351e+00,  8.092190e+01
  7.920764e+00,  6.228886e+01
  8.812331e+00,  4.534125e+01
  9.600673e+00,  2.931871e+01
  1.029589e+01,  1.401513e+01
  1.088197e+01,  3.594885e+02
  1.130097e+01,  3.458185e+02
  1.146600e+01,  3.329668e+02
  1.129001e+01,  3.207383e+02
  1.071533e+01,  3.087851e+02
  9.735123e+00,  2.965876e+02
  8.405663e+00,  2.833534e+02
  6.854315e+00,  2.677483e+02
  5.296225e+00,  2.473477e+02
  4.076314e+00,  2.184292e+02
  3.631558e+00,  1.810182e+02
  4.021792e+00,  1.461891e+02
  4.769854e+00,  1.202133e+02
  5.478679e+00,  1.000557e+02
  5.995286e+00,  8.246619e+01
  6.308193e+00,  6.568269e+01
  6.472233e+00,  4.893880e+01
  6.556522e+00,  3.213067e+01
  6.603210e+00,  1.557652e+01
  6.606970e+00,  3.597112e+02
  6.524361e+00,  3.447970e+02
  6.303478e+00,  3.308004e+02
  5.913911e+00,  3.174291e+02
  5.364143e+00,  3.042242e+02
  4.703884e+00,  2.906536e+02
  4.014165e+00,  2.762507e+02
  3.385011e+00,  2.609597e+02
  2.881324e+00,  2.457534e+02
  2.514133e+00,  2.330333e+02
  2.258595e+00,  2.260122e+02
  2.130905e+00,  2.271717e+02
  2.241410e+00,  2.353929e+02
  2.692495e+00,  2.443133e+02
  3.433363e+00,  2.488676e+02
  4.314145e+00,  2.488767e+02
  5.184093e+00,  2.456644e+02
  5.923622e+00,  2.401891e+02
  6.452696e+00,  2.329171e+02
  6.735288e+00,  2.240036e+02
  6.779054e+00,  2.134459e+02
  6.626860e+00,  2.012033e+02
  6.338573e+00,  1.873017e+02
  5.966095e+00,  1.718873e+02
  5.532299e+00,  1.551441e+02
  5.029833e+00,  1.370096e+02
  4.450840e+00,  1.167174e+02
  3.849811e+00,  9.230581e+01
  3.434343e+00,  6.114029e+01
  3.564805e+00,  2.512087e+01
  4.392913e+00,  3.535033e+02
  5.669342e+00,  3.302745e+02
  7.068259e+00,  3.130272e+02
  8.339990e+00,  2.991346e+02
  9.304304e+00,  2.869474e+02
  9.843577e+00,  2.754036e+02
  9.908972e+00,  2.636808e+02
  9.529688e+00,  2.509855e+02
  8.819631e+00,  2.364332e+02
  7.976704e+00,  2.190820e+02
  7.258679e+00,  1.983795e+02
  6.898019e+00,  1.751445e+02
  6.959576e+00,  1.518057e+02
  7.294092e+00,  1.305109e+02
  7.672194e+00,  1.116163e+02
  7.928691e+00,  9.429024e+01
  8.010622e+00,  7.749220e+01
  7.963030e+00,  6.046063e+01
  7.884616e+00,  4.296218e+01
  7.862821e+00,  2.540518e+01
  7.911409e+00,  8.627684e+00
  7.951955e+00,  3.533805e+02
  7.851919e+00,  3.399490e+02
  7.484041e+00,  3.281586e+02
  6.770353e+00,  3.175491e+02
  5.701152e+00,  3.074626e+02
  4.336595e+00,  2.968156e+02
  2.805190e+00,  2.828812e+02
  1.361798e+00,  2.530190e+02
  1.056668e+00,  1.682650e+02
  2.043968e+00,  1.281193e+02
  2.916218e+00,  1.123448e+02
  3.417079e+00,  1.009491e+02
  3.519818e+00,  8.977992e+01
  3.291610e+00,  7.661089e+01
  2.888913e+00,  5.907330e+01
  2.557637e+00,  3.524943e+01
  2.538094e+00,  8.041246e+00
  2.827622e+00,  3.452536e+02
  3.196411e+00,  3.299258e+02
  3.435991e+00,  3.205186e+02
  3.445690e+00,  3.154587e+02
  3.221374e+00,  3.142449e+02
  2.840542e+00,  3.173557e+02
  2.449929e+00,  3.257019e+02
  2.222270e+00,  3.383898e+02
  2.233436e+00,  3.500453e+02
  2.389983e+00,  3.548625e+02
  2.572032e+00,  3.511903e+02
  2.779866e+00,  3.397255e+02
  3.143422e+00,  3.228465e+02
  3.801275e+00,  3.049768e+02
  4.753300e+00,  2.896893e+02
  5.861908e+00,  2.776626e+02
  6.938358e+00,  2.680762e+02
  7.800011e+00,  2.599617e+02
  8.298713e+00,  2.525398e+02
  8.339662e+00,  2.451579e+02
  7.895970e+00,  2.371409e+02
  7.019460e+00,  2.275782e+02
  5.850881e+00,  2.149750e+02
  4.638887e+00,  1.967712e+02
  3.760079e+00,  1.701014e+02
  3.564920e+00,  1.380815e+02
  3.928414e+00,  1.107801e+02
  4.374552e+00,  9.074533e+01
  4.571791e+00,  7.451181e+01
  4.416839e+00,  5.844605e+01
  4.003640e+00,  3.903007e+01
  3.641622e+00,  1.299950e+01
  3.779470e+00,  3.422878e+02
  4.562321e+00,  3.160720e+02
  5.670151e+00,  2.980498e+02
  6.724019e+00,  2.858449e+02
  7.462076e+00,  2.769887e+02
  7.729436e+00,  2.699934e+02
  7.460933e+00,  2.639627e+02
  6.671689e+00,  2.582323e+02
  5.447981e+00,  2.520688e+02
  3.936550e+00,  2.441144e+02
  2.344935e+00,  2.301301e+02
  1.090423e+00,  1.881643e+02
  1.321166e+00,  1.130031e+02
  2.179129e+00,  8.718800e+01
  2.738920e+00,  7.491089e+01
  2.879757e+00,  6.454728e+01
  2.651475e+00,  5.185789e+01
  2.240544e+00,  3.221895e+01
  2.021282e+00,  1.749526e+00
  2.349103e+00,  3.304401e+02
  3.064701e+00,  3.110132e+02
  3.814755e+00,  3.012001e+02
  4.384319e+00,  2.969387e+02
  4.677886e+00,  2.963431e+02
  4.685700e+00,  2.988189e+02
  4.469127e+00,  3.044078e+02
  4.144956e+00,  3.133157e+02
  3.850589e+00,  3.252143e+02
  3.677515e+00,  3.384941e+02
  3.607884e+00,  3.506774e+02
  3.530989e+00,  3.599728e+02
  3.323705e+00,  5.754846e+00
  2.914572e+00,  7.675458e+00
  2.312014e+00,  4.284213e+00
  1.639341e+00,  3.503171e+02
  1.263912e+00,  3.153305e+02
  1.600668e+00,  2.787970e+02
  2.281745e+00,  2.635535e+02
  2.912537e+00,  2.595658e+02
  3.350772e+00,  2.611118e+02
  3.575169e+00,  2.666379e+02
  3.651728e+00,  2.758977e+02
  3.713736e+00,  2.884868e+02
  3.901244e+00,  3.026730e+02
  4.263205e+00,  3.156384e+02
  4.719640e+00,  3.253501e+02
  5.125787e+00,  3.313068e+02
  5.351641e+00,  3.336876e+02
  5.327315e+00,  3.325249e+02
  5.069145e+00,  3.273373e+02
  4.703607e+00,  3.171531e+02
  4.474982e+00,  3.015284e+02
  4.649100e+00,  2.830120e+02
  5.284590e+00,  2.666925e+02
  6.181466e+00,  2.551652e+02
  7.073407e+00,  2.478562e+02
  7.748730e+00,  2.434787e+02
  8.068426e+00,  2.410617e+02
  7.959562e+00,  2.400036e+02
  7.407813e+00,  2.399543e+02
  6.449783e+00,  2.407284e+02
  5.163295e+00,  2.422723e+02
  3.655026e+00,  2.447156e+02
  2.046519e+00,  2.488320e+02
  4.719824e-01,  2.658368e+02
  1.033618e+00,  6.244117e+01
  2.295278e+00,  7.076080e+01
  3.306450e+00,  7.607297e+01
  4.039246e+00,  8.102516e+01
  4.490713e+00,  8.585042e+01
  4.672267e+00,  9.038785e+01
  4.602615e+00,  9.426269e+01
  4.305697e+00,  9.685346e+01
  3.817179e+00,  9.710832e+01
  3.205240e+00,  9.309115e+01
  2.618914e+00,  8.136530e+01
  2.352691e+00,  5.946313e+01
  2.678575e+00,  3.598465e+01
  3.458788e+00,  2.165885e+01
  4.381616e+00,  1.533368e+01
  5.233383e+00,  1.351090e+01
  5.884303e+00,  1.424194e+01
  6.256946e+00,  1.663163e+01
  6.315740e+00,  2.031034e+01
  6.062609e+00,  2.519351e+01
  5.531950e+00,  3.140104e+01
  4.783787e+00,  3.928359e+01
  3.896999e+00,  4.959057e+01
  2.967770e+00,  6.395619e+01
  2.127194e+00,  8.609179e+01
  1.602175e+00,  1.219529e+02
  1.655482e+00,  1.649685e+02
  2.146991e+00,  1.960837e+02
  2.761624e+00,  2.160641e+02
  3.343224e+00,  2.302733e+02
  3.816611e+00,  2.411948e+02
  4.127190e+00,  2.497709e+02
  4.227265e+00,  2.562759e+02
  4.080635e+00,  2.605597e+02
  3.676001e+00,  2.619101e+02
  3.052099e+00,  2.583791e+02
  2.363544e+00,  2.450241e+02
  2.044184e+00,  2.153782e+02
  2.592475e+00,  1.845583e+02
  3.747361e+00,  1.692511e+02
  5.078585e+00,  1.633832e+02
  6.354753e+00,  1.616651e+02
  7.437498e+00,  1.618646e+02
  8.232157e+00,  1.629720e+02
  8.675804e+00,  1.644260e+02
  8.734943e+00,  1.658123e+02
  8.405967e+00,  1.667077e+02
  7.717805e+00,  1.665410e+02
  6.739413e+00,  1.643777e+02
  5.600095e+00,  1.585194e+02
  4.539928e+00,  1.460515e+02
  3.972449e+00,  1.247559e+02
  4.271092e+00,  1.010184e+02
  5.264220e+00,  8.477051e+01
  6.493367e+00,  7.624436e+01
  7.627103e+00,  7.227175e+01
  8.466438e+00,  7.075036e+01
  8.890383e+00,  7.057216e+01
  8.834012e+00,  7.114244e+01
  8.282142e+00,  7.210963e+01
  7.266242e+00,  7.322044e+01
  5.859959e+00,  7.420489e+01
  4.172322e+00,  7.455089e+01
  2.341291e+00,  7.239233e+01
  5.946665e-01,  4.417660e+01
  1.309131e+00,  2.825134e+02
  2.719127e+00,  2.757408e+02
  3.772521e+00,  2.754878e+02
  4.383169e+00,  2.765687e+02
  4.522923e+00,  2.780646e+02
  4.210957e+00,  2.795438e+02
  3.509672e+00,  2.804431e+02
  2.520037e+00,  2.792579e+02
  1.397493e+00,  2.692669e+02
  7.144669e-01,  2.073808e+02
  1.534659e+00,  1.577585e+02
  2.628205e+00,  1.524166e+02
  3.622946e+00,  1.554941e+02
  4.472693e+00,  1.616617e+02
  5.184627e+00,  1.694573e+02
  5.780897e+00,  1.780964e+02
  6.273611e+00,  1.869458e+02
  6.648152e+00,  1.954745e+02
  6.861244e+00,  2.033018e+02
  6.853584e+00,  2.102093e+02
  6.569672e+00,  2.160879e+02
  5.976503e+00,  2.208365e+02
  5.076448e+00,  2.241952e+02
  3.914625e+00,  2.253454e+02
  2.591866e+00,  2.213716e+02
  1.368606e+00,  1.983103e+02
  1.279888e+00,  1.330504e+02
  2.352885e+00,  1.073457e+02
  3.463332e+00,  1.031044e+02
  4.351200e+00,  1.045903e+02
  4.945270e+00,  1.085928e+02
  5.233104e+00,  1.142322e+02
  5.239713e+00,  1.212359e+02
  5.014302e+00,  1.295117e+02
  4.615011e+00,  1.389878e+02
  4.092755e+00,  1.495510e+02
  3.479367e+00,  1.610892e+02
  2.786438e+00,  1.737288e+02
  2.018963e+00,  1.885864e+02
  1.213075e+00,  2.111414e+02
  6.495072e-01,  2.709100e+02
  1.106720e+00,  3.396990e+02
  1.931742e+00,  3.433484e+00
  2.685002e+00,  1.659663e+01
  3.238019e+00,  2.697534e+01
  3.518132e+00,  3.695943e+01
  3.500734e+00,  4.818150e+01
  3.233136e+00,  6.271844e+01
  2.881508e+00,  8.356549e+01
  2.772680e+00,  1.120172e+02
  3.201599e+00,  1.406942e+02
  4.064860e+00,  1.612891e+02
  5.042312e+00,  1.744102e+02
  5.867635e+00,  1.829699e+02
  6.357755e+00,  1.888232e+02
  6.398165e+00,  1.929116e+02
  5.938320e+00,  1.956297e+02
  4.990815e+00,  1.969162e+02
  3.630477e+00,  1.958418e+02
  2.008591e+00,  1.874139e+02
  7.832196e-01,  1.216178e+02
  2.018257e+00,  5.662363e+01
  3.626484e+00,  4.764349e+01
  4.964372e+00,  4.536743e+01
  5.882948e+00,  4.470904e+01
  6.308347e+00,  4.443244e+01
  6.226531e+00,  4.390187e+01
  5.682938e+00,  4.242189e+01
  4.784439e+00,  3.874542e+01
  3.716458e+00,  3.012964e+01
  2.816398e+00,  1.105788e+01
  2.635305e+00,  3.406999e+02
  3.336090e+00,  3.175449e+02
  4.430058e+00,  3.079664e+02
  5.565593e+00,  3.060319e+02
  6.607984e+00,  3.079032e+02
  7.506567e+00,  3.117253e+02
  8.233404e+00,  3.164643e+02
  8.756964e+00,  3.214454e+02
  9.033771e+00,  3.261909e+02
  9.013484e+00,  3.303475e+02
  8.652855e+00,  3.336214e+02
  7.933053e+00,  3.356818e+02
  6.876238e+00,  3.359870e+02
  5.561992e+00,  3.333977e+02
  4.156766e+00,  3.252006e+02
  3.002105e+00,  3.054191e+02
  2.694927e+00,  2.722299e+02
  3.351682e+00,  2.463595e+02
  4.308663e+00,  2.348406e+02
  5.121053e+00,  2.310689e+02
  5.619791e+00,  2.313066e+02
  5.762093e+00,  2.341161e+02
  5.577076e+00,  2.390121e+02
  5.140699e+00,  2.459054e+02
  4.552529e+00,  2.548118e+02
  3.906636e+00,  2.655876e+02
  3.258840e+00,  2.776857e+02
  2.605197e+00,  2.901526e+02
  1.891244e+00,  3.020529e+02
  1.050020e+00,  3.133193e+02
  6.813136e-02,  9.012785e+00
  1.107784e+00,  1.429323e+02
  2.331064e+00,  1.499725e+02
  3.518460e+00,  1.550840e+02
  4.540299e+00,  1.592531e+02
  5.268883e+00,  1.628222e+02
  5.597696e+00,  1.660104e+02
  5.457258e+00,  1.690125e+02
  4.825924e+00,  1.720820e+02
  3.735063e+00,  1.757483e+02
  2.271412e+00,  1.819689e+02
  6.500320e-01,  2.140386e+02
  1.428846e+00,  3.370365e+02
  3.192328e+00,  3.482289e+02
  4.772819e+00,  3.521254e+02
  6.013917e+00,  3.543741e+02
  6.815479e+00,  3.558334e+02
  7.128435e+00,  3.566520e+02
  6.958134e+00,  3.566946e+02
  6.364462e+00,  3.555452e+02
  5.461115e+00,  3.523166e+02
  4.422382e+00,  3.452296e+02
  3.511196e+00,  3.313008e+02
  3.088294e+00,  3.094247e+02
  3.351978e+00,  2.880761e+02
  4.053420e+00,  2.757014e+02
  4.859765e+00,  2.711001e+02
  5.591754e+00,  2.711307e+02
  6.171984e+00,  2.737998e+02
  6.564467e+00,  2.779625e+02
  6.745013e+00,  2.829233e+02
  6.690937e+00,  2.882530e+02
  6.382961e+00,  2.937188e+02
  5.813819e+00,  2.992613e+02
  4.998329e+00,  3.050109e+02
  3.981031e+00,  3.113962e+02
  2.840379e+00,  3.195693e+02
  1.696907e+00,  3.333867e+02
  8.012881e-01,  1.173720e+01
  8.465023e-01,  8.557526e+01
  1.334929e+00,  1.138336e+02
  1.574353e+00,  1.267679e+02
  1.449056e+00,  1.383236e+02
  1.000200e+00,  1.588611e+02
  7.007364e-01,  2.236817e+02
  1.489234e+00,  2.756019e+02
  2.698101e+00,  2.904090e+02
  3.935899e+00,  2.968175e+02
  5.016878e+00,  3.003848e+02
  5.796532e+00,  3.025681e+02
  6.168259e+00,  3.038747e+02
  6.072712e+00,  3.044693e+02
  5.504634e+00,  3.043026e+02
  4.514878e+00,  3.030292e+02
  3.209107e+00,  2.994831e+02
  1.758937e+00,  2.884367e+02
  7.144423e-01,  2.268088e+02
  1.527426e+00,  1.594058e+02
  2.565287e+00,  1.468491e+02
  3.234158e+00,  1.419521e+02
  3.416139e+00,  1.386862e+02
  3.079928e+00,  1.352089e+02
  2.264828e+00,  1.292459e+02
  1.122525e+00,  1.095817e+02
  8.936399e-01,  1.017118e+01
  2.364298e+00,  3.389135e+02
  3.934943e+00,  3.316882e+02
  5.313698e+00,  3.282950e+02
  6.346437e+00,  3.259979e+02
  6.931302e+00,  3.239505e+02
  7.020982e+00,  3.216714e+02
  6.626960e+00,  3.186717e+02
  5.821388e+00,  3.141982e+02
  4.740914e+00,  3.068045e+02
  3.606635e+00,  2.934985e+02
  2.778246e+00,  2.696673e+02
  2.665375e+00,  2.386054e+02
  3.158799e+00,  2.159520e+02
  3.760620e+00,  2.044203e+02
  4.164922e+00,  1.995298e+02
  4.257822e+00,  1.986462e+02
  4.028705e+00,  2.008772e+02
  3.533401e+00,  2.064617e+02
  2.883581e+00,  2.168388e+02
  2.257317e+00,  2.350564e+02
  1.911315e+00,  2.633520e+02
  2.016605e+00,  2.936022e+02
  2.403767e+00,  3.152115e+02
  2.811270e+00,  3.289068e+02
  3.095131e+00,  3.379783e+02
  3.197138e+00,  3.441570e+02
  3.103418e+00,  3.479121e+02
  2.828140e+00,  3.487604e+02
  2.417092e+00,  3.450291e+02
  1.980915e+00,  3.331134e+02
  1.764461e+00,  3.093728e+02
  2.044067e+00,  2.824266e+02
  2.738961e+00,  2.651798e+02
  3.579293e+00,  2.561523e+02
  4.366484e+00,  2.511081e+02
  4.961207e+00,  2.477107e+02
  5.258625e+00,  2.447323e+02
  5.187429e+00,  2.413272e+02
  4.718918e+00,  2.365393e+02
  3.884612e+00,  2.285654e+02
  2.828637e+00,  2.125733e+02
  2.036408e+00,  1.759596e+02
  2.475236e+00,  1.275598e+02
  3.870780e+00,  1.022182e+02
  5.445629e+00,  8.974502e+01
  6.867761e+00,  8.166896e+01
  7.970816e+00,  7.507331e+01
  8.665142e+00,  6.871896e+01
  8.925720e+00,  6.188343e+01
  8.791526e+00,  5.400143e+01
  8.362042e+00,  4.456082e+01
  7.784289e+00,  3.316417e+01
  7.221571e+00,  1.978377e+01
  6.796881e+00,  5.105125e+00
  6.530286e+00,  3.504905e+02
  6.325499e+00,  3.372790e+02
  6.027667e+00,  3.261233e+02
  5.498860e+00,  3.170087e+02
  4.661225e+00,  3.096366e+02
  3.506188e+00,  3.037834e+02
  2.087596e+00,  2.998182e+02
  5.184316e-01,  3.071907e+02
  1.131775e+00,  9.862051e+01
  2.639349e+00,  9.829864e+01
  3.912398e+00,  9.465290e+01
  4.841758e+00,  9.002511e+01
  5.362330e+00,  8.445485e+01
  5.461914e+00,  7.754160e+01
  5.189957e+00,  6.851295e+01
  4.668100e+00,  5.608611e+01
  4.105222e+00,  3.855103e+01
  3.787356e+00,  1.538429e+01
  3.931868e+00,  3.505184e+02
  4.473181e+00,  3.296921e+02
  5.157445e+00,  3.142325e+02
  5.764936e+00,  3.025661e+02
  6.170652e+00,  2.930324e+02
  6.328595e+00,  2.844671e+02
  6.252134e+00,  2.760637e+02
  5.998317e+00,  2.672298e+02
  5.652430e+00,  2.575601e+02
  5.309151e+00,  2.469387e+02
  5.048199e+00,  2.357077e+02
  4.909033e+00,  2.246866e+02
  4.879389e+00,  2.148396e+02
  4.908184e+00,  2.068072e+02
  4.931307e+00,  2.007250e+02
  4.890697e+00,  1.963627e+02
  4.740750e+00,  1.933379e+02
  4.447558e+00,  1.912627e+02
  3.987246e+00,  1.898208e+02
  3.346223e+00,  1.888249e+02
  2.523484e+00,  1.883451e+02
  1.534456e+00,  1.894076e+02
  4.340167e-01,  2.063165e+02
  8.579302e-01,  3.447410e+02
  2.104565e+00,  3.493536e+02
  3.327754e+00,  3.476060e+02
  4.452706e+00,  3.440869e+02
  5.418895e+00,  3.394151e+02
  6.180742e+00,  3.337219e+02
  6.711204e+00,  3.270141e+02
  7.002675e+00,  3.192544e+02
  7.063874e+00,  3.103835e+02
  6.903231e+00,  3.003166e+02
  6.392733e+00,  2.888525e+02
  4.172105e+00,  2.749001e+02
##END=
