##TITLE= E:\桌面\nmr\ogm\sjd\matlabcod\1_unitary\4_11_xjhsjd
##JCAMP-DX= 5.00 Bruker JCAMP library
##DATA TYPE= Shape Data
##ORIGIN= Colm's GRAPE Pulses 
##OWNER= Dawei.Lu
##DATE= 02-Aug-2025
##TIME= 13:32
##MINX= 4.033640e-01
##MAXX= 2.537011e+01
##MINY= 3.167600e-01
##MAXY= 3.587861e+02
##$SHAPE_EXMODE= None
##$SHAPE_TOTROT= 9.000000e+01
##$SHAPE_BWFAC= 1.000000e+00
##$SHAPE_INTEGFAC= 1.000000e+00
##$SHAPE_MODE= 1
##PULSE_WIDTH= 2000
##Calibration_Power= 12500
##NPOINTS= 200
##XYPOINTS= (XY..XY)
  2.194848e+00,  2.137908e+02
  2.482713e+00,  7.987192e+01
  7.886495e+00,  3.971270e+01
  1.103207e+01,  1.069621e+01
  1.117729e+01,  3.526987e+02
  7.735338e+00,  3.333593e+02
  3.442743e+00,  2.815578e+02
  4.570531e+00,  2.009883e+02
  5.446988e+00,  1.769775e+02
  2.580026e+00,  1.621398e+02
  2.870064e+00,  3.401084e+02
  8.128606e+00,  3.258090e+02
  1.075687e+01,  3.088725e+02
  1.055523e+01,  2.802934e+02
  1.109092e+01,  2.358133e+02
  1.489369e+01,  1.982539e+02
  1.831496e+01,  1.745822e+02
  1.820563e+01,  1.550067e+02
  1.459993e+01,  1.309209e+02
  1.066648e+01,  9.196003e+01
  1.010414e+01,  4.426708e+01
  1.045534e+01,  1.073809e+01
  8.350210e+00,  3.423078e+02
  5.207201e+00,  2.906526e+02
  6.921195e+00,  2.223101e+02
  1.031494e+01,  1.943896e+02
  1.115439e+01,  1.788568e+02
  9.129295e+00,  1.633468e+02
  5.915535e+00,  1.369910e+02
  4.415939e+00,  8.898723e+01
  4.902927e+00,  5.366965e+01
  4.537853e+00,  3.792689e+01
  2.620044e+00,  2.112057e+01
  1.580121e+00,  2.805765e+02
  4.899891e+00,  2.437091e+02
  8.265128e+00,  2.361636e+02
  1.062972e+01,  2.288472e+02
  1.167639e+01,  2.167004e+02
  1.199111e+01,  1.973130e+02
  1.277633e+01,  1.729998e+02
  1.423824e+01,  1.506595e+02
  1.508769e+01,  1.330235e+02
  1.409809e+01,  1.178288e+02
  1.115906e+01,  1.011814e+02
  7.356319e+00,  7.679836e+01
  4.506581e+00,  3.408140e+01
  3.589276e+00,  3.367824e+02
  3.573639e+00,  2.777067e+02
  5.180798e+00,  2.218839e+02
  8.485872e+00,  1.897473e+02
  1.178321e+01,  1.708184e+02
  1.385886e+01,  1.554396e+02
  1.443540e+01,  1.387235e+02
  1.417302e+01,  1.179671e+02
  1.408365e+01,  9.384068e+01
  1.426228e+01,  7.028454e+01
  1.358381e+01,  4.880312e+01
  1.108054e+01,  2.537385e+01
  7.486464e+00,  3.472087e+02
  6.942977e+00,  2.806615e+02
  1.056859e+01,  2.332674e+02
  1.401454e+01,  2.019855e+02
  1.645979e+01,  1.715350e+02
  1.915245e+01,  1.404883e+02
  2.236561e+01,  1.132980e+02
  2.432480e+01,  9.141594e+01
  2.319856e+01,  7.256334e+01
  1.881079e+01,  5.341247e+01
  1.280314e+01,  2.974511e+01
  7.544625e+00,  3.564773e+02
  3.907193e+00,  3.138089e+02
  9.908436e-01,  2.029963e+02
  5.316952e+00,  1.104294e+02
  1.029108e+01,  9.138925e+01
  1.313708e+01,  7.925328e+01
  1.264934e+01,  6.962872e+01
  9.331319e+00,  6.114013e+01
  5.150779e+00,  5.409325e+01
  2.505028e+00,  5.580968e+01
  3.033354e+00,  6.313461e+01
  6.307519e+00,  5.375839e+01
  1.045514e+01,  4.225979e+01
  1.304466e+01,  2.981159e+01
  1.246514e+01,  1.303127e+01
  9.422151e+00,  3.431336e+02
  8.082203e+00,  2.898092e+02
  1.021345e+01,  2.464711e+02
  1.086923e+01,  2.206157e+02
  7.914679e+00,  1.938277e+02
  4.303799e+00,  1.263747e+02
  7.676896e+00,  5.259521e+01
  1.127611e+01,  2.324368e+01
  1.167845e+01,  3.555050e+02
  1.088063e+01,  3.156095e+02
  1.262303e+01,  2.726802e+02
  1.516960e+01,  2.451014e+02
  1.459152e+01,  2.282377e+02
  9.755574e+00,  2.166063e+02
  2.309365e+00,  2.179927e+02
  5.115476e+00,  3.587861e+02
  9.663367e+00,  3.442689e+02
  1.144163e+01,  3.178656e+02
  1.301274e+01,  2.833870e+02
  1.561598e+01,  2.540887e+02
  1.664928e+01,  2.350967e+02
  1.370500e+01,  2.240084e+02
  7.102947e+00,  2.259476e+02
  4.160552e+00,  3.122683e+02
  1.053884e+01,  3.326172e+02
  1.487829e+01,  3.189323e+02
  1.707749e+01,  2.947526e+02
  1.923463e+01,  2.667366e+02
  2.133637e+01,  2.430936e+02
  2.099012e+01,  2.260297e+02
  1.670143e+01,  2.140357e+02
  9.347699e+00,  2.075054e+02
  2.148149e+00,  2.433164e+02
  5.249734e+00,  3.307009e+02
  7.988373e+00,  3.192727e+02
  8.794488e+00,  2.932194e+02
  9.789894e+00,  2.634673e+02
  1.088159e+01,  2.435301e+02
  1.052461e+01,  2.368215e+02
  8.907920e+00,  2.449865e+02
  8.300780e+00,  2.656219e+02
  9.265050e+00,  2.770950e+02
  9.693582e+00,  2.692806e+02
  9.438264e+00,  2.434965e+02
  1.022728e+01,  2.084721e+02
  1.153958e+01,  1.787004e+02
  1.101377e+01,  1.527343e+02
  8.206584e+00,  1.174064e+02
  7.048678e+00,  5.299637e+01
  1.077640e+01,  1.658545e+00
  1.441454e+01,  3.318271e+02
  1.568750e+01,  3.042069e+02
  1.573537e+01,  2.713440e+02
  1.684266e+01,  2.358668e+02
  1.883753e+01,  2.058728e+02
  1.954683e+01,  1.817329e+02
  1.793161e+01,  1.589658e+02
  1.490386e+01,  1.330993e+02
  1.224582e+01,  1.028530e+02
  1.043639e+01,  7.385769e+01
  8.166166e+00,  5.122290e+01
  4.549310e+00,  3.194705e+01
  7.137261e-01,  2.946075e+02
  4.423609e+00,  2.076078e+02
  7.526676e+00,  1.914579e+02
  9.347985e+00,  1.741231e+02
  1.071094e+01,  1.525916e+02
  1.265021e+01,  1.300746e+02
  1.509604e+01,  1.110644e+02
  1.693932e+01,  9.546626e+01
  1.718868e+01,  8.040269e+01
  1.575685e+01,  6.249260e+01
  1.364987e+01,  3.886238e+01
  1.218255e+01,  1.070447e+01
  1.121159e+01,  3.446317e+02
  9.252223e+00,  3.231605e+02
  5.620466e+00,  2.994724e+02
  2.337774e+00,  2.250985e+02
  5.173161e+00,  1.494112e+02
  7.915624e+00,  1.275564e+02
  8.625334e+00,  1.088515e+02
  8.217755e+00,  8.385325e+01
  8.623849e+00,  5.444272e+01
  1.025935e+01,  3.369291e+01
  1.178821e+01,  2.412824e+01
  1.225355e+01,  2.063485e+01
  1.138299e+01,  1.846873e+01
  9.325046e+00,  1.353075e+01
  6.729466e+00,  1.671495e+00
  4.635670e+00,  3.422723e+02
  3.289927e+00,  3.353706e+02
  3.541900e+00,  1.759927e+01
  8.215434e+00,  4.116674e+01
  1.490557e+01,  4.090986e+01
  2.096259e+01,  3.361880e+01
  2.453749e+01,  2.164996e+01
  2.537011e+01,  4.575273e+00
  2.487450e+01,  3.427467e+02
  2.432774e+01,  3.199041e+02
  2.288192e+01,  3.009064e+02
  1.879337e+01,  2.876952e+02
  1.187948e+01,  2.819907e+02
  4.666460e+00,  3.041191e+02
  5.518333e+00,  1.904307e+01
  8.828042e+00,  1.995053e+01
  9.856098e+00,  3.585107e+02
  1.052016e+01,  3.270151e+02
  1.149811e+01,  2.993053e+02
  1.063787e+01,  2.801699e+02
  6.494153e+00,  2.654483e+02
  4.033640e-01,  1.559570e+02
  6.562434e+00,  7.063904e+01
  1.032014e+01,  5.628823e+01
  1.034010e+01,  3.623294e+01
  8.002652e+00,  3.167600e-01
  3.613531e+00,  2.943203e+02
##END=
