##TITLE= E:\桌面\nmr\ogm\sjd\matlabcod\1_unitary\4_12_xjhsjd
##JCAMP-DX= 5.00 Bruker JCAMP library
##DATA TYPE= Shape Data
##ORIGIN= Colm's GRAPE Pulses 
##OWNER= Dawei.Lu
##DATE= 02-Aug-2025
##TIME= 13:32
##MINX= 8.984106e-01
##MAXX= 2.141592e+01
##MINY= 4.434260e+00
##MAXY= 3.593779e+02
##$SHAPE_EXMODE= None
##$SHAPE_TOTROT= 9.000000e+01
##$SHAPE_BWFAC= 1.000000e+00
##$SHAPE_INTEGFAC= 1.000000e+00
##$SHAPE_MODE= 1
##PULSE_WIDTH= 2000
##Calibration_Power= 12500
##NPOINTS= 200
##XYPOINTS= (XY..XY)
  2.661646e+00,  4.731336e+01
  5.156875e+00,  2.821238e+01
  7.132157e+00,  1.119060e+01
  4.421699e+00,  3.581414e+02
  1.166754e+00,  1.485377e+02
  7.533386e+00,  1.483152e+02
  1.262857e+01,  1.359320e+02
  1.520515e+01,  1.199973e+02
  1.557058e+01,  9.996101e+01
  1.489426e+01,  7.755181e+01
  1.350730e+01,  5.795904e+01
  1.057525e+01,  4.716875e+01
  6.247006e+00,  5.935999e+01
  6.358684e+00,  1.189531e+02
  1.219528e+01,  1.363280e+02
  1.732959e+01,  1.317096e+02
  2.017340e+01,  1.198399e+02
  2.117401e+01,  1.035455e+02
  2.141592e+01,  8.544586e+01
  2.121951e+01,  6.914127e+01
  1.996697e+01,  5.690366e+01
  1.718482e+01,  4.882497e+01
  1.319982e+01,  4.373594e+01
  8.876100e+00,  3.932194e+01
  5.079183e+00,  3.043274e+01
  2.502065e+00,  4.434260e+00
  1.509132e+00,  3.135848e+02
  8.984106e-01,  2.500573e+02
  1.876369e+00,  1.465695e+02
  4.596215e+00,  1.200872e+02
  7.022755e+00,  1.056184e+02
  7.922904e+00,  8.996403e+01
  7.074640e+00,  6.480433e+01
  6.401925e+00,  1.958206e+01
  8.515977e+00,  3.339764e+02
  1.156956e+01,  3.060427e+02
  1.323273e+01,  2.846432e+02
  1.308118e+01,  2.621627e+02
  1.208971e+01,  2.355090e+02
  1.126223e+01,  2.071393e+02
  1.015709e+01,  1.820676e+02
  7.649106e+00,  1.594563e+02
  3.774245e+00,  1.228933e+02
  3.768313e+00,  1.884051e+01
  8.373878e+00,  3.437334e+02
  1.211111e+01,  3.276189e+02
  1.426058e+01,  3.132476e+02
  1.531002e+01,  2.973364e+02
  1.616555e+01,  2.800979e+02
  1.720854e+01,  2.638994e+02
  1.786532e+01,  2.503398e+02
  1.717488e+01,  2.387956e+02
  1.457482e+01,  2.273115e+02
  1.032957e+01,  2.128300e+02
  5.568100e+00,  1.881654e+02
  2.316629e+00,  1.216084e+02
  3.185554e+00,  2.659082e+01
  5.714713e+00,  3.343834e+02
  9.432743e+00,  2.990988e+02
  1.336371e+01,  2.742924e+02
  1.580072e+01,  2.531761e+02
  1.592176e+01,  2.301199e+02
  1.475280e+01,  2.002902e+02
  1.462898e+01,  1.646064e+02
  1.599100e+01,  1.331641e+02
  1.661764e+01,  1.095739e+02
  1.495522e+01,  8.982079e+01
  1.138376e+01,  6.916407e+01
  7.526638e+00,  4.350382e+01
  4.650065e+00,  1.516048e+01
  2.283653e+00,  7.684621e+00
  2.310298e+00,  8.666844e+01
  5.726249e+00,  1.005003e+02
  8.317060e+00,  9.881439e+01
  8.800092e+00,  9.816586e+01
  7.388826e+00,  1.038297e+02
  5.879459e+00,  1.217731e+02
  6.180524e+00,  1.396366e+02
  7.662852e+00,  1.363224e+02
  9.718118e+00,  1.187170e+02
  1.217231e+01,  9.939915e+01
  1.370619e+01,  8.361742e+01
  1.271109e+01,  7.077718e+01
  8.656322e+00,  5.888172e+01
  2.549506e+00,  4.226832e+01
  3.645494e+00,  2.229754e+02
  7.858181e+00,  2.039099e+02
  9.494441e+00,  1.804167e+02
  9.870788e+00,  1.479961e+02
  1.075597e+01,  1.131041e+02
  1.136138e+01,  8.473099e+01
  9.769739e+00,  5.962058e+01
  6.092691e+00,  2.159522e+01
  5.545317e+00,  3.024503e+02
  9.627962e+00,  2.598860e+02
  1.198632e+01,  2.402826e+02
  1.084946e+01,  2.251510e+02
  6.923288e+00,  2.090201e+02
  2.156998e+00,  1.851798e+02
  1.830287e+00,  3.508345e+02
  5.258149e+00,  3.110580e+02
  9.710081e+00,  2.793119e+02
  1.473958e+01,  2.573136e+02
  1.813151e+01,  2.411003e+02
  1.798464e+01,  2.270550e+02
  1.395862e+01,  2.123050e+02
  7.480288e+00,  1.915820e+02
  1.922421e+00,  1.109003e+02
  5.323589e+00,  8.457447e+00
  9.037535e+00,  3.326328e+02
  1.268360e+01,  3.015617e+02
  1.636425e+01,  2.774473e+02
  1.841745e+01,  2.603464e+02
  1.731697e+01,  2.482983e+02
  1.305322e+01,  2.406824e+02
  7.280588e+00,  2.421506e+02
  3.534490e+00,  2.826870e+02
  5.202025e+00,  3.197383e+02
  7.374259e+00,  3.107699e+02
  9.159926e+00,  2.920231e+02
  1.049908e+01,  2.768647e+02
  1.060706e+01,  2.704914e+02
  9.532506e+00,  2.761381e+02
  9.068991e+00,  2.939989e+02
  1.044733e+01,  3.081507e+02
  1.203197e+01,  3.072711e+02
  1.254271e+01,  2.934840e+02
  1.242951e+01,  2.703905e+02
  1.222961e+01,  2.441167e+02
  1.102666e+01,  2.193268e+02
  7.681885e+00,  1.917826e+02
  3.792110e+00,  1.251648e+02
  7.401645e+00,  4.117431e+01
  1.286023e+01,  1.195090e+01
  1.608573e+01,  3.494267e+02
  1.691154e+01,  3.242946e+02
  1.685529e+01,  2.946349e+02
  1.714682e+01,  2.642509e+02
  1.702680e+01,  2.373160e+02
  1.519729e+01,  2.122923e+02
  1.188349e+01,  1.830959e+02
  9.230001e+00,  1.424784e+02
  9.001203e+00,  9.923129e+01
  9.277137e+00,  6.804417e+01
  8.108903e+00,  4.236861e+01
  5.986619e+00,  8.670588e+00
  5.315166e+00,  3.184578e+02
  6.734189e+00,  2.801002e+02
  7.987322e+00,  2.572880e+02
  8.294035e+00,  2.363354e+02
  8.468220e+00,  2.098772e+02
  9.837360e+00,  1.813955e+02
  1.229185e+01,  1.594506e+02
  1.435570e+01,  1.435403e+02
  1.476031e+01,  1.292951e+02
  1.320907e+01,  1.125943e+02
  1.056834e+01,  8.919636e+01
  8.316585e+00,  5.704291e+01
  6.781452e+00,  2.183377e+01
  4.752318e+00,  3.428538e+02
  3.586320e+00,  2.646629e+02
  7.477920e+00,  2.067632e+02
  1.225212e+01,  1.845670e+02
  1.522870e+01,  1.697449e+02
  1.559543e+01,  1.555035e+02
  1.396904e+01,  1.386779e+02
  1.186250e+01,  1.182831e+02
  1.031850e+01,  9.863748e+01
  8.947071e+00,  8.750432e+01
  7.154533e+00,  9.031183e+01
  5.585467e+00,  1.120630e+02
  5.631137e+00,  1.454661e+02
  6.886007e+00,  1.678228e+02
  8.025232e+00,  1.769646e+02
  8.665158e+00,  1.752902e+02
  9.307481e+00,  1.629799e+02
  1.089388e+01,  1.446873e+02
  1.339532e+01,  1.285116e+02
  1.535116e+01,  1.165153e+02
  1.514748e+01,  1.064649e+02
  1.213373e+01,  9.523797e+01
  7.119527e+00,  7.635070e+01
  2.962400e+00,  1.529949e+01
  4.312570e+00,  2.924323e+02
  5.748324e+00,  2.519565e+02
  6.930960e+00,  2.063245e+02
  1.007665e+01,  1.680231e+02
  1.352944e+01,  1.454122e+02
  1.462866e+01,  1.302996e+02
  1.232710e+01,  1.167458e+02
  7.571420e+00,  9.845954e+01
  3.155560e+00,  5.188606e+01
  2.885932e+00,  3.296776e+02
  2.491766e+00,  2.855184e+02
  2.180268e+00,  1.807698e+02
  5.946103e+00,  1.351529e+02
  8.771359e+00,  1.177056e+02
  8.586181e+00,  1.006210e+02
  5.727778e+00,  6.834252e+01
  3.559641e+00,  3.593779e+02
##END=
