##TITLE= E:\桌面\nmr\ogm\sjd\matlabcod\1\4_13_xjhsjd
##JCAMP-DX= 5.00 Bruker JCAMP library
##DATA TYPE= Shape Data
##ORIGIN= Colm's GRAPE Pulses 
##OWNER= Dawei.Lu
##DATE= 02-Aug-2025
##TIME= 11:49
##MINX= 2.529267e-01
##MAXX= 1.221447e+01
##MINY= 1.104542e-01
##MAXY= 3.595268e+02
##$SHAPE_EXMODE= None
##$SHAPE_TOTROT= 9.000000e+01
##$SHAPE_BWFAC= 1.000000e+00
##$SHAPE_INTEGFAC= 1.000000e+00
##$SHAPE_MODE= 1
##PULSE_WIDTH= 5000
##Calibration_Power= 12500
##NPOINTS= 1000
##XYPOINTS= (XY..XY)
  8.262316e-01,  9.688548e+01
  9.609785e-01,  3.643291e+01
  2.060342e+00,  3.475609e+02
  3.450427e+00,  3.280203e+02
  4.621295e+00,  3.194596e+02
  5.328030e+00,  3.150487e+02
  5.454848e+00,  3.131551e+02
  4.982752e+00,  3.138883e+02
  4.005214e+00,  3.191320e+02
  2.810216e+00,  3.354653e+02
  2.222919e+00,  1.582968e+01
  3.109597e+00,  5.321919e+01
  4.618476e+00,  6.723861e+01
  6.016411e+00,  7.118216e+01
  7.013689e+00,  7.073161e+01
  7.490359e+00,  6.750206e+01
  7.442442e+00,  6.170810e+01
  6.978339e+00,  5.285089e+01
  6.320125e+00,  4.003685e+01
  5.777114e+00,  2.286099e+01
  5.618140e+00,  3.246747e+00
  5.856088e+00,  3.453375e+02
  6.231525e+00,  3.318001e+02
  6.435265e+00,  3.226806e+02
  6.260482e+00,  3.172351e+02
  5.631819e+00,  3.151865e+02
  4.601781e+00,  3.174180e+02
  3.371814e+00,  3.274647e+02
  2.423155e+00,  3.540146e+02
  2.514702e+00,  3.255247e+01
  3.414817e+00,  5.465526e+01
  4.319324e+00,  6.306969e+01
  4.847167e+00,  6.536257e+01
  4.858607e+00,  6.419864e+01
  4.343901e+00,  5.985869e+01
  3.408686e+00,  5.047436e+01
  2.336876e+00,  2.902917e+01
  1.868311e+00,  3.431639e+02
  2.602968e+00,  3.028828e+02
  3.718717e+00,  2.848028e+02
  4.617129e+00,  2.755787e+02
  5.064980e+00,  2.696573e+02
  4.969460e+00,  2.650807e+02
  4.329653e+00,  2.608780e+02
  3.222091e+00,  2.560599e+02
  1.792476e+00,  2.475611e+02
  4.278242e-01,  1.867290e+02
  1.493203e+00,  9.143886e+01
  2.815583e+00,  8.143185e+01
  3.775873e+00,  7.657325e+01
  4.254312e+00,  7.270520e+01
  4.208232e+00,  6.876712e+01
  3.668554e+00,  6.390130e+01
  2.742059e+00,  5.632282e+01
  1.633884e+00,  3.947386e+01
  9.183158e-01,  3.440979e+02
  1.473334e+00,  2.881115e+02
  2.238954e+00,  2.718570e+02
  2.641322e+00,  2.660247e+02
  2.530230e+00,  2.648200e+02
  1.886442e+00,  2.698652e+02
  9.481621e-01,  3.030371e+02
  1.471620e+00,  2.560517e+01
  3.271031e+00,  4.331102e+01
  5.263706e+00,  4.689674e+01
  7.162083e+00,  4.712454e+01
  8.762574e+00,  4.594542e+01
  9.909500e+00,  4.388556e+01
  1.050646e+01,  4.106046e+01
  1.052714e+01,  3.739623e+01
  1.001945e+01,  3.267943e+01
  9.101397e+00,  2.655890e+01
  7.948009e+00,  1.856261e+01
  6.765905e+00,  8.246190e+00
  5.746094e+00,  3.556745e+02
  4.988711e+00,  3.421743e+02
  4.443410e+00,  3.303721e+02
  3.955652e+00,  3.230235e+02
  3.404303e+00,  3.225452e+02
  2.838326e+00,  3.322505e+02
  2.581611e+00,  3.548139e+02
  3.018168e+00,  2.054653e+01
  3.998727e+00,  3.695244e+01
  5.112730e+00,  4.553621e+01
  6.067561e+00,  5.020438e+01
  6.683827e+00,  5.308159e+01
  6.862832e+00,  5.524599e+01
  6.576750e+00,  5.736856e+01
  5.864216e+00,  6.006769e+01
  4.824757e+00,  6.424130e+01
  3.614854e+00,  7.171126e+01
  2.462955e+00,  8.685807e+01
  1.735460e+00,  1.174003e+02
  1.752710e+00,  1.537304e+02
  2.123616e+00,  1.735918e+02
  2.372854e+00,  1.808524e+02
  2.354541e+00,  1.808746e+02
  2.100347e+00,  1.743167e+02
  1.769905e+00,  1.586842e+02
  1.644774e+00,  1.331373e+02
  1.907067e+00,  1.090750e+02
  2.390718e+00,  9.595579e+01
  2.868966e+00,  9.173020e+01
  3.239011e+00,  9.347561e+01
  3.509483e+00,  9.976445e+01
  3.768341e+00,  1.094982e+02
  4.126046e+00,  1.208767e+02
  4.633236e+00,  1.315606e+02
  5.237820e+00,  1.398686e+02
  5.818098e+00,  1.452789e+02
  6.242270e+00,  1.479083e+02
  6.411172e+00,  1.479251e+02
  6.283189e+00,  1.452500e+02
  5.891009e+00,  1.394226e+02
  5.354967e+00,  1.296089e+02
  4.883279e+00,  1.151314e+02
  4.709497e+00,  9.711323e+01
  4.924515e+00,  7.938957e+01
  5.378431e+00,  6.539098e+01
  5.813423e+00,  5.573488e+01
  6.015251e+00,  4.964678e+01
  5.859533e+00,  4.645180e+01
  5.312652e+00,  4.609924e+01
  4.432422e+00,  4.957589e+01
  3.394273e+00,  6.000594e+01
  2.593890e+00,  8.378826e+01
  2.638420e+00,  1.175458e+02
  3.476066e+00,  1.394869e+02
  4.500346e+00,  1.484440e+02
  5.362978e+00,  1.506097e+02
  5.930973e+00,  1.488170e+02
  6.188552e+00,  1.439995e+02
  6.206378e+00,  1.363491e+02
  6.120984e+00,  1.259703e+02
  6.092953e+00,  1.134920e+02
  6.232801e+00,  1.004045e+02
  6.535440e+00,  8.850970e+01
  6.889104e+00,  7.894861e+01
  7.145078e+00,  7.197526e+01
  7.179930e+00,  6.739377e+01
  6.924197e+00,  6.497839e+01
  6.368756e+00,  6.469507e+01
  5.561953e+00,  6.684556e+01
  4.605090e+00,  7.226451e+01
  3.651878e+00,  8.257999e+01
  2.908818e+00,  9.980921e+01
  2.574506e+00,  1.227310e+02
  2.637383e+00,  1.437673e+02
  2.848451e+00,  1.577700e+02
  2.980701e+00,  1.655278e+02
  2.930206e+00,  1.687170e+02
  2.686465e+00,  1.678617e+02
  2.308094e+00,  1.620413e+02
  1.923501e+00,  1.488342e+02
  1.737717e+00,  1.269669e+02
  1.909148e+00,  1.037703e+02
  2.351392e+00,  8.808784e+01
  2.876998e+00,  7.946739e+01
  3.358666e+00,  7.478106e+01
  3.725539e+00,  7.186005e+01
  3.939442e+00,  6.932732e+01
  3.986196e+00,  6.612003e+01
  3.878432e+00,  6.117775e+01
  3.667757e+00,  5.327298e+01
  3.462980e+00,  4.120681e+01
  3.430504e+00,  2.502032e+01
  3.718665e+00,  7.602332e+00
  4.335399e+00,  3.528602e+02
  5.152743e+00,  3.421892e+02
  6.008082e+00,  3.348783e+02
  6.760180e+00,  3.298460e+02
  7.300562e+00,  3.262801e+02
  7.554706e+00,  3.236646e+02
  7.482986e+00,  3.216961e+02
  7.081174e+00,  3.202225e+02
  6.379175e+00,  3.192255e+02
  5.437997e+00,  3.188593e+02
  4.346155e+00,  3.195981e+02
  3.213960e+00,  3.226834e+02
  2.181072e+00,  3.314285e+02
  1.468690e+00,  3.532632e+02
  1.375089e+00,  2.584734e+01
  1.768092e+00,  4.362367e+01
  2.289718e+00,  4.619690e+01
  2.835718e+00,  4.152592e+01
  3.417489e+00,  3.384392e+01
  4.048415e+00,  2.547266e+01
  4.704471e+00,  1.764993e+01
  5.324903e+00,  1.084906e+01
  5.830606e+00,  5.092037e+00
  6.143887e+00,  2.018399e-01
  6.203250e+00,  3.559392e+02
  5.972575e+00,  3.520486e+02
  5.445538e+00,  3.482459e+02
  4.646260e+00,  3.441478e+02
  3.627580e+00,  3.390570e+02
  2.470650e+00,  3.311496e+02
  1.310545e+00,  3.126398e+02
  7.163100e-01,  2.410907e+02
  1.460891e+00,  1.878806e+02
  2.353361e+00,  1.728312e+02
  3.062966e+00,  1.642664e+02
  3.531926e+00,  1.568912e+02
  3.759052e+00,  1.490159e+02
  3.783018e+00,  1.396347e+02
  3.679693e+00,  1.279440e+02
  3.554799e+00,  1.135056e+02
  3.517950e+00,  9.680979e+01
  3.632986e+00,  7.951502e+01
  3.881637e+00,  6.343566e+01
  4.185317e+00,  4.929889e+01
  4.458035e+00,  3.673888e+01
  4.642697e+00,  2.492097e+01
  4.725137e+00,  1.295774e+01
  4.736499e+00,  1.104542e-01
  4.746287e+00,  3.460057e+02
  4.839732e+00,  3.309250e+02
  5.077476e+00,  3.158677e+02
  5.459472e+00,  3.020410e+02
  5.924230e+00,  2.901757e+02
  6.379368e+00,  2.803566e+02
  6.733745e+00,  2.722911e+02
  6.916229e+00,  2.655869e+02
  6.883217e+00,  2.598891e+02
  6.619940e+00,  2.549201e+02
  6.138305e+00,  2.504829e+02
  5.472870e+00,  2.464639e+02
  4.675900e+00,  2.428653e+02
  3.809921e+00,  2.398736e+02
  2.941517e+00,  2.380575e+02
  2.138881e+00,  2.388877e+02
  1.481832e+00,  2.459357e+02
  1.098975e+00,  2.648235e+02
  1.127855e+00,  2.890144e+02
  1.468375e+00,  3.011377e+02
  1.941275e+00,  3.026848e+02
  2.469036e+00,  2.995012e+02
  3.014796e+00,  2.945487e+02
  3.543857e+00,  2.890653e+02
  4.018072e+00,  2.834906e+02
  4.400726e+00,  2.778861e+02
  4.663254e+00,  2.721222e+02
  4.790971e+00,  2.659581e+02
  4.787047e+00,  2.590728e+02
  4.674620e+00,  2.510850e+02
  4.496829e+00,  2.416012e+02
  4.313480e+00,  2.303421e+02
  4.191099e+00,  2.173733e+02
  4.183700e+00,  2.033084e+02
  4.310753e+00,  1.891688e+02
  4.549780e+00,  1.758549e+02
  4.851432e+00,  1.637323e+02
  5.163220e+00,  1.526705e+02
  5.445043e+00,  1.422962e+02
  5.675690e+00,  1.322030e+02
  5.852826e+00,  1.220670e+02
  5.988242e+00,  1.117073e+02
  6.099365e+00,  1.011125e+02
  6.198710e+00,  9.042794e+01
  6.284639e+00,  7.989745e+01
  6.337255e+00,  6.977393e+01
  6.321177e+00,  6.024397e+01
  6.193539e+00,  5.139760e+01
  5.913718e+00,  4.324336e+01
  5.451774e+00,  3.574977e+01
  4.794085e+00,  2.890209e+01
  3.945918e+00,  2.279643e+01
  2.931752e+00,  1.790014e+01
  1.797201e+00,  1.630896e+01
  6.658917e-01,  3.618530e+01
  8.909992e-01,  1.380461e+02
  2.082270e+00,  1.477111e+02
  3.265027e+00,  1.441522e+02
  4.363579e+00,  1.377472e+02
  5.349482e+00,  1.301039e+02
  6.208142e+00,  1.217368e+02
  6.931152e+00,  1.129042e+02
  7.511503e+00,  1.037705e+02
  7.938944e+00,  9.445178e+01
  8.199160e+00,  8.501001e+01
  8.277214e+00,  7.543942e+01
  8.163640e+00,  6.565694e+01
  7.861180e+00,  5.549572e+01
  7.390430e+00,  4.469886e+01
  6.793274e+00,  3.291629e+01
  6.133298e+00,  1.972446e+01
  5.491659e+00,  4.720992e+00
  4.954758e+00,  3.477717e+02
  4.589469e+00,  3.293754e+02
  4.412303e+00,  3.107556e+02
  4.378900e+00,  2.932812e+02
  4.410402e+00,  2.777296e+02
  4.432165e+00,  2.641701e+02
  4.395475e+00,  2.523022e+02
  4.280253e+00,  2.417626e+02
  4.088734e+00,  2.322684e+02
  3.836981e+00,  2.236589e+02
  3.547072e+00,  2.158946e+02
  3.241200e+00,  2.090312e+02
  2.938207e+00,  2.031705e+02
  2.652258e+00,  1.983856e+02
  2.392788e+00,  1.946464e+02
  2.164646e+00,  1.918023e+02
  1.967122e+00,  1.895322e+02
  1.794332e+00,  1.873899e+02
  1.637356e+00,  1.849326e+02
  1.487825e+00,  1.818711e+02
  1.341389e+00,  1.782122e+02
  1.199511e+00,  1.744178e+02
  1.069752e+00,  1.716201e+02
  9.680628e-01,  1.717614e+02
  9.285659e-01,  1.769231e+02
  1.012895e+00,  1.864893e+02
  1.283027e+00,  1.954523e+02
  1.758328e+00,  2.000082e+02
  2.425365e+00,  2.004111e+02
  3.260159e+00,  1.981111e+02
  4.232080e+00,  1.941849e+02
  5.302736e+00,  1.892457e+02
  6.426776e+00,  1.836192e+02
  7.554824e+00,  1.774756e+02
  8.637548e+00,  1.709058e+02
  9.629745e+00,  1.639649e+02
  1.049330e+01,  1.566977e+02
  1.119815e+01,  1.491550e+02
  1.172104e+01,  1.414027e+02
  1.204292e+01,  1.335230e+02
  1.214709e+01,  1.256103e+02
  1.201546e+01,  1.177701e+02
  1.162800e+01,  1.101099e+02
  1.096629e+01,  1.027323e+02
  1.001990e+01,  9.573716e+01
  8.793845e+00,  8.924556e+01
  7.314965e+00,  8.346923e+01
  5.635794e+00,  7.891562e+01
  3.839610e+00,  7.715279e+01
  2.080550e+00,  8.518317e+01
  1.106297e+00,  1.423832e+02
  2.208690e+00,  1.884224e+02
  3.707758e+00,  1.930728e+02
  5.077098e+00,  1.894909e+02
  6.239426e+00,  1.831302e+02
  7.182058e+00,  1.753890e+02
  7.916019e+00,  1.668509e+02
  8.459942e+00,  1.578904e+02
  8.827995e+00,  1.488241e+02
  9.022281e+00,  1.399399e+02
  9.031776e+00,  1.314878e+02
  8.837876e+00,  1.236708e+02
  8.424205e+00,  1.166517e+02
  7.787289e+00,  1.105821e+02
  6.944749e+00,  1.056566e+02
  5.939243e+00,  1.022034e+02
  4.841438e+00,  1.008664e+02
  3.752501e+00,  1.029575e+02
  2.814105e+00,  1.109403e+02
  2.220988e+00,  1.273333e+02
  2.124697e+00,  1.476119e+02
  2.405572e+00,  1.611508e+02
  2.816996e+00,  1.660438e+02
  3.227904e+00,  1.654893e+02
  3.606536e+00,  1.621478e+02
  3.959648e+00,  1.577741e+02
  4.300469e+00,  1.535872e+02
  4.639128e+00,  1.504088e+02
  4.986476e+00,  1.486823e+02
  5.360965e+00,  1.484715e+02
  5.788788e+00,  1.494766e+02
  6.293212e+00,  1.511101e+02
  6.878361e+00,  1.526643e+02
  7.518753e+00,  1.535113e+02
  8.162141e+00,  1.532225e+02
  8.743688e+00,  1.515634e+02
  9.204295e+00,  1.484234e+02
  9.506860e+00,  1.437503e+02
  9.646528e+00,  1.375256e+02
  9.652245e+00,  1.297902e+02
  9.577038e+00,  1.207135e+02
  9.474545e+00,  1.106521e+02
  9.371009e+00,  1.001436e+02
  9.246183e+00,  8.979429e+01
  9.035475e+00,  8.012013e+01
  8.652680e+00,  7.145867e+01
  8.020468e+00,  6.400509e+01
  7.095996e+00,  5.794974e+01
  5.887119e+00,  5.373061e+01
  4.463940e+00,  5.263938e+01
  2.991563e+00,  5.890080e+01
  1.916173e+00,  8.575156e+01
  2.139702e+00,  1.280293e+02
  3.269522e+00,  1.438704e+02
  4.490510e+00,  1.442009e+02
  5.587362e+00,  1.383001e+02
  6.551155e+00,  1.290881e+02
  7.446794e+00,  1.178975e+02
  8.352012e+00,  1.057590e+02
  9.305231e+00,  9.360616e+01
  1.027570e+01,  8.213277e+01
  1.116891e+01,  7.167934e+01
  1.185704e+01,  6.227609e+01
  1.221447e+01,  5.376311e+01
  1.214685e+01,  4.588714e+01
  1.161133e+01,  3.834331e+01
  1.062404e+01,  3.077095e+01
  9.260360e+00,  2.269736e+01
  7.649879e+00,  1.341372e+01
  5.968580e+00,  1.735942e+00
  4.433199e+00,  3.456588e+02
  3.290750e+00,  3.227135e+02
  2.721274e+00,  2.941266e+02
  2.592887e+00,  2.682555e+02
  2.531876e+00,  2.500935e+02
  2.283761e+00,  2.382136e+02
  1.782085e+00,  2.307080e+02
  1.076430e+00,  2.280212e+02
  3.126987e-01,  2.515219e+02
  5.939200e-01,  6.121691e+00
  1.229142e+00,  1.133541e+01
  1.638253e+00,  8.150244e+00
  1.756277e+00,  1.900426e+00
  1.588719e+00,  3.514640e+02
  1.239879e+00,  3.314066e+02
  1.029022e+00,  2.915731e+02
  1.354771e+00,  2.506304e+02
  1.979084e+00,  2.304343e+02
  2.556907e+00,  2.213783e+02
  2.914824e+00,  2.177525e+02
  2.976082e+00,  2.182282e+02
  2.753497e+00,  2.237844e+02
  2.393324e+00,  2.376446e+02
  2.249010e+00,  2.623934e+02
  2.682512e+00,  2.881422e+02
  3.568296e+00,  3.033740e+02
  4.554585e+00,  3.099081e+02
  5.386200e+00,  3.114295e+02
  5.907741e+00,  3.097377e+02
  6.044129e+00,  3.054000e+02
  5.801233e+00,  2.982229e+02
  5.274359e+00,  2.873769e+02
  4.656597e+00,  2.715787e+02
  4.217241e+00,  2.503049e+02
  4.164554e+00,  2.263529e+02
  4.439368e+00,  2.046636e+02
  4.768117e+00,  1.870603e+02
  4.894195e+00,  1.721503e+02
  4.686351e+00,  1.575646e+02
  4.166737e+00,  1.402941e+02
  3.564775e+00,  1.161087e+02
  3.380605e+00,  8.293412e+01
  4.020445e+00,  5.083176e+01
  5.223628e+00,  2.893647e+01
  6.506622e+00,  1.486452e+01
  7.530962e+00,  5.022766e+00
  8.087103e+00,  3.574099e+02
  8.060835e+00,  3.509642e+02
  7.422592e+00,  3.450264e+02
  6.221512e+00,  3.390229e+02
  4.576602e+00,  3.320769e+02
  2.668666e+00,  3.214492e+02
  8.511513e-01,  2.816046e+02
  1.501911e+00,  1.701951e+02
  3.062228e+00,  1.509871e+02
  4.269139e+00,  1.404410e+02
  5.025021e+00,  1.304627e+02
  5.359484e+00,  1.190893e+02
  5.408082e+00,  1.052056e+02
  5.393746e+00,  8.845147e+01
  5.545467e+00,  7.006317e+01
  5.954093e+00,  5.274041e+01
  6.508536e+00,  3.861444e+01
  6.992812e+00,  2.813654e+01
  7.208068e+00,  2.086812e+01
  7.030940e+00,  1.636662e+01
  6.429848e+00,  1.459035e+01
  5.468944e+00,  1.619196e+01
  4.317838e+00,  2.309203e+01
  3.288537e+00,  3.916292e+01
  2.838665e+00,  6.584848e+01
  3.124624e+00,  9.060518e+01
  3.676743e+00,  1.043197e+02
  4.045424e+00,  1.101579e+02
  4.028752e+00,  1.114237e+02
  3.583064e+00,  1.092898e+02
  2.772021e+00,  1.029574e+02
  1.769254e+00,  8.711923e+01
  1.054166e+00,  4.010854e+01
  1.459195e+00,  3.427747e+02
  2.247881e+00,  3.206732e+02
  2.794794e+00,  3.092548e+02
  2.932624e+00,  2.998247e+02
  2.638327e+00,  2.884817e+02
  2.030564e+00,  2.693179e+02
  1.554825e+00,  2.293118e+02
  2.003761e+00,  1.814834e+02
  3.105639e+00,  1.571645e+02
  4.238808e+00,  1.451325e+02
  5.097333e+00,  1.376874e+02
  5.508239e+00,  1.321992e+02
  5.380291e+00,  1.275760e+02
  4.699118e+00,  1.231616e+02
  3.525881e+00,  1.181670e+02
  1.994096e+00,  1.100524e+02
  4.423115e-01,  5.690739e+01
  1.568868e+00,  3.091813e+02
  3.061110e+00,  2.987357e+02
  4.168668e+00,  2.929963e+02
  4.740280e+00,  2.878566e+02
  4.702196e+00,  2.820927e+02
  4.065994e+00,  2.742718e+02
  2.957877e+00,  2.605924e+02
  1.800821e+00,  2.260649e+02
  1.978997e+00,  1.611452e+02
  3.499790e+00,  1.300034e+02
  5.148910e+00,  1.166469e+02
  6.512734e+00,  1.080842e+02
  7.409367e+00,  1.009117e+02
  7.761162e+00,  9.376673e+01
  7.584070e+00,  8.573147e+01
  6.988747e+00,  7.585968e+01
  6.177861e+00,  6.305120e+01
  5.423239e+00,  4.649792e+01
  4.974449e+00,  2.721097e+01
  4.882047e+00,  8.911435e+00
  4.940140e+00,  3.551807e+02
  4.875437e+00,  3.472069e+02
  4.531159e+00,  3.453634e+02
  3.946858e+00,  3.512890e+02
  3.442489e+00,  8.281904e+00
  3.601437e+00,  3.368192e+01
  4.621535e+00,  5.345284e+01
  6.064595e+00,  6.330631e+01
  7.485707e+00,  6.694311e+01
  8.604213e+00,  6.703785e+01
  9.260691e+00,  6.475349e+01
  9.397885e+00,  6.042911e+01
  9.058833e+00,  5.391908e+01
  8.386140e+00,  4.475293e+01
  7.610226e+00,  3.239777e+01
  7.000200e+00,  1.698005e+01
  6.742059e+00,  2.606576e-01
  6.803665e+00,  3.451482e+02
  6.961842e+00,  3.336116e+02
  6.969955e+00,  3.260492e+02
  6.677639e+00,  3.222900e+02
  6.064936e+00,  3.224722e+02
  5.245035e+00,  3.274547e+02
  4.462016e+00,  3.386281e+02
  4.034159e+00,  3.556421e+02
  4.112083e+00,  1.300604e+01
  4.476734e+00,  2.474311e+01
  4.776961e+00,  2.992270e+01
  4.783755e+00,  2.952944e+01
  4.439119e+00,  2.356283e+01
  3.871574e+00,  1.016806e+01
  3.454189e+00,  3.466337e+02
  3.696339e+00,  3.173621e+02
  4.649447e+00,  2.943373e+02
  5.884221e+00,  2.798475e+02
  7.012418e+00,  2.705177e+02
  7.794718e+00,  2.638732e+02
  8.103547e+00,  2.585928e+02
  7.902306e+00,  2.539256e+02
  7.234774e+00,  2.493439e+02
  6.213457e+00,  2.443400e+02
  5.003487e+00,  2.382602e+02
  3.802075e+00,  2.301714e+02
  2.810949e+00,  2.191351e+02
  2.184208e+00,  2.062713e+02
  1.951251e+00,  1.978067e+02
  2.070669e+00,  1.997845e+02
  2.593358e+00,  2.088334e+02
  3.559474e+00,  2.172993e+02
  4.864777e+00,  2.224465e+02
  6.318160e+00,  2.249658e+02
  7.707114e+00,  2.258730e+02
  8.829418e+00,  2.258271e+02
  9.516038e+00,  2.252070e+02
  9.651393e+00,  2.242308e+02
  9.185313e+00,  2.230532e+02
  8.138600e+00,  2.218385e+02
  6.600755e+00,  2.208781e+02
  4.720940e+00,  2.209555e+02
  2.703017e+00,  2.252573e+02
  9.702849e-01,  2.610580e+02
  1.566226e+00,  3.472366e+02
  2.979166e+00,  3.566526e+02
  4.082976e+00,  3.532810e+02
  4.837113e+00,  3.452432e+02
  5.349205e+00,  3.338848e+02
  5.799052e+00,  3.201498e+02
  6.348107e+00,  3.056811e+02
  7.037419e+00,  2.924023e+02
  7.763638e+00,  2.815208e+02
  8.345885e+00,  2.733133e+02
  8.607467e+00,  2.676197e+02
  8.428621e+00,  2.643216e+02
  7.775189e+00,  2.636483e+02
  6.719667e+00,  2.665117e+02
  5.475307e+00,  2.750683e+02
  4.464429e+00,  2.926859e+02
  4.263231e+00,  3.178809e+02
  4.976319e+00,  3.385807e+02
  6.057106e+00,  3.494809e+02
  7.012744e+00,  3.534912e+02
  7.595271e+00,  3.531519e+02
  7.727777e+00,  3.494959e+02
  7.462568e+00,  3.426084e+02
  6.965760e+00,  3.320699e+02
  6.493483e+00,  3.176172e+02
  6.307448e+00,  3.003714e+02
  6.511410e+00,  2.832951e+02
  6.968536e+00,  2.690902e+02
  7.424680e+00,  2.584557e+02
  7.662131e+00,  2.508304e+02
  7.557749e+00,  2.454592e+02
  7.082757e+00,  2.417743e+02
  6.285826e+00,  2.394158e+02
  5.271513e+00,  2.381543e+02
  4.175967e+00,  2.377523e+02
  3.141052e+00,  2.376489e+02
  2.291313e+00,  2.362119e+02
  1.729974e+00,  2.297628e+02
  1.570334e+00,  2.155337e+02
  1.893252e+00,  2.006223e+02
  2.621348e+00,  1.921420e+02
  3.603321e+00,  1.883628e+02
  4.688929e+00,  1.866227e+02
  5.729693e+00,  1.856429e+02
  6.584407e+00,  1.849258e+02
  7.134862e+00,  1.843002e+02
  7.302022e+00,  1.837338e+02
  7.057645e+00,  1.832712e+02
  6.429347e+00,  1.830310e+02
  5.498533e+00,  1.832508e+02
  4.391941e+00,  1.844058e+02
  3.269121e+00,  1.874634e+02
  2.309167e+00,  1.941964e+02
  1.689091e+00,  2.059429e+02
  1.500174e+00,  2.170844e+02
  1.679055e+00,  2.172219e+02
  2.196571e+00,  2.077173e+02
  3.088838e+00,  1.964957e+02
  4.309339e+00,  1.873246e+02
  5.723623e+00,  1.802594e+02
  7.158948e+00,  1.745336e+02
  8.437802e+00,  1.695027e+02
  9.401809e+00,  1.647080e+02
  9.931822e+00,  1.597904e+02
  9.963948e+00,  1.544063e+02
  9.500189e+00,  1.481478e+02
  8.613180e+00,  1.404503e+02
  7.445737e+00,  1.304755e+02
  6.205674e+00,  1.170402e+02
  5.145497e+00,  9.901639e+01
  4.481006e+00,  7.699240e+01
  4.223489e+00,  5.466171e+01
  4.130845e+00,  3.561388e+01
  3.912076e+00,  2.007016e+01
  3.396788e+00,  5.946783e+00
  2.569974e+00,  3.491918e+02
  1.644054e+00,  3.182440e+02
  1.492190e+00,  2.562371e+02
  2.548630e+00,  2.170999e+02
  3.868861e+00,  2.008943e+02
  5.029361e+00,  1.917300e+02
  5.846431e+00,  1.851927e+02
  6.219092e+00,  1.797521e+02
  6.109437e+00,  1.746278e+02
  5.539217e+00,  1.691727e+02
  4.586394e+00,  1.624654e+02
  3.384716e+00,  1.524736e+02
  2.156583e+00,  1.330038e+02
  1.430339e+00,  8.732688e+01
  1.862375e+00,  3.785999e+01
  2.731632e+00,  1.600720e+01
  3.468831e+00,  4.901113e+00
  3.933473e+00,  3.571772e+02
  4.112292e+00,  3.503344e+02
  4.055745e+00,  3.431157e+02
  3.859026e+00,  3.346582e+02
  3.645845e+00,  3.245032e+02
  3.540347e+00,  3.131012e+02
  3.622545e+00,  3.021198e+02
  3.897799e+00,  2.935031e+02
  4.317187e+00,  2.881131e+02
  4.819648e+00,  2.856244e+02
  5.350642e+00,  2.852126e+02
  5.858859e+00,  2.860638e+02
  6.290072e+00,  2.875720e+02
  6.587702e+00,  2.893712e+02
  6.700163e+00,  2.913089e+02
  6.591420e+00,  2.934151e+02
  6.251390e+00,  2.958970e+02
  5.704429e+00,  2.991793e+02
  5.016224e+00,  3.039983e+02
  4.300849e+00,  3.114776e+02
  3.725008e+00,  3.227464e+02
  3.477009e+00,  3.371157e+02
  3.651178e+00,  3.503718e+02
  4.170744e+00,  3.583864e+02
  4.900152e+00,  7.210789e-01
  5.753214e+00,  3.589098e+02
  6.691540e+00,  3.545810e+02
  7.685797e+00,  3.489839e+02
  8.687459e+00,  3.429583e+02
  9.620548e+00,  3.369922e+02
  1.038948e+01,  3.313121e+02
  1.089502e+01,  3.259791e+02
  1.105144e+01,  3.209640e+02
  1.080052e+01,  3.161957e+02
  1.012066e+01,  3.115865e+02
  9.030215e+00,  3.070421e+02
  7.585510e+00,  3.024612e+02
  5.874072e+00,  2.977271e+02
  4.004270e+00,  2.926735e+02
  2.092523e+00,  2.868915e+02
  2.529267e-01,  2.714849e+02
  1.437282e+00,  9.852432e+01
  2.901027e+00,  9.079225e+01
  4.119376e+00,  8.305257e+01
  5.101711e+00,  7.476695e+01
  5.883504e+00,  6.595845e+01
  6.509865e+00,  5.684908e+01
  7.016362e+00,  4.778572e+01
  7.414467e+00,  3.915369e+01
  7.688061e+00,  3.128678e+01
  7.801682e+00,  2.441942e+01
  7.715199e+00,  1.869969e+01
  7.399112e+00,  1.423984e+01
  6.845952e+00,  1.119682e+01
  6.077026e+00,  9.887118e+00
  5.146884e+00,  1.098167e+01
  4.151521e+00,  1.587612e+01
  3.251778e+00,  2.718262e+01
  2.706863e+00,  4.739841e+01
  2.756916e+00,  7.129900e+01
  3.296984e+00,  8.816609e+01
  4.027435e+00,  9.659237e+01
  4.758812e+00,  9.964752e+01
  5.414354e+00,  9.952420e+01
  5.975869e+00,  9.740073e+01
  6.452964e+00,  9.395175e+01
  6.864977e+00,  8.963523e+01
  7.228393e+00,  8.481155e+01
  7.548601e+00,  7.977396e+01
  7.816515e+00,  7.474063e+01
  8.009918e+00,  6.984183e+01
  8.098236e+00,  6.511865e+01
  8.048814e+00,  6.053348e+01
  7.833102e+00,  5.598356e+01
  7.431800e+00,  5.130735e+01
  6.839074e+00,  4.627380e+01
  6.066413e+00,  4.054241e+01
  5.143835e+00,  3.355117e+01
  4.123802e+00,  2.423651e+01
  3.094417e+00,  1.031086e+01
  2.224038e+00,  3.467873e+02
  1.840550e+00,  3.090748e+02
  2.151260e+00,  2.720619e+02
  2.820696e+00,  2.486388e+02
  3.524275e+00,  2.335407e+02
  4.129609e+00,  2.221230e+02
  4.588845e+00,  2.123351e+02
  4.888302e+00,  2.032938e+02
  5.029309e+00,  1.946269e+02
  5.018400e+00,  1.862165e+02
  4.861558e+00,  1.780886e+02
  4.561635e+00,  1.703622e+02
  4.118798e+00,  1.632380e+02
  3.533579e+00,  1.570489e+02
  2.812135e+00,  1.524790e+02
  1.975822e+00,  1.514784e+02
  1.101527e+00,  1.627115e+02
  7.163679e-01,  2.250239e+02
  1.503862e+00,  2.641429e+02
  2.562400e+00,  2.693016e+02
  3.622837e+00,  2.674748e+02
  4.614623e+00,  2.632790e+02
  5.497962e+00,  2.578668e+02
  6.249831e+00,  2.516054e+02
  6.863102e+00,  2.446204e+02
  7.345585e+00,  2.369624e+02
  7.716838e+00,  2.286771e+02
  8.002767e+00,  2.198394e+02
  8.229145e+00,  2.105643e+02
  8.415799e+00,  2.009994e+02
  8.573109e+00,  1.913024e+02
  8.701587e+00,  1.816150e+02
  8.794088e+00,  1.720446e+02
  8.839353e+00,  1.626590e+02
  8.825365e+00,  1.534937e+02
  8.741433e+00,  1.445666e+02
  8.578632e+00,  1.358931e+02
  8.329015e+00,  1.274970e+02
  7.984597e+00,  1.194139e+02
  7.537170e+00,  1.116888e+02
  6.979486e+00,  1.043743e+02
  6.307550e+00,  9.753380e+01
  5.523153e+00,  9.126192e+01
  4.635823e+00,  8.573743e+01
  3.664083e+00,  8.136520e+01
  2.638500e+00,  7.924227e+01
  1.617081e+00,  8.329185e+01
  8.014998e-01,  1.138993e+02
  9.965274e-01,  1.783225e+02
  1.820947e+00,  1.947748e+02
  2.648595e+00,  1.959328e+02
  3.367974e+00,  1.930334e+02
  3.938822e+00,  1.885261e+02
  4.337876e+00,  1.832006e+02
  4.551019e+00,  1.773820e+02
  4.571096e+00,  1.712239e+02
  4.396675e+00,  1.647968e+02
  4.031122e+00,  1.581056e+02
  3.482256e+00,  1.510536e+02
  2.763145e+00,  1.432908e+02
  1.895448e+00,  1.335569e+02
  9.292875e-01,  1.146110e+02
  4.825652e-01,  9.760069e+00
  1.503818e+00,  3.242593e+02
  2.675190e+00,  3.122029e+02
  3.834040e+00,  3.044285e+02
  4.925229e+00,  2.979810e+02
  5.905778e+00,  2.920923e+02
  6.741483e+00,  2.864462e+02
  7.408001e+00,  2.808616e+02
  7.892941e+00,  2.752049e+02
  8.199058e+00,  2.693629e+02
  8.341565e+00,  2.632384e+02
  8.345729e+00,  2.567527e+02
  8.243668e+00,  2.498564e+02
  8.069602e+00,  2.425429e+02
  7.854102e+00,  2.348588e+02
  7.618546e+00,  2.269007e+02
  7.371426e+00,  2.187922e+02
  7.108040e+00,  2.106433e+02
  6.814064e+00,  2.025055e+02
  6.472050e+00,  1.943380e+02
  6.068898e+00,  1.859932e+02
  5.602342e+00,  1.772188e+02
  5.085004e+00,  1.676732e+02
  4.544946e+00,  1.569668e+02
  4.021429e+00,  1.447603e+02
  3.553973e+00,  1.309553e+02
  3.164373e+00,  1.159153e+02
  2.838883e+00,  1.004513e+02
  2.526011e+00,  8.535332e+01
  2.156840e+00,  7.070787e+01
  1.675904e+00,  5.510757e+01
  1.080982e+00,  3.247975e+01
  6.331090e-01,  3.332273e+02
  1.150718e+00,  2.669280e+02
  2.139446e+00,  2.444478e+02
  3.208406e+00,  2.326269e+02
  4.232884e+00,  2.239906e+02
  5.122402e+00,  2.165723e+02
  5.803199e+00,  2.095650e+02
  6.222523e+00,  2.024935e+02
  6.354954e+00,  1.949748e+02
  6.207219e+00,  1.866176e+02
  5.819951e+00,  1.769632e+02
  5.265294e+00,  1.654570e+02
  4.638944e+00,  1.514830e+02
  4.043883e+00,  1.345541e+02
  3.562748e+00,  1.146954e+02
  3.226321e+00,  9.266871e+01
  3.009350e+00,  6.939297e+01
  2.877617e+00,  4.499966e+01
  2.852329e+00,  1.903916e+01
  3.023552e+00,  3.522203e+02
  3.470646e+00,  3.273397e+02
  4.168660e+00,  3.068573e+02
  5.002193e+00,  2.909684e+02
  5.831360e+00,  2.786255e+02
  6.529867e+00,  2.687096e+02
  6.999296e+00,  2.603560e+02
  7.176511e+00,  2.529181e+02
  7.039241e+00,  2.458719e+02
  6.606428e+00,  2.387062e+02
  5.937568e+00,  2.308152e+02
  5.130575e+00,  2.213934e+02
  4.317794e+00,  2.094099e+02
  3.654132e+00,  1.940333e+02
  3.272874e+00,  1.760760e+02
  3.197851e+00,  1.590018e+02
  3.317447e+00,  1.462573e+02
  3.488747e+00,  1.386367e+02
  3.625087e+00,  1.352771e+02
  3.700529e+00,  1.350133e+02
  3.721545e+00,  1.367268e+02
  3.699053e+00,  1.393288e+02
  3.632117e+00,  1.417820e+02
  3.507693e+00,  1.431789e+02
  3.313323e+00,  1.427673e+02
  3.053833e+00,  1.398927e+02
  2.763212e+00,  1.339846e+02
  2.503785e+00,  1.248711e+02
  2.342047e+00,  1.136091e+02
  2.302316e+00,  1.029397e+02
  2.345552e+00,  9.593669e+01
  2.415120e+00,  9.442248e+01
  2.505832e+00,  9.896675e+01
  2.697778e+00,  1.087691e+02
  3.112174e+00,  1.207717e+02
  3.801902e+00,  1.310532e+02
  4.703449e+00,  1.377324e+02
  5.687967e+00,  1.409391e+02
  6.617466e+00,  1.413365e+02
  7.374749e+00,  1.394098e+02
  7.882375e+00,  1.353466e+02
  8.119083e+00,  1.290830e+02
  8.132978e+00,  1.204021e+02
  8.044025e+00,  1.091424e+02
  8.019305e+00,  9.558343e+01
  8.204239e+00,  8.079738e+01
  8.634508e+00,  6.637881e+01
  9.206283e+00,  5.356495e+01
  9.732518e+00,  4.274731e+01
  1.002205e+01,  3.370676e+01
  9.930238e+00,  2.600367e+01
  9.380246e+00,  1.918411e+01
  8.367562e+00,  1.282320e+01
  6.955023e+00,  6.476581e+00
  5.261131e+00,  3.595268e+02
  3.444493e+00,  3.506517e+02
  1.697940e+00,  3.345919e+02
  5.658662e-01,  2.569516e+02
  1.406848e+00,  1.826267e+02
  2.266303e+00,  1.629584e+02
  2.806227e+00,  1.466048e+02
  3.141660e+00,  1.280213e+02
  3.503800e+00,  1.068284e+02
  4.101553e+00,  8.596882e+01
  4.957776e+00,  6.872997e+01
  5.919178e+00,  5.588405e+01
  6.779484e+00,  4.659271e+01
  7.358186e+00,  3.987033e+01
  7.529749e+00,  3.504635e+01
  7.234244e+00,  3.178819e+01
  6.480625e+00,  3.009731e+01
  5.345431e+00,  3.045544e+01
  3.972210e+00,  3.443149e+01
  2.596615e+00,  4.693183e+01
  1.699914e+00,  8.069295e+01
  1.897578e+00,  1.235829e+02
  2.597912e+00,  1.425027e+02
  3.131795e+00,  1.483866e+02
  3.313864e+00,  1.487337e+02
  3.137064e+00,  1.454463e+02
  2.688429e+00,  1.381272e+02
  2.134627e+00,  1.245849e+02
  1.717630e+00,  1.021755e+02
  1.635799e+00,  7.608479e+01
  1.781257e+00,  5.887327e+01
  1.902538e+00,  5.381830e+01
  1.916212e+00,  6.010419e+01
  1.975725e+00,  7.745813e+01
  2.374625e+00,  9.936290e+01
  3.194703e+00,  1.155068e+02
  4.241159e+00,  1.243564e+02
  5.272672e+00,  1.285269e+02
  6.085155e+00,  1.299247e+02
  6.522633e+00,  1.294816e+02
  6.486324e+00,  1.275226e+02
  5.945143e+00,  1.238996e+02
  4.945371e+00,  1.177829e+02
  3.628057e+00,  1.065974e+02
  2.316236e+00,  8.177151e+01
  1.858402e+00,  2.947092e+01
  2.697934e+00,  3.485928e+02
  3.777240e+00,  3.296358e+02
  4.547572e+00,  3.175514e+02
  4.842509e+00,  3.066442e+02
  4.662087e+00,  2.939001e+02
  4.174238e+00,  2.761247e+02
  3.780293e+00,  2.500812e+02
  4.017940e+00,  2.190972e+02
  4.982412e+00,  1.939457e+02
  6.245192e+00,  1.772953e+02
  7.376093e+00,  1.660369e+02
  8.090934e+00,  1.576241e+02
  8.225299e+00,  1.505796e+02
  7.717218e+00,  1.439197e+02
  6.601625e+00,  1.366540e+02
  5.010450e+00,  1.270217e+02
  3.204429e+00,  1.097939e+02
  1.865130e+00,  6.529658e+01
  2.381593e+00,  4.784496e+00
  3.756781e+00,  3.399116e+02
  4.877044e+00,  3.279017e+02
  5.450904e+00,  3.193949e+02
  5.399376e+00,  3.114775e+02
  4.762659e+00,  3.022204e+02
  3.701754e+00,  2.885360e+02
  2.582175e+00,  2.627005e+02
  2.212323e+00,  2.164008e+02
  2.999901e+00,  1.786913e+02
  4.077689e+00,  1.599504e+02
  4.777122e+00,  1.490721e+02
  3.852450e+00,  1.407100e+02
##END=
