##TITLE= E:\桌面\nmr\ogm\sjd\matlabcod\1\4_14_xjhsjd
##JCAMP-DX= 5.00 Bruker JCAMP library
##DATA TYPE= Shape Data
##ORIGIN= Colm's GRAPE Pulses 
##OWNER= Dawei.Lu
##DATE= 02-Aug-2025
##TIME= 11:49
##MINX= 8.105331e-02
##MAXX= 1.356372e+01
##MINY= 5.465338e-01
##MAXY= 3.599516e+02
##$SHAPE_EXMODE= None
##$SHAPE_TOTROT= 9.000000e+01
##$SHAPE_BWFAC= 1.000000e+00
##$SHAPE_INTEGFAC= 1.000000e+00
##$SHAPE_MODE= 1
##PULSE_WIDTH= 5000
##Calibration_Power= 12500
##NPOINTS= 1000
##XYPOINTS= (XY..XY)
  3.469307e+00,  2.889862e+00
  4.597976e+00,  3.599516e+02
  5.745153e+00,  3.489254e+02
  5.639451e+00,  3.289909e+02
  5.609995e+00,  3.063525e+02
  5.857125e+00,  2.832071e+02
  6.381603e+00,  2.615709e+02
  7.072852e+00,  2.424307e+02
  7.783311e+00,  2.256491e+02
  8.382829e+00,  2.105872e+02
  8.780812e+00,  1.965422e+02
  8.932715e+00,  1.828801e+02
  8.841613e+00,  1.690424e+02
  8.556201e+00,  1.545456e+02
  8.162103e+00,  1.390357e+02
  7.761911e+00,  1.224188e+02
  7.442119e+00,  1.050093e+02
  7.236740e+00,  8.750962e+01
  7.111321e+00,  7.069875e+01
  6.982847e+00,  5.504274e+01
  6.760814e+00,  4.054537e+01
  6.382822e+00,  2.683657e+01
  5.833040e+00,  1.329938e+01
  5.146189e+00,  3.591285e+02
  4.401997e+00,  3.433601e+02
  3.710402e+00,  3.250691e+02
  3.178482e+00,  3.040848e+02
  2.850229e+00,  2.819794e+02
  2.660624e+00,  2.614367e+02
  2.477794e+00,  2.439158e+02
  2.190483e+00,  2.288440e+02
  1.753021e+00,  2.140393e+02
  1.200439e+00,  1.940319e+02
  7.482264e-01,  1.504983e+02
  9.650614e-01,  9.025387e+01
  1.636006e+00,  6.538210e+01
  2.349266e+00,  5.571761e+01
  2.992804e+00,  5.153032e+01
  3.536103e+00,  5.009151e+01
  3.982941e+00,  5.024090e+01
  4.353602e+00,  5.117204e+01
  4.669280e+00,  5.212255e+01
  4.940849e+00,  5.234605e+01
  5.167658e+00,  5.118111e+01
  5.347226e+00,  4.811910e+01
  5.489876e+00,  4.285291e+01
  5.628381e+00,  3.535150e+01
  5.812595e+00,  2.597364e+01
  6.085079e+00,  1.550200e+01
  6.449117e+00,  4.927352e+00
  6.852979e+00,  3.550625e+02
  7.202433e+00,  3.463114e+02
  7.389748e+00,  3.387205e+02
  7.320525e+00,  3.321383e+02
  6.933139e+00,  3.263455e+02
  6.209609e+00,  3.211225e+02
  5.178547e+00,  3.162762e+02
  3.911155e+00,  3.116634e+02
  2.511425e+00,  3.072894e+02
  1.102543e+00,  3.042276e+02
  2.139085e-01,  9.156047e+01
  1.279542e+00,  1.028365e+02
  2.073415e+00,  9.492583e+01
  2.583328e+00,  8.311244e+01
  2.903284e+00,  6.698840e+01
  3.234306e+00,  4.676233e+01
  3.806110e+00,  2.532661e+01
  4.710722e+00,  6.609334e+00
  5.855125e+00,  3.520430e+02
  7.062583e+00,  3.408941e+02
  8.155776e+00,  3.320044e+02
  8.988771e+00,  3.244424e+02
  9.459776e+00,  3.175217e+02
  9.518944e+00,  3.106896e+02
  9.173369e+00,  3.034205e+02
  8.488693e+00,  2.951300e+02
  7.586741e+00,  2.851181e+02
  6.637061e+00,  2.726288e+02
  5.829311e+00,  2.572718e+02
  5.306935e+00,  2.398752e+02
  5.075617e+00,  2.227142e+02
  4.987967e+00,  2.079301e+02
  4.845672e+00,  1.960982e+02
  4.500125e+00,  1.865618e+02
  3.884512e+00,  1.781023e+02
  3.010467e+00,  1.687632e+02
  1.976163e+00,  1.535028e+02
  1.135258e+00,  1.124132e+02
  1.474624e+00,  5.013680e+01
  2.544290e+00,  2.734590e+01
  3.620064e+00,  1.921100e+01
  4.513990e+00,  1.563496e+01
  5.148819e+00,  1.400948e+01
  5.489580e+00,  1.334838e+01
  5.531329e+00,  1.310819e+01
  5.294122e+00,  1.284157e+01
  4.819412e+00,  1.201847e+01
  4.168400e+00,  9.833982e+00
  3.425687e+00,  4.888387e+00
  2.715002e+00,  3.547356e+02
  2.226316e+00,  3.365837e+02
  2.160788e+00,  3.133763e+02
  2.485959e+00,  2.953207e+02
  2.957476e+00,  2.856729e+02
  3.377394e+00,  2.818094e+02
  3.638675e+00,  2.814627e+02
  3.692075e+00,  2.835368e+02
  3.529076e+00,  2.877326e+02
  3.177681e+00,  2.943797e+02
  2.704527e+00,  3.045276e+02
  2.222000e+00,  3.200566e+02
  1.887498e+00,  3.423916e+02
  1.824691e+00,  7.827570e+00
  1.971030e+00,  2.857430e+01
  2.135428e+00,  4.217651e+01
  2.165684e+00,  5.021491e+01
  1.986451e+00,  5.388658e+01
  1.588680e+00,  5.238439e+01
  1.048055e+00,  3.912909e+01
  7.354083e-01,  3.505881e+02
  1.231683e+00,  3.059404e+02
  2.034462e+00,  2.934669e+02
  2.798647e+00,  2.905181e+02
  3.391212e+00,  2.910668e+02
  3.733728e+00,  2.936974e+02
  3.789337e+00,  2.983265e+02
  3.572162e+00,  3.056771e+02
  3.167531e+00,  3.174172e+02
  2.765831e+00,  3.360594e+02
  2.664461e+00,  1.505306e+00
  3.046317e+00,  2.573945e+01
  3.754965e+00,  4.211440e+01
  4.523104e+00,  5.154050e+01
  5.160673e+00,  5.636064e+01
  5.560834e+00,  5.789373e+01
  5.685492e+00,  5.656330e+01
  5.564339e+00,  5.219443e+01
  5.301030e+00,  4.426786e+01
  5.070967e+00,  3.248782e+01
  5.072507e+00,  1.792535e+01
  5.407053e+00,  3.432524e+00
  5.996138e+00,  3.516354e+02
  6.647729e+00,  3.432399e+02
  7.164818e+00,  3.377062e+02
  7.395999e+00,  3.342825e+02
  7.245698e+00,  3.323975e+02
  6.673097e+00,  3.317135e+02
  5.688516e+00,  3.321356e+02
  4.348195e+00,  3.339567e+02
  2.749971e+00,  3.387622e+02
  1.074011e+00,  3.593344e+02
  1.061165e+00,  1.163309e+02
  2.681342e+00,  1.373593e+02
  4.184242e+00,  1.428610e+02
  5.416567e+00,  1.457247e+02
  6.314436e+00,  1.475527e+02
  6.854220e+00,  1.486573e+02
  7.048938e+00,  1.489786e+02
  6.946732e+00,  1.482467e+02
  6.629778e+00,  1.460143e+02
  6.214065e+00,  1.417170e+02
  5.846519e+00,  1.349241e+02
  5.684784e+00,  1.259194e+02
  5.842102e+00,  1.161853e+02
  6.325773e+00,  1.077312e+02
  7.039659e+00,  1.017244e+02
  7.843087e+00,  9.818461e+01
  8.598095e+00,  9.659119e+01
  9.186922e+00,  9.638009e+01
  9.516797e+00,  9.711750e+01
  9.523378e+00,  9.851594e+01
  9.174800e+00,  1.004086e+02
  8.474749e+00,  1.027241e+02
  7.462760e+00,  1.054745e+02
  6.210708e+00,  1.087635e+02
  4.815519e+00,  1.128375e+02
  3.389451e+00,  1.182699e+02
  2.051568e+00,  1.267354e+02
  9.321027e-01,  1.457092e+02
  4.006647e-01,  2.254462e+02
  7.585293e-01,  2.843217e+02
  9.985560e-01,  3.058317e+02
  1.017858e+00,  3.282009e+02
  9.970101e-01,  1.165398e+00
  1.230775e+00,  3.849413e+01
  1.763219e+00,  6.425562e+01
  2.406475e+00,  7.986341e+01
  3.000223e+00,  9.055177e+01
  3.440030e+00,  9.910199e+01
  3.666389e+00,  1.069275e+02
  3.661865e+00,  1.149047e+02
  3.448732e+00,  1.237293e+02
  3.082446e+00,  1.340464e+02
  2.637874e+00,  1.463957e+02
  2.184805e+00,  1.609031e+02
  1.753567e+00,  1.768362e+02
  1.310044e+00,  1.927475e+02
  7.712471e-01,  2.080691e+02
  8.105331e-02,  2.670740e+02
  8.965780e-01,  3.847163e+01
  2.051628e+00,  4.739274e+01
  3.362438e+00,  5.319762e+01
  4.734930e+00,  5.743377e+01
  6.053245e+00,  6.054444e+01
  7.194861e+00,  6.272060e+01
  8.046873e+00,  6.401854e+01
  8.521473e+00,  6.437894e+01
  8.570044e+00,  6.360388e+01
  8.196064e+00,  6.128918e+01
  7.468742e+00,  5.669317e+01
  6.542159e+00,  4.856064e+01
  5.682102e+00,  3.525236e+01
  5.253410e+00,  1.654524e+01
  5.514161e+00,  3.567952e+02
  6.345732e+00,  3.416155e+02
  7.407489e+00,  3.320471e+02
  8.413227e+00,  3.265122e+02
  9.188712e+00,  3.234498e+02
  9.643159e+00,  3.217820e+02
  9.742974e+00,  3.207390e+02
  9.496284e+00,  3.196639e+02
  8.945716e+00,  3.178602e+02
  8.169800e+00,  3.144579e+02
  7.295640e+00,  3.083158e+02
  6.520914e+00,  2.981879e+02
  6.111799e+00,  2.838062e+02
  6.288324e+00,  2.676427e+02
  7.033662e+00,  2.536722e+02
  8.105473e+00,  2.436311e+02
  9.217204e+00,  2.369041e+02
  1.013522e+01,  2.323204e+02
  1.069128e+01,  2.289203e+02
  1.077918e+01,  2.259943e+02
  1.035502e+01,  2.229481e+02
  9.440678e+00,  2.191329e+02
  8.129696e+00,  2.136013e+02
  6.601927e+00,  2.046768e+02
  5.163786e+00,  1.893875e+02
  4.296378e+00,  1.650479e+02
  4.395195e+00,  1.377805e+02
  5.187696e+00,  1.185477e+02
  6.099940e+00,  1.078889e+02
  6.777053e+00,  1.024616e+02
  7.065954e+00,  1.001106e+02
  6.930240e+00,  9.977123e+01
  6.406340e+00,  1.009369e+02
  5.576779e+00,  1.033643e+02
  4.547099e+00,  1.069027e+02
  3.423559e+00,  1.113291e+02
  2.293565e+00,  1.159936e+02
  1.215327e+00,  1.181430e+02
  2.999230e-01,  8.046129e+01
  8.614319e-01,  3.450681e+02
  1.780532e+00,  3.445393e+02
  2.667403e+00,  3.493765e+02
  3.474495e+00,  3.544893e+02
  4.136077e+00,  3.588538e+02
  4.574906e+00,  2.105989e+00
  4.720401e+00,  3.982467e+00
  4.528236e+00,  4.037969e+00
  4.001064e+00,  1.243871e+00
  3.221570e+00,  3.529961e+02
  2.446911e+00,  3.329623e+02
  2.282794e+00,  2.970920e+02
  3.089060e+00,  2.678532e+02
  4.353912e+00,  2.542756e+02
  5.639112e+00,  2.485889e+02
  6.726888e+00,  2.465199e+02
  7.496233e+00,  2.463706e+02
  7.884166e+00,  2.474176e+02
  7.875005e+00,  2.493208e+02
  7.493478e+00,  2.518994e+02
  6.795733e+00,  2.550271e+02
  5.857640e+00,  2.585618e+02
  4.761963e+00,  2.622617e+02
  3.587215e+00,  2.656166e+02
  2.402836e+00,  2.672871e+02
  1.283753e+00,  2.619580e+02
  5.241319e-01,  2.097860e+02
  1.060143e+00,  1.468721e+02
  1.853481e+00,  1.389638e+02
  2.502358e+00,  1.389420e+02
  2.927163e+00,  1.402270e+02
  3.075472e+00,  1.410005e+02
  2.916227e+00,  1.399410e+02
  2.460544e+00,  1.347045e+02
  1.829472e+00,  1.187477e+02
  1.516359e+00,  7.906941e+01
  2.227173e+00,  4.022872e+01
  3.574215e+00,  2.432166e+01
  5.090906e+00,  1.822026e+01
  6.554690e+00,  1.577661e+01
  7.815677e+00,  1.492473e+01
  8.760074e+00,  1.483822e+01
  9.309503e+00,  1.511599e+01
  9.425529e+00,  1.551289e+01
  9.112185e+00,  1.582242e+01
  8.414546e+00,  1.579732e+01
  7.413699e+00,  1.505805e+01
  6.220516e+00,  1.294194e+01
  4.973295e+00,  8.229978e+00
  3.847369e+00,  3.587984e+02
  3.071546e+00,  3.423565e+02
  2.848514e+00,  3.214608e+02
  3.105711e+00,  3.050065e+02
  3.547370e+00,  2.965673e+02
  3.949432e+00,  2.940692e+02
  4.207496e+00,  2.952942e+02
  4.285052e+00,  2.989765e+02
  4.181703e+00,  3.045118e+02
  3.920550e+00,  3.116989e+02
  3.543095e+00,  3.205884e+02
  3.104017e+00,  3.313380e+02
  2.660163e+00,  3.439609e+02
  2.250760e+00,  3.579302e+02
  1.874853e+00,  1.187723e+01
  1.485855e+00,  2.370688e+01
  1.018716e+00,  3.004674e+01
  4.678360e-01,  1.389765e+01
  5.870084e-01,  2.823720e+02
  1.494097e+00,  2.673945e+02
  2.565983e+00,  2.675764e+02
  3.687126e+00,  2.700580e+02
  4.762713e+00,  2.730141e+02
  5.700579e+00,  2.760195e+02
  6.420237e+00,  2.789711e+02
  6.862989e+00,  2.818572e+02
  6.999835e+00,  2.846808e+02
  6.832913e+00,  2.874377e+02
  6.393882e+00,  2.900965e+02
  5.739269e+00,  2.925668e+02
  4.943529e+00,  2.946462e+02
  4.091468e+00,  2.959213e+02
  3.272160e+00,  2.956056e+02
  2.576998e+00,  2.924002e+02
  2.100516e+00,  2.850199e+02
  1.920939e+00,  2.746648e+02
  2.038728e+00,  2.663323e+02
  2.369959e+00,  2.633985e+02
  2.825738e+00,  2.651159e+02
  3.344495e+00,  2.696100e+02
  3.879615e+00,  2.755316e+02
  4.390602e+00,  2.821456e+02
  4.843595e+00,  2.890895e+02
  5.214345e+00,  2.961672e+02
  5.488811e+00,  3.032157e+02
  5.659846e+00,  3.100291e+02
  5.721363e+00,  3.163263e+02
  5.663449e+00,  3.217477e+02
  5.472244e+00,  3.258574e+02
  5.136724e+00,  3.281154e+02
  4.662405e+00,  3.277830e+02
  4.091222e+00,  3.237600e+02
  3.525845e+00,  3.144987e+02
  3.142833e+00,  2.989757e+02
  3.118973e+00,  2.798244e+02
  3.445289e+00,  2.631215e+02
  3.914892e+00,  2.517722e+02
  4.304151e+00,  2.449161e+02
  4.458557e+00,  2.411575e+02
  4.294688e+00,  2.397429e+02
  3.794220e+00,  2.407505e+02
  3.008648e+00,  2.456285e+02
  2.097733e+00,  2.595732e+02
  1.511561e+00,  2.954667e+02
  1.895128e+00,  3.368803e+02
  2.798146e+00,  3.538679e+02
  3.651451e+00,  3.582523e+02
  4.246611e+00,  3.568087e+02
  4.524373e+00,  3.512000e+02
  4.534413e+00,  3.412846e+02
  4.444693e+00,  3.264026e+02
  4.520612e+00,  3.071163e+02
  4.980123e+00,  2.868902e+02
  5.806086e+00,  2.696954e+02
  6.784079e+00,  2.566045e+02
  7.667614e+00,  2.467065e+02
  8.262467e+00,  2.388402e+02
  8.444851e+00,  2.321100e+02
  8.162743e+00,  2.258434e+02
  7.433055e+00,  2.194426e+02
  6.335598e+00,  2.121966e+02
  5.005360e+00,  2.029598e+02
  3.629511e+00,  1.894287e+02
  2.466261e+00,  1.667343e+02
  1.863011e+00,  1.302655e+02
  1.904863e+00,  9.365794e+01
  2.109053e+00,  6.950959e+01
  2.109707e+00,  5.195739e+01
  1.836997e+00,  3.355343e+01
  1.447879e+00,  4.978709e+00
  1.411626e+00,  3.204156e+02
  2.024049e+00,  2.858715e+02
  2.912670e+00,  2.689253e+02
  3.764737e+00,  2.604302e+02
  4.424152e+00,  2.561243e+02
  4.818172e+00,  2.545110e+02
  4.939733e+00,  2.551388e+02
  4.841775e+00,  2.579784e+02
  4.625456e+00,  2.630443e+02
  4.412010e+00,  2.699253e+02
  4.294095e+00,  2.773462e+02
  4.289505e+00,  2.833800e+02
  4.345458e+00,  2.863964e+02
  4.393612e+00,  2.856263e+02
  4.401840e+00,  2.809900e+02
  4.388384e+00,  2.728780e+02
  4.397239e+00,  2.622048e+02
  4.449200e+00,  2.503929e+02
  4.502693e+00,  2.389099e+02
  4.457640e+00,  2.286987e+02
  4.194272e+00,  2.200875e+02
  3.613971e+00,  2.131276e+02
  2.665529e+00,  2.081906e+02
  1.363115e+00,  2.087513e+02
  4.421643e-01,  3.229201e+02
  2.158910e+00,  3.552565e+02
  4.039702e+00,  3.536309e+02
  5.836968e+00,  3.492241e+02
  7.401812e+00,  3.437008e+02
  8.618663e+00,  3.372823e+02
  9.419061e+00,  3.298890e+02
  9.791931e+00,  3.213321e+02
  9.785711e+00,  3.113818e+02
  9.499572e+00,  2.998387e+02
  9.060843e+00,  2.866491e+02
  8.588013e+00,  2.720498e+02
  8.146588e+00,  2.566347e+02
  7.720115e+00,  2.411515e+02
  7.224263e+00,  2.261268e+02
  6.555216e+00,  2.115911e+02
  5.640952e+00,  1.969560e+02
  4.477393e+00,  1.806983e+02
  3.166600e+00,  1.588579e+02
  2.066099e+00,  1.198239e+02
  2.087452e+00,  5.994927e+01
  3.209497e+00,  2.139859e+01
  4.537236e+00,  3.593472e+02
  5.738912e+00,  3.424825e+02
  6.736692e+00,  3.270085e+02
  7.559675e+00,  3.115730e+02
  8.296089e+00,  2.958409e+02
  9.042881e+00,  2.801103e+02
  9.849455e+00,  2.650108e+02
  1.068471e+01,  2.511294e+02
  1.144691e+01,  2.387640e+02
  1.200291e+01,  2.279206e+02
  1.223015e+01,  2.184438e+02
  1.204661e+01,  2.101434e+02
  1.142583e+01,  2.028758e+02
  1.039944e+01,  1.965977e+02
  9.051139e+00,  1.914250e+02
  7.507647e+00,  1.877350e+02
  5.924975e+00,  1.863836e+02
  4.484696e+00,  1.890481e+02
  3.402072e+00,  1.981252e+02
  2.886353e+00,  2.133008e+02
  2.926034e+00,  2.267849e+02
  3.226402e+00,  2.324118e+02
  3.516488e+00,  2.312669e+02
  3.658751e+00,  2.258938e+02
  3.587883e+00,  2.179096e+02
  3.265850e+00,  2.079749e+02
  2.671738e+00,  1.956237e+02
  1.823480e+00,  1.772677e+02
  9.607145e-01,  1.307005e+02
  1.413863e+00,  4.844110e+01
  2.895022e+00,  1.949355e+01
  4.571292e+00,  5.022819e+00
  6.226681e+00,  3.542620e+02
  7.713666e+00,  3.448680e+02
  8.906907e+00,  3.360110e+02
  9.708508e+00,  3.272737e+02
  1.005651e+01,  3.183782e+02
  9.929806e+00,  3.090887e+02
  9.347946e+00,  2.991560e+02
  8.366612e+00,  2.882582e+02
  7.070237e+00,  2.758952e+02
  5.563866e+00,  2.610728e+02
  3.981575e+00,  2.412859e+02
  2.572774e+00,  2.088772e+02
  2.055862e+00,  1.512559e+02
  2.988516e+00,  1.012402e+02
  4.528385e+00,  7.351472e+01
  6.185356e+00,  5.453226e+01
  7.798534e+00,  3.908070e+01
  9.267704e+00,  2.539793e+01
  1.050187e+01,  1.270830e+01
  1.141944e+01,  5.465338e-01
  1.196100e+01,  3.485481e+02
  1.210270e+01,  3.363752e+02
  1.186513e+01,  3.236902e+02
  1.131420e+01,  3.101561e+02
  1.055236e+01,  2.954668e+02
  9.699043e+00,  2.794187e+02
  8.862000e+00,  2.620079e+02
  8.107378e+00,  2.434837e+02
  7.443854e+00,  2.242501e+02
  6.834441e+00,  2.046085e+02
  6.231992e+00,  1.845042e+02
  5.618276e+00,  1.634333e+02
  5.029362e+00,  1.405617e+02
  4.558326e+00,  1.151867e+02
  4.317950e+00,  8.768668e+01
  4.360964e+00,  6.005388e+01
  4.628505e+00,  3.448621e+01
  4.999211e+00,  1.169746e+01
  5.369619e+00,  3.511727e+02
  5.687027e+00,  3.321350e+02
  5.941939e+00,  3.140528e+02
  6.144999e+00,  2.967550e+02
  6.302227e+00,  2.803670e+02
  6.398453e+00,  2.651598e+02
  6.395623e+00,  2.513987e+02
  6.245054e+00,  2.392695e+02
  5.906145e+00,  2.289106e+02
  5.363828e+00,  2.205289e+02
  4.641393e+00,  2.146007e+02
  3.810903e+00,  2.122191e+02
  3.009376e+00,  2.155757e+02
  2.460943e+00,  2.271838e+02
  2.396545e+00,  2.434253e+02
  2.772109e+00,  2.535754e+02
  3.329785e+00,  2.545444e+02
  3.896082e+00,  2.490702e+02
  4.412158e+00,  2.395905e+02
  4.874683e+00,  2.276382e+02
  5.292193e+00,  2.142678e+02
  5.657722e+00,  2.002127e+02
  5.942905e+00,  1.858728e+02
  6.110182e+00,  1.713108e+02
  6.133057e+00,  1.563114e+02
  6.014135e+00,  1.404798e+02
  5.793927e+00,  1.233792e+02
  5.544903e+00,  1.047456e+02
  5.345423e+00,  8.477415e+01
  5.237035e+00,  6.423226e+01
  5.191882e+00,  4.407357e+01
  5.122946e+00,  2.476593e+01
  4.932165e+00,  5.929431e+00
  4.565148e+00,  3.463022e+02
  4.062552e+00,  3.236506e+02
  3.621966e+00,  2.950531e+02
  3.611904e+00,  2.606050e+02
  4.282000e+00,  2.281153e+02
  5.463000e+00,  2.033787e+02
  6.834513e+00,  1.849980e+02
  8.149585e+00,  1.703347e+02
  9.243767e+00,  1.576588e+02
  1.001663e+01,  1.459480e+02
  1.042379e+01,  1.345621e+02
  1.047184e+01,  1.230677e+02
  1.021060e+01,  1.111649e+02
  9.715638e+00,  9.869027e+01
  9.064605e+00,  8.563556e+01
  8.313146e+00,  7.214922e+01
  7.479372e+00,  5.847015e+01
  6.546305e+00,  4.477318e+01
  5.483271e+00,  3.093696e+01
  4.277668e+00,  1.615219e+01
  2.972652e+00,  3.577243e+02
  1.763272e+00,  3.256203e+02
  1.411549e+00,  2.606302e+02
  2.286814e+00,  2.153059e+02
  3.361064e+00,  1.947021e+02
  4.223173e+00,  1.814013e+02
  4.741159e+00,  1.704904e+02
  4.870071e+00,  1.601241e+02
  4.627866e+00,  1.490918e+02
  4.094189e+00,  1.360347e+02
  3.416017e+00,  1.189440e+02
  2.817355e+00,  9.528592e+01
  2.555913e+00,  6.543388e+01
  2.702125e+00,  3.683566e+01
  3.034496e+00,  1.509761e+01
  3.305598e+00,  3.590233e+02
  3.387603e+00,  3.459816e+02
  3.255338e+00,  3.339917e+02
  2.954644e+00,  3.215807e+02
  2.578921e+00,  3.075821e+02
  2.242062e+00,  2.915762e+02
  2.031945e+00,  2.751423e+02
  1.960683e+00,  2.620552e+02
  1.985709e+00,  2.556426e+02
  2.098039e+00,  2.566221e+02
  2.358790e+00,  2.627585e+02
  2.830661e+00,  2.697853e+02
  3.494220e+00,  2.744433e+02
  4.254409e+00,  2.759084e+02
  4.992912e+00,  2.745426e+02
  5.605539e+00,  2.707829e+02
  6.024287e+00,  2.648173e+02
  6.233020e+00,  2.565918e+02
  6.276684e+00,  2.459392e+02
  6.256284e+00,  2.328448e+02
  6.295911e+00,  2.178362e+02
  6.478232e+00,  2.021561e+02
  6.785859e+00,  1.872577e+02
  7.103534e+00,  1.740239e+02
  7.274484e+00,  1.625538e+02
  7.158400e+00,  1.524539e+02
  6.665769e+00,  1.431027e+02
  5.773734e+00,  1.336566e+02
  4.531895e+00,  1.226619e+02
  3.079929e+00,  1.063505e+02
  1.792010e+00,  7.078206e+01
  1.786864e+00,  5.252995e+00
  2.974010e+00,  3.304652e+02
  4.222276e+00,  3.142143e+02
  5.198328e+00,  3.029841e+02
  5.808162e+00,  2.930632e+02
  6.051461e+00,  2.829575e+02
  5.997716e+00,  2.717897e+02
  5.770318e+00,  2.590295e+02
  5.514663e+00,  2.446997e+02
  5.341243e+00,  2.296998e+02
  5.266423e+00,  2.156197e+02
  5.205849e+00,  2.039011e+02
  5.032480e+00,  1.953022e+02
  4.645336e+00,  1.902009e+02
  4.012964e+00,  1.893355e+02
  3.206271e+00,  1.949113e+02
  2.469398e+00,  2.120851e+02
  2.296826e+00,  2.425416e+02
  2.904484e+00,  2.677153e+02
  3.839153e+00,  2.795145e+02
  4.707078e+00,  2.836968e+02
  5.318760e+00,  2.839291e+02
  5.596342e+00,  2.815948e+02
  5.539750e+00,  2.770066e+02
  5.217893e+00,  2.698927e+02
  4.763445e+00,  2.596680e+02
  4.356078e+00,  2.460179e+02
  4.165136e+00,  2.300999e+02
  4.247611e+00,  2.149463e+02
  4.510078e+00,  2.033040e+02
  4.800975e+00,  1.959194e+02
  5.007806e+00,  1.922949e+02
  5.084372e+00,  1.917032e+02
  5.037631e+00,  1.934797e+02
  4.901727e+00,  1.969419e+02
  4.709701e+00,  2.012656e+02
  4.472433e+00,  2.054716e+02
  4.175404e+00,  2.085219e+02
  3.795880e+00,  2.093734e+02
  3.331929e+00,  2.068301e+02
  2.833333e+00,  1.992433e+02
  2.425983e+00,  1.848099e+02
  2.281850e+00,  1.646442e+02
  2.450488e+00,  1.455764e+02
  2.763581e+00,  1.327834e+02
  3.003141e+00,  1.259934e+02
  3.022536e+00,  1.238445e+02
  2.758843e+00,  1.262634e+02
  2.247095e+00,  1.357644e+02
  1.717334e+00,  1.603109e+02
  1.779023e+00,  2.019074e+02
  2.667210e+00,  2.302089e+02
  3.881883e+00,  2.427014e+02
  5.084555e+00,  2.485078e+02
  6.090513e+00,  2.513737e+02
  6.780409e+00,  2.526891e+02
  7.083607e+00,  2.530121e+02
  6.977975e+00,  2.525526e+02
  6.490237e+00,  2.513291e+02
  5.692566e+00,  2.492062e+02
  4.694250e+00,  2.458692e+02
  3.628543e+00,  2.407593e+02
  2.634599e+00,  2.330662e+02
  1.830215e+00,  2.222833e+02
  1.265130e+00,  2.107017e+02
  8.891046e-01,  2.079491e+02
  7.217067e-01,  2.318296e+02
  1.078486e+00,  2.664089e+02
  1.912684e+00,  2.806107e+02
  2.993303e+00,  2.857825e+02
  4.171719e+00,  2.883916e+02
  5.322862e+00,  2.903502e+02
  6.334566e+00,  2.923122e+02
  7.115188e+00,  2.945549e+02
  7.601779e+00,  2.972296e+02
  7.764589e+00,  3.004484e+02
  7.607556e+00,  3.043233e+02
  7.165428e+00,  3.089899e+02
  6.498270e+00,  3.146275e+02
  5.683907e+00,  3.214743e+02
  4.808585e+00,  3.298285e+02
  3.956127e+00,  3.400095e+02
  3.195837e+00,  3.522262e+02
  2.569913e+00,  6.300437e+00
  2.083954e+00,  2.133992e+01
  1.709261e+00,  3.568117e+01
  1.403327e+00,  4.716956e+01
  1.140640e+00,  5.308497e+01
  9.453294e-01,  4.959993e+01
  9.191361e-01,  3.555730e+01
  1.162824e+00,  2.187655e+01
  1.644982e+00,  1.694470e+01
  2.292577e+00,  1.812930e+01
  3.051780e+00,  2.208300e+01
  3.871486e+00,  2.709534e+01
  4.692784e+00,  3.242053e+01
  5.452167e+00,  3.777065e+01
  6.084611e+00,  4.304331e+01
  6.529740e+00,  4.821889e+01
  6.738784e+00,  5.331477e+01
  6.679965e+00,  5.836154e+01
  6.341438e+00,  6.339213e+01
  5.731641e+00,  6.844070e+01
  4.877627e+00,  7.355411e+01
  3.822245e+00,  7.883233e+01
  2.621019e+00,  8.458689e+01
  1.340143e+00,  9.240600e+01
  1.577983e-01,  1.682300e+02
  1.217587e+00,  2.671827e+02
  2.326929e+00,  2.746416e+02
  3.251015e+00,  2.793515e+02
  3.936652e+00,  2.829674e+02
  4.348598e+00,  2.856285e+02
  4.473302e+00,  2.871028e+02
  4.325511e+00,  2.868426e+02
  3.959182e+00,  2.838193e+02
  3.488589e+00,  2.762863e+02
  3.121182e+00,  2.622911e+02
  3.134823e+00,  2.432826e+02
  3.660728e+00,  2.264780e+02
  4.556351e+00,  2.163353e+02
  5.613895e+00,  2.117580e+02
  6.686400e+00,  2.106432e+02
  7.681745e+00,  2.115229e+02
  8.539237e+00,  2.134657e+02
  9.213758e+00,  2.158257e+02
  9.666612e+00,  2.180918e+02
  9.862886e+00,  2.198036e+02
  9.776475e+00,  2.204922e+02
  9.403308e+00,  2.196113e+02
  8.782377e+00,  2.164479e+02
  8.023707e+00,  2.100573e+02
  7.336267e+00,  1.994774e+02
  7.014889e+00,  1.847956e+02
  7.298360e+00,  1.686057e+02
  8.164005e+00,  1.546121e+02
  9.350554e+00,  1.443932e+02
  1.055173e+01,  1.374385e+02
  1.152302e+01,  1.327243e+02
  1.209881e+01,  1.294019e+02
  1.218727e+01,  1.268566e+02
  1.176488e+01,  1.246128e+02
  1.087102e+01,  1.222246e+02
  9.601438e+00,  1.191598e+02
  8.101274e+00,  1.146451e+02
  6.561682e+00,  1.074602e+02
  5.222909e+00,  9.589141e+01
  4.352622e+00,  7.904446e+01
  4.100545e+00,  6.032954e+01
  4.303085e+00,  4.598663e+01
  4.630128e+00,  3.812533e+01
  4.841858e+00,  3.544234e+01
  4.824889e+00,  3.645443e+01
  4.545156e+00,  4.037407e+01
  4.015125e+00,  4.718639e+01
  3.286063e+00,  5.801516e+01
  2.478627e+00,  7.654023e+01
  1.911975e+00,  1.106284e+02
  2.135957e+00,  1.540163e+02
  3.078576e+00,  1.818632e+02
  4.254531e+00,  1.968769e+02
  5.393427e+00,  2.059818e+02
  6.342416e+00,  2.120521e+02
  6.995329e+00,  2.162007e+02
  7.281254e+00,  2.188361e+02
  7.168812e+00,  2.199918e+02
  6.673784e+00,  2.193743e+02
  5.868307e+00,  2.162361e+02
  4.896042e+00,  2.090714e+02
  4.000644e+00,  1.954692e+02
  3.527254e+00,  1.744892e+02
  3.691876e+00,  1.526030e+02
  4.282391e+00,  1.377609e+02
  4.930061e+00,  1.302156e+02
  5.396643e+00,  1.275761e+02
  5.576617e+00,  1.282464e+02
  5.452280e+00,  1.315017e+02
  5.064668e+00,  1.371451e+02
  4.491131e+00,  1.452907e+02
  3.822216e+00,  1.562335e+02
  3.137337e+00,  1.703954e+02
  2.487311e+00,  1.885448e+02
  1.907437e+00,  2.128756e+02
  1.507289e+00,  2.486562e+02
  1.586483e+00,  2.942032e+02
  2.261760e+00,  3.284783e+02
  3.276006e+00,  3.481578e+02
  4.403666e+00,  3.597998e+02
  5.482797e+00,  6.959343e+00
  6.376307e+00,  1.115427e+01
  6.972661e+00,  1.298173e+01
  7.201641e+00,  1.251608e+01
  7.055477e+00,  9.392867e+00
  6.615014e+00,  2.768889e+00
  6.081340e+00,  3.514436e+02
  5.783181e+00,  3.349957e+02
  6.043911e+00,  3.161923e+02
  6.903641e+00,  2.999713e+02
  8.098418e+00,  2.884975e+02
  9.304026e+00,  2.810047e+02
  1.026969e+01,  2.761620e+02
  1.083257e+01,  2.729584e+02
  1.090766e+01,  2.707046e+02
  1.047859e+01,  2.688801e+02
  9.589460e+00,  2.669829e+02
  8.336758e+00,  2.643593e+02
  6.864530e+00,  2.599311e+02
  5.372875e+00,  2.517034e+02
  4.156607e+00,  2.364045e+02
  3.617704e+00,  2.129305e+02
  3.932134e+00,  1.904451e+02
  4.743990e+00,  1.771589e+02
  5.642373e+00,  1.713121e+02
  6.406484e+00,  1.696404e+02
  6.928640e+00,  1.701799e+02
  7.150619e+00,  1.718461e+02
  7.039656e+00,  1.739922e+02
  6.582908e+00,  1.761755e+02
  5.789435e+00,  1.780142e+02
  4.694528e+00,  1.790145e+02
  3.364702e+00,  1.780995e+02
  1.912374e+00,  1.711030e+02
  7.179680e-01,  1.224574e+02
  1.429623e+00,  4.372938e+01
  2.640912e+00,  3.127504e+01
  3.608839e+00,  2.762611e+01
  4.205564e+00,  2.559100e+01
  4.376403e+00,  2.334059e+01
  4.122843e+00,  1.955697e+01
  3.518439e+00,  1.209886e+01
  2.766197e+00,  3.562573e+02
  2.352651e+00,  3.255871e+02
  2.853062e+00,  2.923855e+02
  4.025231e+00,  2.742528e+02
  5.366021e+00,  2.664057e+02
  6.603266e+00,  2.634314e+02
  7.593278e+00,  2.629907e+02
  8.258898e+00,  2.640756e+02
  8.570328e+00,  2.662003e+02
  8.535503e+00,  2.690923e+02
  8.191059e+00,  2.725597e+02
  7.592473e+00,  2.764154e+02
  6.804108e+00,  2.804146e+02
  5.890638e+00,  2.841775e+02
  4.912068e+00,  2.870638e+02
  3.926306e+00,  2.879234e+02
  3.006075e+00,  2.845644e+02
  2.277300e+00,  2.731509e+02
  1.958266e+00,  2.515657e+02
  2.168850e+00,  2.299269e+02
  2.683894e+00,  2.178962e+02
  3.227697e+00,  2.132271e+02
  3.636411e+00,  2.123664e+02
  3.814014e+00,  2.134265e+02
  3.702638e+00,  2.155296e+02
  3.275129e+00,  2.183097e+02
  2.534201e+00,  2.217788e+02
  1.512375e+00,  2.268796e+02
  2.946694e-01,  2.544390e+02
  1.154441e+00,  3.958400e+01
  2.605809e+00,  4.659588e+01
  4.022918e+00,  5.059825e+01
  5.310524e+00,  5.390000e+01
  6.387229e+00,  5.685137e+01
  7.189627e+00,  5.950236e+01
  7.676652e+00,  6.179092e+01
  7.832438e+00,  6.356976e+01
  7.667922e+00,  6.458779e+01
  7.222066e+00,  6.443965e+01
  6.564566e+00,  6.247976e+01
  5.803925e+00,  5.772864e+01
  5.102642e+00,  4.898237e+01
  4.674203e+00,  3.576177e+01
  4.703894e+00,  2.026272e+01
  5.198188e+00,  6.691372e+00
  5.981050e+00,  3.571878e+02
  6.840845e+00,  3.512161e+02
  7.610522e+00,  3.475128e+02
  8.171842e+00,  3.450197e+02
  8.446392e+00,  3.429634e+02
  8.392443e+00,  3.407336e+02
  8.007256e+00,  3.377477e+02
  7.332719e+00,  3.333163e+02
  6.463752e+00,  3.265002e+02
  5.558729e+00,  3.160611e+02
  4.838383e+00,  3.010133e+02
  4.516096e+00,  2.825435e+02
  4.623736e+00,  2.649424e+02
  4.950905e+00,  2.517150e+02
  5.222473e+00,  2.431753e+02
  5.240609e+00,  2.383680e+02
  4.907250e+00,  2.366517e+02
  4.214523e+00,  2.382817e+02
  3.249285e+00,  2.453070e+02
  2.260760e+00,  2.645058e+02
  1.883875e+00,  3.050613e+02
  2.557628e+00,  3.394583e+02
  3.593497e+00,  3.538864e+02
  4.477860e+00,  3.593646e+02
  4.995628e+00,  8.222695e-01
  5.050020e+00,  3.597541e+02
  4.622662e+00,  3.562320e+02
  3.773033e+00,  3.489754e+02
  2.674824e+00,  3.333408e+02
  1.828555e+00,  2.953764e+02
  2.214817e+00,  2.438276e+02
  3.464601e+00,  2.178580e+02
  4.778810e+00,  2.048199e+02
  5.866708e+00,  1.957476e+02
  6.618506e+00,  1.876577e+02
  7.017515e+00,  1.792245e+02
  7.124172e+00,  1.696613e+02
  7.063037e+00,  1.585312e+02
  6.991354e+00,  1.459344e+02
  7.039495e+00,  1.327408e+02
  7.245573e+00,  1.203564e+02
  7.539352e+00,  1.099838e+02
  7.791499e+00,  1.021540e+02
  7.878723e+00,  9.687672e+01
  7.723433e+00,  9.398996e+01
  7.307061e+00,  9.339214e+01
  6.669530e+00,  9.514659e+01
  5.893995e+00,  9.947386e+01
  5.087335e+00,  1.066563e+02
  4.353704e+00,  1.167852e+02
  3.759704e+00,  1.293739e+02
  3.304728e+00,  1.432666e+02
  2.927395e+00,  1.573360e+02
  2.555385e+00,  1.714594e+02
  2.160343e+00,  1.869267e+02
  1.788812e+00,  2.062499e+02
  1.561112e+00,  2.311388e+02
  1.578131e+00,  2.570400e+02
  1.771414e+00,  2.762033e+02
  1.976437e+00,  2.874211e+02
  2.076382e+00,  2.929425e+02
  2.024888e+00,  2.945405e+02
  1.830127e+00,  2.931485e+02
  1.538423e+00,  2.893658e+02
  1.214761e+00,  2.843941e+02
  9.207579e-01,  2.821703e+02
  7.300613e-01,  2.925862e+02
  8.441760e-01,  3.186638e+02
  1.429840e+00,  3.347603e+02
  2.420893e+00,  3.386271e+02
  3.742764e+00,  3.378306e+02
  5.318814e+00,  3.353689e+02
  7.044926e+00,  3.322061e+02
  8.792801e+00,  3.286412e+02
  1.042388e+01,  3.247389e+02
  1.180634e+01,  3.204696e+02
  1.283144e+01,  3.157583e+02
  1.342665e+01,  3.105011e+02
  1.356372e+01,  3.045713e+02
  1.326078e+01,  2.978219e+02
  1.257854e+01,  2.900911e+02
  1.161048e+01,  2.812184e+02
  1.046688e+01,  2.710802e+02
  9.252677e+00,  2.596507e+02
  8.042188e+00,  2.470642e+02
  6.858990e+00,  2.336103e+02
  5.674017e+00,  2.195661e+02
  4.429144e+00,  2.047801e+02
  3.082058e+00,  1.875824e+02
  1.698963e+00,  1.590353e+02
  1.127249e+00,  7.883573e+01
  2.403232e+00,  2.620852e+01
  4.042286e+00,  7.199358e+00
  5.595099e+00,  3.551681e+02
  6.902507e+00,  3.453936e+02
  7.860967e+00,  3.364500e+02
  8.411621e+00,  3.276493e+02
  8.544447e+00,  3.185135e+02
  8.299682e+00,  3.086079e+02
  7.764104e+00,  2.974793e+02
  7.061482e+00,  2.846682e+02
  6.334532e+00,  2.698513e+02
  5.712669e+00,  2.531689e+02
  5.265746e+00,  2.355433e+02
  4.970547e+00,  2.184441e+02
  4.729931e+00,  2.030631e+02
  4.433859e+00,  1.898055e+02
  4.009259e+00,  1.784718e+02
  3.435965e+00,  1.686182e+02
  2.740473e+00,  1.597316e+02
  1.981760e+00,  1.511607e+02
  1.236412e+00,  1.415584e+02
  5.902101e-01,  1.254496e+02
  2.184984e-01,  6.082197e+01
  3.827516e-01,  3.578181e+02
  5.306653e-01,  3.518849e+02
  6.018838e-01,  3.395724e+00
  7.663740e-01,  2.446904e+01
  1.189390e+00,  3.360675e+01
##END=
