##TITLE= E:\桌面\nmr\ogm\sjd\matlabcod\1\4_15_xjhsjd
##JCAMP-DX= 5.00 Bruker JCAMP library
##DATA TYPE= Shape Data
##ORIGIN= Colm's GRAPE Pulses 
##OWNER= Dawei.Lu
##DATE= 02-Aug-2025
##TIME= 11:48
##MINX= 1.636001e-02
##MAXX= 1.246291e+01
##MINY= 2.911887e-01
##MAXY= 3.598082e+02
##$SHAPE_EXMODE= None
##$SHAPE_TOTROT= 9.000000e+01
##$SHAPE_BWFAC= 1.000000e+00
##$SHAPE_INTEGFAC= 1.000000e+00
##$SHAPE_MODE= 1
##PULSE_WIDTH= 5000
##Calibration_Power= 12500
##NPOINTS= 1000
##XYPOINTS= (XY..XY)
  1.517972e+00,  2.385640e+02
  2.469087e+00,  2.422638e+02
  3.389795e+00,  2.359817e+02
  2.841941e+00,  2.198694e+02
  2.218841e+00,  1.909381e+02
  2.199999e+00,  1.471242e+02
  3.116537e+00,  1.119113e+02
  4.531545e+00,  9.169174e+01
  6.083716e+00,  7.870013e+01
  7.579090e+00,  6.888681e+01
  8.887272e+00,  6.057751e+01
  9.911175e+00,  5.299459e+01
  1.058237e+01,  4.571408e+01
  1.086274e+01,  3.846042e+01
  1.074666e+01,  3.102014e+01
  1.026112e+01,  2.320364e+01
  9.461776e+00,  1.483096e+01
  8.424026e+00,  5.732331e+00
  7.229545e+00,  3.557577e+02
  5.950246e+00,  3.447790e+02
  4.633983e+00,  3.326282e+02
  3.298708e+00,  3.187492e+02
  1.947686e+00,  3.002500e+02
  7.378640e-01,  2.497340e+02
  1.338474e+00,  1.480309e+02
  2.881471e+00,  1.238007e+02
  4.524226e+00,  1.113301e+02
  6.145675e+00,  1.021481e+02
  7.646613e+00,  9.459855e+01
  8.928684e+00,  8.807925e+01
  9.903068e+00,  8.227845e+01
  1.050079e+01,  7.699342e+01
  1.068132e+01,  7.206786e+01
  1.043841e+01,  6.736189e+01
  9.802346e+00,  6.273244e+01
  8.837955e+00,  5.801578e+01
  7.638028e+00,  5.300776e+01
  6.312840e+00,  4.743929e+01
  4.976879e+00,  4.094941e+01
  3.734101e+00,  3.307495e+01
  2.662321e+00,  2.332243e+01
  1.796700e+00,  1.146231e+01
  1.115494e+00,  3.581117e+02
  5.425307e-01,  3.451739e+02
  2.057108e-02,  1.257605e+02
  6.367908e-01,  1.433948e+02
  1.338146e+00,  1.382129e+02
  2.113557e+00,  1.350684e+02
  2.935790e+00,  1.335587e+02
  3.769574e+00,  1.331736e+02
  4.574879e+00,  1.334562e+02
  5.306612e+00,  1.340161e+02
  5.914702e+00,  1.345213e+02
  6.344659e+00,  1.346810e+02
  6.542851e+00,  1.342171e+02
  6.466002e+00,  1.328148e+02
  6.093417e+00,  1.300307e+02
  5.441282e+00,  1.251146e+02
  4.581704e+00,  1.166414e+02
  3.677543e+00,  1.018873e+02
  3.040171e+00,  7.738948e+01
  3.042310e+00,  4.665940e+01
  3.644314e+00,  2.187386e+01
  4.435438e+00,  5.607575e+00
  5.097527e+00,  3.541464e+02
  5.466919e+00,  3.445747e+02
  5.485899e+00,  3.350191e+02
  5.186675e+00,  3.239099e+02
  4.696834e+00,  3.095505e+02
  4.245431e+00,  2.904574e+02
  4.104056e+00,  2.674945e+02
  4.382546e+00,  2.453595e+02
  4.904336e+00,  2.279540e+02
  5.381832e+00,  2.152893e+02
  5.586478e+00,  2.058366e+02
  5.384245e+00,  1.981825e+02
  4.728349e+00,  1.911404e+02
  3.650966e+00,  1.832066e+02
  2.270134e+00,  1.702322e+02
  9.838654e-01,  1.251458e+02
  1.564856e+00,  4.074879e+01
  3.005979e+00,  1.992105e+01
  4.254009e+00,  1.114617e+01
  5.096536e+00,  5.012261e+00
  5.431439e+00,  3.593538e+02
  5.228199e+00,  3.529682e+02
  4.535575e+00,  3.442912e+02
  3.513396e+00,  3.298964e+02
  2.561919e+00,  3.014610e+02
  2.517152e+00,  2.567697e+02
  3.564759e+00,  2.250739e+02
  4.924421e+00,  2.090046e+02
  6.134694e+00,  1.994079e+02
  6.994661e+00,  1.922673e+02
  7.420058e+00,  1.858155e+02
  7.410746e+00,  1.789566e+02
  7.046407e+00,  1.707008e+02
  6.488564e+00,  1.599943e+02
  5.974864e+00,  1.460431e+02
  5.765294e+00,  1.294823e+02
  6.001272e+00,  1.131935e+02
  6.602136e+00,  1.002152e+02
  7.358789e+00,  9.141670e+01
  8.076642e+00,  8.611226e+01
  8.627089e+00,  8.331116e+01
  8.940235e+00,  8.217323e+01
  8.986072e+00,  8.202859e+01
  8.759528e+00,  8.230294e+01
  8.272523e+00,  8.244081e+01
  7.553509e+00,  8.182475e+01
  6.654065e+00,  7.966283e+01
  5.662216e+00,  7.482597e+01
  4.721653e+00,  6.575890e+01
  4.040893e+00,  5.123902e+01
  3.816147e+00,  3.319355e+01
  4.031116e+00,  1.738107e+01
  4.437458e+00,  7.356893e+00
  4.777035e+00,  2.808235e+00
  4.898722e+00,  2.670400e+00
  4.763581e+00,  6.590202e+00
  4.440766e+00,  1.505394e+01
  4.110180e+00,  2.883666e+01
  4.021422e+00,  4.704996e+01
  4.324027e+00,  6.536116e+01
  4.913438e+00,  7.949283e+01
  5.540816e+00,  8.870264e+01
  5.981078e+00,  9.401795e+01
  6.087754e+00,  9.635196e+01
  5.796933e+00,  9.604423e+01
  5.127573e+00,  9.272820e+01
  4.189318e+00,  8.493449e+01
  3.213277e+00,  6.920946e+01
  2.606022e+00,  4.148538e+01
  2.718342e+00,  9.842043e+00
  3.263484e+00,  3.484030e+02
  3.731330e+00,  3.358793e+02
  3.833555e+00,  3.275448e+02
  3.452799e+00,  3.203156e+02
  2.589831e+00,  3.107887e+02
  1.419556e+00,  2.865188e+02
  1.203136e+00,  2.034667e+02
  2.760034e+00,  1.678385e+02
  4.563083e+00,  1.581253e+02
  6.213285e+00,  1.536995e+02
  7.513031e+00,  1.511329e+02
  8.324894e+00,  1.494340e+02
  8.568866e+00,  1.481919e+02
  8.227115e+00,  1.471731e+02
  7.344445e+00,  1.461767e+02
  6.022530e+00,  1.449160e+02
  4.408805e+00,  1.427490e+02
  2.686107e+00,  1.375328e+02
  1.115224e+00,  1.160387e+02
  8.930397e-01,  2.158645e+01
  1.870961e+00,  3.558473e+02
  2.563003e+00,  3.521329e+02
  2.828160e+00,  3.536117e+02
  2.685581e+00,  3.587167e+02
  2.232526e+00,  9.010000e+00
  1.668853e+00,  2.987820e+01
  1.391392e+00,  6.846083e+01
  1.725149e+00,  1.065697e+02
  2.345209e+00,  1.281957e+02
  2.908778e+00,  1.411261e+02
  3.274357e+00,  1.507838e+02
  3.397717e+00,  1.594150e+02
  3.286959e+00,  1.680446e+02
  2.978888e+00,  1.771627e+02
  2.517336e+00,  1.869189e+02
  1.933186e+00,  1.971887e+02
  1.232917e+00,  2.077544e+02
  4.027755e-01,  2.201493e+02
  5.775622e-01,  4.173686e+01
  1.701657e+00,  5.124838e+01
  2.937187e+00,  5.812832e+01
  4.212164e+00,  6.373600e+01
  5.425614e+00,  6.836521e+01
  6.461999e+00,  7.218565e+01
  7.206112e+00,  7.532647e+01
  7.560315e+00,  7.788437e+01
  7.460514e+00,  7.991851e+01
  6.887911e+00,  8.143666e+01
  5.874809e+00,  8.235420e+01
  4.503838e+00,  8.235564e+01
  2.902359e+00,  8.027209e+01
  1.251430e+00,  6.870065e+01
  6.623695e-01,  3.162408e+02
  1.935816e+00,  2.861572e+02
  2.975545e+00,  2.817385e+02
  3.596275e+00,  2.803349e+02
  3.755648e+00,  2.795890e+02
  3.473504e+00,  2.785859e+02
  2.826349e+00,  2.761643e+02
  1.950338e+00,  2.691089e+02
  1.113497e+00,  2.443129e+02
  1.050016e+00,  1.870254e+02
  1.767508e+00,  1.626802e+02
  2.531936e+00,  1.606398e+02
  3.196283e+00,  1.667506e+02
  3.821451e+00,  1.773054e+02
  4.539732e+00,  1.900182e+02
  5.457193e+00,  2.025600e+02
  6.579175e+00,  2.132549e+02
  7.809919e+00,  2.215516e+02
  9.001919e+00,  2.276240e+02
  1.000365e+01,  2.318434e+02
  1.069071e+01,  2.345161e+02
  1.098467e+01,  2.358055e+02
  1.086418e+01,  2.357177e+02
  1.037034e+01,  2.340980e+02
  9.606959e+00,  2.306379e+02
  8.734708e+00,  2.249520e+02
  7.951674e+00,  2.168559e+02
  7.443898e+00,  2.069279e+02
  7.303169e+00,  1.968523e+02
  7.474853e+00,  1.886560e+02
  7.806402e+00,  1.834851e+02
  8.142440e+00,  1.814140e+02
  8.376788e+00,  1.819958e+02
  8.454753e+00,  1.846862e+02
  8.355614e+00,  1.889987e+02
  8.074519e+00,  1.945405e+02
  7.611239e+00,  2.010309e+02
  6.967563e+00,  2.083388e+02
  6.152178e+00,  2.165555e+02
  5.190803e+00,  2.261455e+02
  4.141693e+00,  2.382933e+02
  3.123501e+00,  2.556502e+02
  2.365690e+00,  2.827062e+02
  2.180496e+00,  3.181627e+02
  2.538496e+00,  3.470447e+02
  3.037612e+00,  4.558221e+00
  3.391976e+00,  1.504352e+01
  3.478241e+00,  2.147969e+01
  3.264886e+00,  2.497773e+01
  2.783966e+00,  2.530270e+01
  2.129309e+00,  2.030892e+01
  1.496128e+00,  3.495356e+00
  1.279477e+00,  3.287774e+02
  1.665579e+00,  3.015494e+02
  2.246701e+00,  2.928635e+02
  2.755068e+00,  2.938915e+02
  3.123057e+00,  3.005005e+02
  3.384255e+00,  3.113296e+02
  3.634895e+00,  3.254601e+02
  3.984912e+00,  3.413193e+02
  4.490269e+00,  3.568504e+02
  5.119177e+00,  1.062166e+01
  5.780059e+00,  2.231365e+01
  6.369213e+00,  3.228267e+01
  6.801911e+00,  4.105744e+01
  7.026338e+00,  4.911081e+01
  7.028376e+00,  5.679192e+01
  6.825520e+00,  6.431394e+01
  6.457820e+00,  7.173840e+01
  5.976266e+00,  7.893234e+01
  5.430411e+00,  8.550445e+01
  4.860333e+00,  9.073998e+01
  4.299682e+00,  9.355846e+01
  3.794561e+00,  9.255693e+01
  3.432424e+00,  8.647371e+01
  3.344433e+00,  7.578916e+01
  3.619711e+00,  6.414330e+01
  4.202248e+00,  5.545365e+01
  4.933609e+00,  5.068732e+01
  5.650221e+00,  4.904241e+01
  6.221864e+00,  4.961332e+01
  6.557259e+00,  5.184910e+01
  6.605408e+00,  5.553968e+01
  6.357650e+00,  6.076283e+01
  5.849807e+00,  6.789037e+01
  5.164722e+00,  7.765496e+01
  4.435950e+00,  9.117224e+01
  3.844841e+00,  1.094239e+02
  3.569943e+00,  1.313677e+02
  3.654299e+00,  1.527508e+02
  3.950014e+00,  1.698557e+02
  4.255221e+00,  1.822434e+02
  4.427738e+00,  1.908952e+02
  4.399412e+00,  1.965960e+02
  4.162313e+00,  1.995249e+02
  3.760595e+00,  1.991531e+02
  3.295564e+00,  1.941604e+02
  2.942245e+00,  1.830314e+02
  2.924331e+00,  1.671576e+02
  3.350333e+00,  1.528467e+02
  4.113968e+00,  1.443926e+02
  5.045746e+00,  1.411149e+02
  6.019150e+00,  1.411162e+02
  6.948686e+00,  1.429953e+02
  7.770783e+00,  1.458758e+02
  8.433101e+00,  1.492019e+02
  8.891500e+00,  1.525952e+02
  9.111943e+00,  1.557683e+02
  9.075024e+00,  1.584625e+02
  8.781268e+00,  1.603925e+02
  8.256207e+00,  1.611834e+02
  7.555611e+00,  1.602999e+02
  6.772478e+00,  1.569922e+02
  6.045420e+00,  1.503959e+02
  5.554701e+00,  1.401489e+02
  5.465763e+00,  1.275997e+02
  5.816090e+00,  1.157747e+02
  6.477710e+00,  1.069285e+02
  7.253706e+00,  1.012904e+02
  7.967314e+00,  9.807527e+01
  8.485807e+00,  9.642164e+01
  8.717743e+00,  9.565565e+01
  8.608757e+00,  9.526839e+01
  8.140420e+00,  9.483053e+01
  7.331035e+00,  9.388692e+01
  6.237404e+00,  9.179322e+01
  4.959008e+00,  8.736986e+01
  3.653420e+00,  7.805361e+01
  2.590467e+00,  5.845130e+01
  2.196632e+00,  2.601833e+01
  2.553030e+00,  3.586202e+02
  3.131926e+00,  3.452873e+02
  3.558181e+00,  3.403247e+02
  3.698096e+00,  3.399994e+02
  3.533800e+00,  3.430973e+02
  3.117265e+00,  3.498599e+02
  2.560730e+00,  1.880417e+00
  2.045870e+00,  2.212653e+01
  1.807950e+00,  5.119217e+01
  1.937352e+00,  7.992248e+01
  2.236123e+00,  1.007814e+02
  2.480769e+00,  1.156351e+02
  2.559626e+00,  1.278644e+02
  2.447477e+00,  1.399346e+02
  2.180361e+00,  1.540303e+02
  1.849079e+00,  1.727476e+02
  1.599044e+00,  1.983959e+02
  1.576625e+00,  2.282968e+02
  1.780986e+00,  2.542995e+02
  2.073125e+00,  2.733779e+02
  2.330511e+00,  2.874651e+02
  2.489198e+00,  2.985322e+02
  2.523928e+00,  3.075437e+02
  2.428903e+00,  3.146314e+02
  2.207770e+00,  3.191511e+02
  1.876971e+00,  3.192846e+02
  1.498052e+00,  3.106837e+02
  1.277494e+00,  2.864375e+02
  1.557246e+00,  2.559688e+02
  2.306589e+00,  2.391183e+02
  3.266501e+00,  2.323934e+02
  4.262198e+00,  2.300142e+02
  5.165624e+00,  2.294859e+02
  5.867135e+00,  2.298031e+02
  6.276219e+00,  2.305584e+02
  6.330837e+00,  2.316230e+02
  6.007994e+00,  2.330439e+02
  5.327953e+00,  2.350632e+02
  4.356266e+00,  2.382955e+02
  3.206525e+00,  2.443521e+02
  2.062394e+00,  2.581701e+02
  1.307852e+00,  2.935136e+02
  1.464471e+00,  3.383844e+02
  2.023988e+00,  3.563166e+02
  2.435995e+00,  3.592219e+02
  2.584456e+00,  3.539401e+02
  2.548116e+00,  3.409754e+02
  2.563958e+00,  3.200821e+02
  2.916464e+00,  2.961054e+02
  3.652553e+00,  2.766591e+02
  4.567841e+00,  2.633212e+02
  5.423727e+00,  2.540537e+02
  6.033670e+00,  2.469588e+02
  6.271837e+00,  2.407677e+02
  6.075501e+00,  2.345011e+02
  5.450799e+00,  2.270587e+02
  4.485300e+00,  2.165789e+02
  3.389230e+00,  1.990236e+02
  2.620694e+00,  1.673888e+02
  2.793740e+00,  1.280618e+02
  3.703376e+00,  1.020941e+02
  4.705233e+00,  8.759230e+01
  5.453557e+00,  7.819606e+01
  5.799034e+00,  7.081764e+01
  5.697427e+00,  6.383006e+01
  5.185206e+00,  5.590592e+01
  4.377895e+00,  4.526274e+01
  3.489763e+00,  2.885852e+01
  2.875634e+00,  3.152768e+00
  2.901486e+00,  3.327715e+02
  3.468904e+00,  3.102651e+02
  4.168464e+00,  2.973291e+02
  4.730508e+00,  2.902787e+02
  5.044134e+00,  2.866525e+02
  5.091140e+00,  2.852105e+02
  4.908312e+00,  2.852688e+02
  4.562072e+00,  2.862956e+02
  4.126625e+00,  2.876445e+02
  3.666917e+00,  2.883553e+02
  3.233246e+00,  2.870633e+02
  2.873311e+00,  2.821647e+02
  2.653140e+00,  2.726033e+02
  2.648818e+00,  2.594727e+02
  2.878907e+00,  2.462596e+02
  3.257977e+00,  2.357511e+02
  3.644037e+00,  2.283302e+02
  3.901069e+00,  2.232738e+02
  3.923589e+00,  2.198794e+02
  3.646081e+00,  2.177834e+02
  3.049172e+00,  2.171044e+02
  2.165282e+00,  2.191218e+02
  1.103736e+00,  2.316840e+02
  6.093831e-01,  3.189067e+02
  1.627729e+00,  3.589091e+02
  2.689367e+00,  4.126479e+00
  3.497404e+00,  4.035854e+00
  3.933550e+00,  1.888516e+00
  3.934293e+00,  3.582398e+02
  3.491581e+00,  3.527596e+02
  2.659556e+00,  3.438376e+02
  1.587367e+00,  3.244273e+02
  9.147877e-01,  2.580621e+02
  1.808479e+00,  1.986785e+02
  3.091165e+00,  1.787277e+02
  4.267513e+00,  1.657186e+02
  5.239784e+00,  1.535622e+02
  6.021258e+00,  1.405538e+02
  6.706725e+00,  1.262206e+02
  7.432656e+00,  1.109314e+02
  8.304879e+00,  9.567049e+01
  9.332362e+00,  8.145873e+01
  1.041968e+01,  6.881966e+01
  1.140882e+01,  5.772707e+01
  1.213386e+01,  4.783577e+01
  1.246291e+01,  3.868696e+01
  1.232331e+01,  2.979501e+01
  1.171395e+01,  2.065005e+01
  1.070739e+01,  1.068042e+01
  9.443631e+00,  3.592120e+02
  8.114881e+00,  3.455009e+02
  6.933736e+00,  3.290296e+02
  6.066558e+00,  3.102447e+02
  5.537422e+00,  2.910860e+02
  5.196246e+00,  2.739221e+02
  4.821979e+00,  2.599249e+02
  4.249230e+00,  2.490672e+02
  3.415471e+00,  2.410889e+02
  2.352419e+00,  2.366093e+02
  1.177488e+00,  2.416238e+02
  5.140531e-01,  3.211641e+02
  1.415344e+00,  4.089080e+00
  2.313563e+00,  5.115224e+00
  2.934805e+00,  2.911887e-01
  3.230943e+00,  3.527214e+02
  3.224406e+00,  3.424570e+02
  3.003971e+00,  3.286291e+02
  2.721750e+00,  3.101276e+02
  2.555465e+00,  2.873771e+02
  2.596355e+00,  2.641634e+02
  2.763042e+00,  2.446449e+02
  2.890741e+00,  2.296456e+02
  2.852512e+00,  2.179997e+02
  2.595083e+00,  2.084056e+02
  2.132673e+00,  1.998510e+02
  1.532630e+00,  1.914560e+02
  8.985494e-01,  1.820615e+02
  3.504456e-01,  1.687862e+02
  1.636001e-02,  4.948407e+01
  1.507799e-01,  2.853812e+02
  4.628475e-01,  2.237129e+02
  1.201272e+00,  1.998110e+02
  2.315232e+00,  1.874911e+02
  3.714391e+00,  1.786934e+02
  5.276320e+00,  1.711975e+02
  6.857390e+00,  1.641355e+02
  8.311142e+00,  1.570495e+02
  9.508646e+00,  1.496253e+02
  1.035722e+01,  1.415969e+02
  1.081407e+01,  1.327116e+02
  1.089169e+01,  1.227240e+02
  1.065323e+01,  1.114163e+02
  1.019744e+01,  9.864755e+01
  9.628943e+00,  8.442661e+01
  9.025211e+00,  6.894056e+01
  8.414717e+00,  5.246556e+01
  7.781555e+00,  3.514195e+01
  7.100455e+00,  1.671029e+01
  6.389600e+00,  3.563560e+02
  5.761275e+00,  3.329060e+02
  5.431021e+00,  3.060029e+02
  5.599470e+00,  2.780560e+02
  6.244005e+00,  2.530660e+02
  7.117766e+00,  2.326680e+02
  7.934923e+00,  2.160222e+02
  8.477963e+00,  2.017030e+02
  8.617974e+00,  1.884570e+02
  8.314596e+00,  1.751854e+02
  7.617098e+00,  1.607240e+02
  6.670456e+00,  1.435913e+02
  5.726658e+00,  1.219670e+02
  5.127995e+00,  9.499162e+01
  5.138727e+00,  6.584417e+01
  5.681004e+00,  4.010885e+01
  6.429823e+00,  1.959201e+01
  7.101014e+00,  2.950211e+00
  7.536945e+00,  3.485637e+02
  7.680019e+00,  3.353180e+02
  7.537762e+00,  3.225562e+02
  7.152082e+00,  3.099567e+02
  6.572417e+00,  2.974581e+02
  5.835434e+00,  2.852042e+02
  4.956615e+00,  2.734816e+02
  3.936224e+00,  2.626775e+02
  2.775517e+00,  2.534072e+02
  1.496275e+00,  2.478010e+02
  2.624784e-01,  2.950347e+02
  1.287971e+00,  3.084821e+01
  2.566718e+00,  2.885488e+01
  3.669002e+00,  2.389408e+01
  4.497879e+00,  1.881550e+01
  4.983898e+00,  1.427281e+01
  5.093637e+00,  1.072208e+01
  4.840322e+00,  8.837816e+00
  4.297851e+00,  9.896264e+00
  3.630413e+00,  1.630296e+01
  3.147865e+00,  3.097950e+01
  3.249416e+00,  5.079808e+01
  4.012613e+00,  6.476647e+01
  5.145260e+00,  6.965870e+01
  6.386491e+00,  6.846768e+01
  7.593621e+00,  6.375250e+01
  8.689320e+00,  5.696628e+01
  9.619948e+00,  4.895108e+01
  1.033317e+01,  4.022348e+01
  1.076998e+01,  3.108686e+01
  1.086892e+01,  2.166960e+01
  1.057911e+01,  1.193318e+01
  9.876754e+00,  1.653281e+00
  8.780857e+00,  3.503435e+02
  7.367873e+00,  3.370402e+02
  5.794519e+00,  3.197566e+02
  4.357839e+00,  2.944762e+02
  3.593589e+00,  2.571729e+02
  3.930346e+00,  2.176583e+02
  4.951417e+00,  1.890918e+02
  6.057270e+00,  1.689329e+02
  6.956334e+00,  1.526020e+02
  7.549351e+00,  1.376611e+02
  7.836364e+00,  1.228805e+02
  7.872447e+00,  1.076270e+02
  7.733661e+00,  9.164103e+01
  7.484480e+00,  7.492986e+01
  7.155035e+00,  5.761420e+01
  6.741873e+00,  3.968187e+01
  6.236951e+00,  2.072713e+01
  5.674686e+00,  3.598082e+02
  5.178642e+00,  3.356887e+02
  4.969784e+00,  3.081713e+02
  5.244407e+00,  2.800750e+02
  5.976117e+00,  2.554911e+02
  6.935004e+00,  2.357789e+02
  7.862864e+00,  2.199680e+02
  8.562208e+00,  2.066975e+02
  8.909740e+00,  1.948860e+02
  8.853565e+00,  1.837200e+02
  8.408695e+00,  1.725249e+02
  7.649719e+00,  1.606575e+02
  6.698190e+00,  1.474490e+02
  5.702224e+00,  1.322553e+02
  4.803699e+00,  1.147396e+02
  4.089827e+00,  9.539681e+01
  3.548726e+00,  7.571919e+01
  3.080340e+00,  5.725132e+01
  2.571392e+00,  4.037580e+01
  1.965970e+00,  2.386371e+01
  1.294375e+00,  3.740345e+00
  7.166639e-01,  3.258643e+02
  6.585130e-01,  2.591480e+02
  9.698685e-01,  2.244001e+02
  1.130615e+00,  2.100759e+02
  9.842085e-01,  2.043538e+02
  5.221593e-01,  2.150731e+02
  5.147599e-01,  3.181784e+02
  1.553264e+00,  3.371467e+02
  2.796877e+00,  3.366390e+02
  4.065408e+00,  3.330183e+02
  5.215315e+00,  3.281847e+02
  6.123062e+00,  3.225005e+02
  6.701029e+00,  3.159377e+02
  6.912001e+00,  3.082909e+02
  6.777438e+00,  2.992330e+02
  6.376350e+00,  2.883641e+02
  5.830428e+00,  2.753516e+02
  5.268873e+00,  2.602428e+02
  4.771846e+00,  2.438214e+02
  4.319875e+00,  2.274796e+02
  3.800102e+00,  2.123869e+02
  3.072857e+00,  1.987147e+02
  2.042170e+00,  1.849291e+02
  7.241283e-01,  1.569630e+02
  1.093732e+00,  1.706359e+01
  2.907893e+00,  3.584357e+02
  4.782588e+00,  3.494231e+02
  6.527000e+00,  3.423172e+02
  7.976505e+00,  3.358741e+02
  8.997300e+00,  3.295919e+02
  9.504056e+00,  3.231254e+02
  9.473046e+00,  3.161374e+02
  8.948424e+00,  3.082243e+02
  8.040153e+00,  2.988569e+02
  6.912296e+00,  2.873509e+02
  5.758339e+00,  2.729702e+02
  4.753973e+00,  2.553911e+02
  3.980426e+00,  2.354869e+02
  3.363438e+00,  2.151764e+02
  2.723683e+00,  1.952851e+02
  1.925585e+00,  1.723411e+02
  1.127574e+00,  1.270377e+02
  1.488061e+00,  5.191335e+01
  2.910076e+00,  2.171871e+01
  4.533223e+00,  8.475068e+00
  6.073720e+00,  2.920141e-01
  7.354319e+00,  3.543259e+02
  8.245278e+00,  3.495664e+02
  8.667672e+00,  3.455384e+02
  8.599426e+00,  3.419638e+02
  8.076198e+00,  3.386414e+02
  7.185784e+00,  3.353862e+02
  6.056416e+00,  3.319842e+02
  4.840302e+00,  3.281447e+02
  3.694236e+00,  3.234729e+02
  2.758680e+00,  3.176170e+02
  2.135313e+00,  3.110274e+02
  1.864929e+00,  3.061366e+02
  1.931312e+00,  3.056658e+02
  2.292612e+00,  3.087022e+02
  2.878130e+00,  3.124682e+02
  3.576911e+00,  3.156402e+02
  4.256457e+00,  3.182010e+02
  4.789296e+00,  3.205359e+02
  5.075154e+00,  3.231064e+02
  5.058663e+00,  3.264559e+02
  4.743318e+00,  3.313447e+02
  4.203376e+00,  3.389602e+02
  3.595597e+00,  3.510151e+02
  3.153985e+00,  8.633648e+00
  3.080575e+00,  2.873612e+01
  3.333698e+00,  4.460361e+01
  3.671113e+00,  5.329971e+01
  3.886953e+00,  5.554709e+01
  3.904987e+00,  5.210433e+01
  3.785639e+00,  4.284400e+01
  3.717558e+00,  2.777902e+01
  3.933248e+00,  9.491618e+00
  4.510614e+00,  3.529453e+02
  5.300198e+00,  3.408966e+02
  6.069808e+00,  3.330226e+02
  6.621232e+00,  3.282026e+02
  6.821656e+00,  3.256204e+02
  6.607763e+00,  3.249100e+02
  5.985888e+00,  3.261571e+02
  5.032264e+00,  3.300646e+02
  3.899569e+00,  3.385355e+02
  2.850580e+00,  3.558512e+02
  2.307626e+00,  2.599505e+01
  2.509668e+00,  5.636630e+01
  3.032339e+00,  7.376340e+01
  3.429131e+00,  8.181211e+01
  3.514721e+00,  8.456767e+01
  3.257378e+00,  8.327934e+01
  2.728190e+00,  7.698937e+01
  2.112063e+00,  6.188825e+01
  1.765189e+00,  3.332313e+01
  1.999753e+00,  3.128897e+00
  2.571406e+00,  3.466173e+02
  3.112795e+00,  3.404401e+02
  3.445720e+00,  3.402256e+02
  3.520275e+00,  3.444679e+02
  3.379643e+00,  3.533001e+02
  3.156152e+00,  7.590506e+00
  3.053235e+00,  2.722158e+01
  3.238987e+00,  4.865978e+01
  3.697469e+00,  6.710513e+01
  4.267283e+00,  8.109908e+01
  4.784949e+00,  9.166127e+01
  5.143087e+00,  1.000470e+02
  5.288868e+00,  1.070845e+02
  5.210896e+00,  1.131895e+02
  4.926564e+00,  1.184421e+02
  4.471888e+00,  1.225905e+02
  3.895969e+00,  1.249447e+02
  3.264630e+00,  1.241141e+02
  2.681518e+00,  1.176816e+02
  2.325148e+00,  1.032924e+02
  2.400839e+00,  8.452712e+01
  2.907530e+00,  7.064609e+01
  3.641477e+00,  6.415450e+01
  4.412364e+00,  6.265126e+01
  5.090536e+00,  6.408895e+01
  5.587995e+00,  6.743529e+01
  5.851395e+00,  7.230786e+01
  5.865501e+00,  7.872397e+01
  5.659621e+00,  8.698195e+01
  5.312209e+00,  9.755461e+01
  4.946686e+00,  1.108073e+02
  4.702821e+00,  1.263556e+02
  4.670301e+00,  1.424832e+02
  4.823906e+00,  1.568274e+02
  5.040494e+00,  1.678918e+02
  5.178980e+00,  1.753424e+02
  5.142139e+00,  1.792522e+02
  4.903493e+00,  1.794510e+02
  4.522373e+00,  1.752385e+02
  4.159496e+00,  1.656463e+02
  4.060695e+00,  1.511506e+02
  4.417207e+00,  1.358409e+02
  5.191308e+00,  1.243928e+02
  6.185763e+00,  1.178414e+02
  7.206204e+00,  1.150379e+02
  8.112952e+00,  1.147244e+02
  8.813837e+00,  1.160224e+02
  9.250997e+00,  1.183560e+02
  9.391789e+00,  1.213318e+02
  9.223504e+00,  1.246580e+02
  8.750999e+00,  1.280949e+02
  7.996387e+00,  1.314165e+02
  6.999867e+00,  1.343633e+02
  5.820809e+00,  1.365549e+02
  4.539061e+00,  1.372847e+02
  3.259143e+00,  1.349505e+02
  2.130311e+00,  1.253685e+02
  1.418203e+00,  9.980336e+01
  1.403766e+00,  6.649513e+01
  1.749750e+00,  5.210891e+01
  2.046029e+00,  5.286568e+01
  2.219543e+00,  6.288082e+01
  2.380061e+00,  7.989099e+01
  2.707276e+00,  1.004464e+02
  3.295356e+00,  1.194673e+02
  4.077447e+00,  1.344065e+02
  4.906767e+00,  1.457223e+02
  5.637844e+00,  1.546525e+02
  6.156345e+00,  1.622226e+02
  6.388914e+00,  1.691772e+02
  6.308439e+00,  1.761059e+02
  5.936611e+00,  1.835619e+02
  5.342378e+00,  1.921395e+02
  4.633628e+00,  2.024610e+02
  3.936568e+00,  2.149257e+02
  3.354067e+00,  2.290430e+02
  2.908612e+00,  2.427600e+02
  2.523533e+00,  2.529087e+02
  2.095207e+00,  2.559055e+02
  1.632093e+00,  2.456737e+02
  1.472279e+00,  2.145128e+02
  2.074406e+00,  1.838645e+02
  3.182530e+00,  1.704680e+02
  4.426619e+00,  1.655717e+02
  5.583258e+00,  1.640175e+02
  6.488788e+00,  1.639172e+02
  7.018085e+00,  1.645205e+02
  7.088285e+00,  1.654872e+02
  6.665079e+00,  1.666293e+02
  5.765267e+00,  1.677843e+02
  4.453807e+00,  1.686682e+02
  2.836389e+00,  1.683392e+02
  1.063149e+00,  1.593633e+02
  8.990452e-01,  2.119569e+01
  2.616944e+00,  9.859195e+00
  4.164010e+00,  1.024914e+01
  5.425123e+00,  1.248163e+01
  6.343217e+00,  1.541623e+01
  6.895151e+00,  1.865261e+01
  7.085047e+00,  2.189194e+01
  6.936970e+00,  2.477551e+01
  6.489197e+00,  2.677971e+01
  5.794635e+00,  2.706363e+01
  4.934268e+00,  2.417062e+01
  4.055968e+00,  1.555186e+01
  3.445069e+00,  3.581333e+02
  3.480698e+00,  3.345925e+02
  4.212255e+00,  3.156683e+02
  5.283036e+00,  3.048870e+02
  6.348082e+00,  2.993870e+02
  7.179379e+00,  2.966584e+02
  7.627014e+00,  2.953219e+02
  7.599591e+00,  2.946142e+02
  7.061422e+00,  2.940160e+02
  6.033595e+00,  2.929766e+02
  4.595055e+00,  2.904448e+02
  2.894438e+00,  2.829637e+02
  1.324218e+00,  2.497335e+02
  1.667672e+00,  1.703668e+02
  3.242018e+00,  1.504181e+02
  4.684047e+00,  1.462439e+02
  5.760100e+00,  1.462099e+02
  6.392289e+00,  1.482164e+02
  6.576304e+00,  1.517968e+02
  6.370278e+00,  1.569817e+02
  5.883995e+00,  1.640019e+02
  5.258710e+00,  1.730691e+02
  4.632109e+00,  1.840099e+02
  4.088866e+00,  1.958071e+02
  3.621943e+00,  2.065491e+02
  3.149865e+00,  2.139983e+02
  2.593993e+00,  2.156270e+02
  1.983350e+00,  2.066141e+02
  1.624521e+00,  1.786903e+02
  2.018324e+00,  1.450490e+02
  2.966112e+00,  1.281734e+02
  4.015053e+00,  1.217129e+02
  4.906238e+00,  1.195971e+02
  5.478518e+00,  1.195564e+02
  5.628956e+00,  1.208034e+02
  5.309963e+00,  1.232061e+02
  4.532468e+00,  1.271894e+02
  3.371616e+00,  1.343972e+02
  2.007901e+00,  1.518036e+02
  1.181830e+00,  2.123637e+02
  2.189470e+00,  2.676137e+02
  3.685292e+00,  2.839662e+02
  5.043104e+00,  2.917834e+02
  6.098855e+00,  2.971178e+02
  6.779305e+00,  3.015228e+02
  7.064793e+00,  3.055335e+02
  6.979411e+00,  3.093190e+02
  6.581119e+00,  3.128205e+02
  5.949738e+00,  3.157295e+02
  5.176180e+00,  3.173672e+02
  4.360128e+00,  3.164659e+02
  3.626654e+00,  3.109851e+02
  3.160157e+00,  2.989889e+02
  3.169373e+00,  2.826521e+02
  3.685573e+00,  2.690437e+02
  4.513528e+00,  2.614361e+02
  5.426657e+00,  2.584345e+02
  6.249489e+00,  2.582064e+02
  6.850013e+00,  2.596670e+02
  7.133306e+00,  2.623357e+02
  7.045945e+00,  2.661447e+02
  6.585022e+00,  2.713943e+02
  5.809556e+00,  2.788720e+02
  4.858106e+00,  2.901545e+02
  3.979057e+00,  3.077245e+02
  3.526392e+00,  3.323909e+02
  3.705340e+00,  3.573296e+02
  4.275569e+00,  1.472916e+01
  4.850868e+00,  2.451062e+01
  5.187227e+00,  2.887406e+01
  5.190016e+00,  2.893399e+01
  4.888089e+00,  2.452313e+01
  4.439534e+00,  1.445356e+01
  4.144469e+00,  3.578359e+02
  4.334985e+00,  3.378290e+02
  5.071152e+00,  3.211379e+02
  6.104461e+00,  3.104719e+02
  7.148772e+00,  3.045942e+02
  8.004803e+00,  3.018670e+02
  8.559430e+00,  3.012248e+02
  8.768221e+00,  3.020494e+02
  8.640534e+00,  3.039591e+02
  8.224446e+00,  3.066566e+02
  7.590030e+00,  3.098116e+02
  6.812787e+00,  3.129488e+02
  5.961947e+00,  3.153229e+02
  5.100575e+00,  3.157663e+02
  4.305145e+00,  3.125390e+02
  3.705781e+00,  3.036084e+02
  3.503056e+00,  2.889195e+02
  3.835356e+00,  2.735005e+02
  4.605083e+00,  2.627373e+02
  5.586637e+00,  2.570886e+02
  6.582909e+00,  2.549063e+02
  7.451766e+00,  2.548196e+02
  8.094795e+00,  2.560093e+02
  8.450892e+00,  2.580084e+02
  8.494062e+00,  2.605308e+02
  8.230717e+00,  2.633599e+02
  7.694209e+00,  2.662649e+02
  6.936729e+00,  2.689150e+02
  6.021563e+00,  2.707567e+02
  5.021247e+00,  2.707892e+02
  4.025848e+00,  2.671576e+02
  3.181746e+00,  2.566805e+02
  2.748981e+00,  2.368381e+02
  2.964536e+00,  2.141767e+02
  3.691092e+00,  1.988091e+02
  4.603840e+00,  1.906584e+02
  5.467320e+00,  1.863532e+02
  6.130145e+00,  1.836763e+02
  6.490926e+00,  1.813651e+02
  6.491926e+00,  1.785421e+02
  6.126767e+00,  1.743208e+02
  5.456495e+00,  1.674333e+02
  4.639297e+00,  1.558053e+02
  3.976626e+00,  1.368936e+02
  3.866751e+00,  1.120927e+02
  4.430222e+00,  9.016430e+01
  5.344763e+00,  7.599687e+01
  6.238499e+00,  6.788302e+01
  6.873206e+00,  6.352223e+01
  7.121803e+00,  6.161516e+01
  6.939570e+00,  6.162571e+01
  6.351414e+00,  6.356540e+01
  5.447054e+00,  6.802199e+01
  4.384146e+00,  7.646377e+01
  3.405907e+00,  9.157139e+01
  2.833567e+00,  1.149331e+02
  2.837893e+00,  1.394378e+02
  3.157819e+00,  1.555270e+02
  3.427237e+00,  1.628169e+02
  3.461388e+00,  1.634504e+02
  3.246426e+00,  1.578138e+02
  2.921824e+00,  1.444283e+02
  2.785887e+00,  1.225525e+02
  3.127210e+00,  9.855370e+01
  3.891902e+00,  8.080010e+01
  4.800915e+00,  6.975489e+01
  5.614907e+00,  6.284091e+01
  6.179495e+00,  5.815012e+01
  6.408741e+00,  5.454105e+01
  6.274258e+00,  5.123353e+01
  5.799396e+00,  4.749795e+01
  5.055990e+00,  4.236182e+01
  4.167411e+00,  3.419662e+01
  3.328071e+00,  2.027759e+01
  2.827192e+00,  3.583755e+02
  2.906578e+00,  3.339280e+02
  3.443964e+00,  3.166914e+02
  4.125663e+00,  3.075968e+02
  4.739305e+00,  3.036283e+02
  5.178057e+00,  3.025941e+02
  5.389213e+00,  3.032888e+02
  5.348326e+00,  3.050610e+02
  5.049732e+00,  3.075807e+02
  4.504720e+00,  3.107691e+02
  3.743558e+00,  3.148773e+02
  2.820356e+00,  3.208940e+02
  1.828215e+00,  3.323471e+02
  9.973567e-01,  4.566350e+00
  1.025209e+00,  6.762533e+01
  1.709589e+00,  9.361541e+01
  2.348626e+00,  1.002947e+02
  2.771216e+00,  1.000049e+02
  2.951175e+00,  9.496760e+01
  2.947974e+00,  8.491250e+01
  2.914928e+00,  6.918720e+01
  3.066882e+00,  4.934607e+01
  3.530347e+00,  3.024429e+01
  4.227034e+00,  1.547402e+01
  4.966686e+00,  5.014700e+00
  5.563989e+00,  3.575486e+02
  5.876983e+00,  3.519523e+02
  5.813715e+00,  3.474958e+02
  5.333682e+00,  3.437309e+02
  4.447046e+00,  3.403951e+02
  3.210361e+00,  3.374086e+02
  1.719729e+00,  3.352527e+02
  1.270463e-01,  1.044987e+01
  1.525214e+00,  1.415255e+02
  3.005210e+00,  1.384599e+02
  4.241042e+00,  1.334804e+02
  5.164580e+00,  1.271022e+02
  5.764033e+00,  1.190963e+02
  6.093139e+00,  1.091083e+02
  6.269391e+00,  9.691946e+01
  6.448253e+00,  8.281932e+01
  6.762657e+00,  6.787336e+01
  7.252475e+00,  5.356370e+01
  7.844862e+00,  4.096050e+01
  8.400588e+00,  3.034571e+01
  8.775552e+00,  2.146544e+01
  8.859732e+00,  1.388109e+01
  8.592967e+00,  7.148059e+00
  7.967263e+00,  8.513284e-01
  7.022068e+00,  3.545643e+02
  5.835967e+00,  3.477438e+02
  4.517513e+00,  3.394934e+02
  3.199837e+00,  3.279383e+02
  2.053564e+00,  3.084070e+02
  1.352205e+00,  2.715349e+02
  1.340028e+00,  2.265098e+02
  1.634654e+00,  1.985086e+02
  1.835367e+00,  1.811410e+02
  1.852109e+00,  1.662983e+02
  1.735027e+00,  1.494527e+02
  1.617891e+00,  1.277204e+02
  1.670567e+00,  1.026482e+02
  1.960626e+00,  8.121762e+01
  2.401263e+00,  6.703417e+01
  2.876052e+00,  5.868428e+01
  3.307521e+00,  5.406019e+01
  3.653888e+00,  5.168806e+01
  3.894528e+00,  5.057928e+01
  4.018313e+00,  4.999262e+01
  4.016338e+00,  4.929875e+01
  3.879958e+00,  4.790033e+01
  3.604338e+00,  4.514177e+01
  3.196738e+00,  4.013585e+01
  2.689723e+00,  3.139740e+01
  2.164233e+00,  1.619668e+01
  1.787232e+00,  3.508623e+02
  1.758791e+00,  3.179146e+02
  1.619452e+00,  2.883182e+02
##END=
