##TITLE= E:\桌面\nmr\ogm\sjd\matlabcod\1_unitary\4_16_xjhsjd
##JCAMP-DX= 5.00 Bruker JCAMP library
##DATA TYPE= Shape Data
##ORIGIN= Colm's GRAPE Pulses 
##OWNER= Dawei.Lu
##DATE= 02-Aug-2025
##TIME= 13:32
##MINX= 4.220353e-01
##MAXX= 2.048972e+01
##MINY= 2.682486e-01
##MAXY= 3.499882e+02
##$SHAPE_EXMODE= None
##$SHAPE_TOTROT= 9.000000e+01
##$SHAPE_BWFAC= 1.000000e+00
##$SHAPE_INTEGFAC= 1.000000e+00
##$SHAPE_MODE= 1
##PULSE_WIDTH= 2000
##Calibration_Power= 12500
##NPOINTS= 200
##XYPOINTS= (XY..XY)
  4.217569e+00,  2.340040e+02
  4.970938e+00,  1.896543e+02
  8.167242e+00,  1.412803e+02
  1.035204e+01,  1.109112e+02
  9.428551e+00,  9.231119e+01
  5.127309e+00,  7.221721e+01
  1.656708e+00,  3.151302e+02
  5.401279e+00,  2.577760e+02
  6.430498e+00,  2.331734e+02
  5.231681e+00,  1.890939e+02
  6.675459e+00,  1.271832e+02
  9.895899e+00,  9.456087e+01
  1.056837e+01,  7.360694e+01
  7.674720e+00,  4.734606e+01
  4.672311e+00,  3.395053e+02
  8.212733e+00,  2.727714e+02
  1.202075e+01,  2.434205e+02
  1.323791e+01,  2.158468e+02
  1.358300e+01,  1.807745e+02
  1.572688e+01,  1.452497e+02
  1.856323e+01,  1.197319e+02
  1.921249e+01,  1.021317e+02
  1.658254e+01,  8.773620e+01
  1.168822e+01,  7.270574e+01
  6.655971e+00,  5.276386e+01
  3.175091e+00,  2.692705e+01
  1.097806e+00,  4.210042e+01
  3.086933e+00,  1.130838e+02
  6.975641e+00,  1.137892e+02
  1.057159e+01,  1.115000e+02
  1.295921e+01,  1.094531e+02
  1.389875e+01,  1.063171e+02
  1.372140e+01,  9.973520e+01
  1.316680e+01,  8.770936e+01
  1.303411e+01,  7.134777e+01
  1.330849e+01,  5.541615e+01
  1.290005e+01,  4.327871e+01
  1.070892e+01,  3.538041e+01
  6.594782e+00,  3.383530e+01
  2.261998e+00,  7.584204e+01
  5.112397e+00,  1.494426e+02
  9.250756e+00,  1.458340e+02
  1.244918e+01,  1.302590e+02
  1.531166e+01,  1.108153e+02
  1.813227e+01,  9.237476e+01
  2.018266e+01,  7.712096e+01
  2.048972e+01,  6.447008e+01
  1.875157e+01,  5.271284e+01
  1.555758e+01,  3.980424e+01
  1.201725e+01,  2.389163e+01
  9.008086e+00,  5.190638e+00
  6.423122e+00,  3.479593e+02
  3.426773e+00,  3.398162e+02
  1.208573e+00,  7.896809e+01
  5.434890e+00,  1.102333e+02
  9.597021e+00,  1.027413e+02
  1.245895e+01,  8.881072e+01
  1.395713e+01,  6.835141e+01
  1.517196e+01,  4.186919e+01
  1.704215e+01,  1.432253e+01
  1.876235e+01,  3.499882e+02
  1.874612e+01,  3.277126e+02
  1.650225e+01,  3.033463e+02
  1.331456e+01,  2.718724e+02
  1.120115e+01,  2.327454e+02
  1.003246e+01,  1.944032e+02
  7.952684e+00,  1.555479e+02
  6.166433e+00,  9.442124e+01
  9.220690e+00,  3.361483e+01
  1.389311e+01,  3.637691e+00
  1.642391e+01,  3.439673e+02
  1.593771e+01,  3.260215e+02
  1.346895e+01,  3.064515e+02
  1.079514e+01,  2.860983e+02
  8.832680e+00,  2.733098e+02
  7.896969e+00,  2.786812e+02
  9.111828e+00,  2.948674e+02
  1.165724e+01,  3.022565e+02
  1.294574e+01,  3.001459e+02
  1.155061e+01,  2.916073e+02
  7.874139e+00,  2.755100e+02
  3.733884e+00,  2.420457e+02
  1.644313e+00,  1.476391e+02
  3.342830e+00,  4.904152e+01
  7.498326e+00,  4.052638e+00
  1.258682e+01,  3.397602e+02
  1.604060e+01,  3.228349e+02
  1.579025e+01,  3.076584e+02
  1.150461e+01,  2.894286e+02
  5.269929e+00,  2.506677e+02
  4.953914e+00,  1.467080e+02
  9.024173e+00,  1.025840e+02
  1.127893e+01,  6.961973e+01
  1.311833e+01,  3.420891e+01
  1.562776e+01,  3.765234e+00
  1.686302e+01,  3.424424e+02
  1.460682e+01,  3.279788e+02
  8.689924e+00,  3.201883e+02
  2.060613e+00,  8.595978e+00
  6.838668e+00,  8.241976e+01
  1.105690e+01,  6.990453e+01
  1.284426e+01,  4.501636e+01
  1.420295e+01,  1.385912e+01
  1.573134e+01,  3.460829e+02
  1.533406e+01,  3.253177e+02
  1.131920e+01,  3.089978e+02
  4.198070e+00,  2.926771e+02
  3.762895e+00,  1.068866e+02
  9.866717e+00,  8.790551e+01
  1.284087e+01,  6.582715e+01
  1.383455e+01,  3.599365e+01
  1.532184e+01,  2.716980e+00
  1.723515e+01,  3.357963e+02
  1.713914e+01,  3.165707e+02
  1.373551e+01,  3.017799e+02
  7.917365e+00,  2.888422e+02
  1.955125e+00,  2.796306e+02
  2.133686e+00,  6.189943e+01
  4.079509e+00,  2.934992e+01
  6.346731e+00,  3.472984e+02
  9.717651e+00,  3.198459e+02
  1.208989e+01,  3.045039e+02
  1.191524e+01,  2.957443e+02
  9.394411e+00,  2.929383e+02
  6.372881e+00,  3.003838e+02
  5.295214e+00,  3.161840e+02
  6.498941e+00,  3.131996e+02
  9.282565e+00,  2.939297e+02
  1.291708e+01,  2.744162e+02
  1.551462e+01,  2.572244e+02
  1.540974e+01,  2.391223e+02
  1.259776e+01,  2.143602e+02
  9.528545e+00,  1.731525e+02
  9.635445e+00,  1.213854e+02
  1.129417e+01,  8.236237e+01
  1.169770e+01,  4.857703e+01
  1.156316e+01,  9.800739e+00
  1.286239e+01,  3.302674e+02
  1.479230e+01,  2.994275e+02
  1.513147e+01,  2.746230e+02
  1.330526e+01,  2.486411e+02
  1.095106e+01,  2.141599e+02
  1.049405e+01,  1.735933e+02
  1.144356e+01,  1.416106e+02
  1.152937e+01,  1.183972e+02
  1.012103e+01,  9.637281e+01
  8.232904e+00,  6.897528e+01
  7.221041e+00,  3.666942e+01
  6.819618e+00,  9.428470e+00
  5.578307e+00,  3.481551e+02
  3.024142e+00,  3.153938e+02
  2.996507e+00,  2.145136e+02
  7.174114e+00,  1.787346e+02
  1.101348e+01,  1.622464e+02
  1.350224e+01,  1.459682e+02
  1.488772e+01,  1.261653e+02
  1.614514e+01,  1.037361e+02
  1.761079e+01,  8.296102e+01
  1.828492e+01,  6.654214e+01
  1.696780e+01,  5.390474e+01
  1.342484e+01,  4.328143e+01
  8.554590e+00,  3.268909e+01
  3.834137e+00,  1.964367e+01
  4.220353e-01,  7.667043e+00
  1.839130e+00,  1.450471e+02
  4.293055e+00,  1.191960e+02
  7.447236e+00,  1.045744e+02
  1.055186e+01,  9.813133e+01
  1.275732e+01,  9.553977e+01
  1.358171e+01,  9.351404e+01
  1.294744e+01,  8.886577e+01
  1.126703e+01,  7.803991e+01
  9.545872e+00,  5.861838e+01
  8.545246e+00,  3.538089e+01
  7.287329e+00,  1.856404e+01
  4.229144e+00,  1.760430e+01
  2.788758e+00,  1.128040e+02
  8.966151e+00,  1.359692e+02
  1.474174e+01,  1.298126e+02
  1.799206e+01,  1.166302e+02
  1.867713e+01,  9.654682e+01
  1.860392e+01,  6.993560e+01
  1.912009e+01,  4.269330e+01
  1.882125e+01,  2.056368e+01
  1.562119e+01,  2.847598e+00
  9.366757e+00,  3.445446e+02
  2.581508e+00,  2.919305e+02
  4.976202e+00,  1.759917e+02
  7.395200e+00,  1.485102e+02
  6.774840e+00,  1.158973e+02
  6.484953e+00,  6.415952e+01
  8.326129e+00,  2.350736e+01
  8.679195e+00,  2.682486e-01
  5.662180e+00,  3.382145e+02
  2.047353e+00,  2.444633e+02
  6.510118e+00,  1.737011e+02
  9.416930e+00,  1.537068e+02
  8.581100e+00,  1.305536e+02
  6.089168e+00,  8.313381e+01
  5.016836e+00,  1.761414e+01
##END=
