##TITLE= E:\桌面\nmr\ogm\sjd\matlabcod\1\4_17_xjhsjd
##JCAMP-DX= 5.00 Bruker JCAMP library
##DATA TYPE= Shape Data
##ORIGIN= Colm's GRAPE Pulses 
##OWNER= Dawei.Lu
##DATE= 02-Aug-2025
##TIME= 11:48
##MINX= 3.328997e-01
##MAXX= 1.305104e+01
##MINY= 9.827611e-03
##MAXY= 3.596522e+02
##$SHAPE_EXMODE= None
##$SHAPE_TOTROT= 9.000000e+01
##$SHAPE_BWFAC= 1.000000e+00
##$SHAPE_INTEGFAC= 1.000000e+00
##$SHAPE_MODE= 1
##PULSE_WIDTH= 5000
##Calibration_Power= 12500
##NPOINTS= 1000
##XYPOINTS= (XY..XY)
  2.278119e+00,  1.020525e+02
  4.225257e+00,  1.107613e+02
  6.257940e+00,  1.059168e+02
  6.467456e+00,  8.732207e+01
  6.716597e+00,  6.920550e+01
  7.066871e+00,  5.347597e+01
  7.401028e+00,  4.036672e+01
  7.609349e+00,  2.959051e+01
  7.621360e+00,  2.077744e+01
  7.408286e+00,  1.364073e+01
  6.978541e+00,  8.017599e+00
  6.371557e+00,  3.870926e+00
  5.650676e+00,  1.283573e+00
  4.894611e+00,  4.360834e-01
  4.186627e+00,  1.516867e+00
  3.600051e+00,  4.483623e+00
  3.179495e+00,  8.705416e+00
  2.924717e+00,  1.289079e+01
  2.793423e+00,  1.573398e+01
  2.725505e+00,  1.673689e+01
  2.666071e+00,  1.636513e+01
  2.573421e+00,  1.572626e+01
  2.421739e+00,  1.635071e+01
  2.213500e+00,  2.029762e+01
  2.011994e+00,  3.024793e+01
  1.981293e+00,  4.741378e+01
  2.314668e+00,  6.612092e+01
  3.026239e+00,  7.869948e+01
  3.977243e+00,  8.456386e+01
  5.022112e+00,  8.604607e+01
  6.041260e+00,  8.488199e+01
  6.935429e+00,  8.201152e+01
  7.624483e+00,  7.790169e+01
  8.051144e+00,  7.275892e+01
  8.185714e+00,  6.663898e+01
  8.028722e+00,  5.950497e+01
  7.609322e+00,  5.126312e+01
  6.978252e+00,  4.179114e+01
  6.195589e+00,  3.096111e+01
  5.315597e+00,  1.863551e+01
  4.373931e+00,  4.558793e+00
  3.386355e+00,  3.479120e+02
  2.377132e+00,  3.256553e+02
  1.519743e+00,  2.862244e+02
  1.553729e+00,  2.214326e+02
  2.654953e+00,  1.815664e+02
  4.112675e+00,  1.612280e+02
  5.636679e+00,  1.475558e+02
  7.078974e+00,  1.367023e+02
  8.320521e+00,  1.272638e+02
  9.261106e+00,  1.185651e+02
  9.825593e+00,  1.101885e+02
  9.972158e+00,  1.018022e+02
  9.698546e+00,  9.307616e+01
  9.045311e+00,  8.361857e+01
  8.095246e+00,  7.290900e+01
  6.968940e+00,  6.022126e+01
  5.817111e+00,  4.456788e+01
  4.808111e+00,  2.485035e+01
  4.098252e+00,  6.693082e-01
  3.766378e+00,  3.336734e+02
  3.760195e+00,  3.070001e+02
  3.959352e+00,  2.825144e+02
  4.285074e+00,  2.603194e+02
  4.721490e+00,  2.402153e+02
  5.268849e+00,  2.223692e+02
  5.898530e+00,  2.070558e+02
  6.542821e+00,  1.943144e+02
  7.111997e+00,  1.839203e+02
  7.517498e+00,  1.755310e+02
  7.689386e+00,  1.688142e+02
  7.586361e+00,  1.635069e+02
  7.199910e+00,  1.594313e+02
  6.554035e+00,  1.564985e+02
  5.701299e+00,  1.547193e+02
  4.715708e+00,  1.542415e+02
  3.683514e+00,  1.554480e+02
  2.694196e+00,  1.592090e+02
  1.834661e+00,  1.674976e+02
  1.195441e+00,  1.845037e+02
  8.787112e-01,  2.137184e+02
  8.817989e-01,  2.424382e+02
  1.019624e+00,  2.578240e+02
  1.179824e+00,  2.631960e+02
  1.364899e+00,  2.629089e+02
  1.619325e+00,  2.597587e+02
  1.987341e+00,  2.558448e+02
  2.491628e+00,  2.524360e+02
  3.127120e+00,  2.498956e+02
  3.862902e+00,  2.480671e+02
  4.646283e+00,  2.466600e+02
  5.408176e+00,  2.454208e+02
  6.070339e+00,  2.441625e+02
  6.554290e+00,  2.427448e+02
  6.791132e+00,  2.410452e+02
  6.731306e+00,  2.389313e+02
  6.353137e+00,  2.362289e+02
  5.668909e+00,  2.326700e+02
  4.727421e+00,  2.277822e+02
  3.613162e+00,  2.205905e+02
  2.446676e+00,  2.086183e+02
  1.414711e+00,  1.837265e+02
  9.541183e-01,  1.268951e+02
  1.323496e+00,  7.603858e+01
  1.843649e+00,  4.914457e+01
  2.284191e+00,  2.757263e+01
  2.729898e+00,  5.986513e+00
  3.338011e+00,  3.450185e+02
  4.190803e+00,  3.270127e+02
  5.237438e+00,  3.129317e+02
  6.343276e+00,  3.022243e+02
  7.351431e+00,  2.939417e+02
  8.117311e+00,  2.872818e+02
  8.526791e+00,  2.816583e+02
  8.507335e+00,  2.766327e+02
  8.034495e+00,  2.718301e+02
  7.134021e+00,  2.668453e+02
  5.879917e+00,  2.610857e+02
  4.390666e+00,  2.533641e+02
  2.834694e+00,  2.403621e+02
  1.522943e+00,  2.090211e+02
  1.325863e+00,  1.422189e+02
  2.129117e+00,  1.054317e+02
  2.877531e+00,  8.837460e+01
  3.332731e+00,  7.517828e+01
  3.509576e+00,  6.118589e+01
  3.542141e+00,  4.426192e+01
  3.644776e+00,  2.421282e+01
  4.001017e+00,  3.755343e+00
  4.616611e+00,  3.464497e+02
  5.331666e+00,  3.334656e+02
  5.945400e+00,  3.240532e+02
  6.290994e+00,  3.171300e+02
  6.256420e+00,  3.118597e+02
  5.788038e+00,  3.076630e+02
  4.889357e+00,  3.041015e+02
  3.616236e+00,  3.006858e+02
  2.068962e+00,  2.961303e+02
  4.132929e-01,  2.701085e+02
  1.365322e+00,  1.273148e+02
  2.931482e+00,  1.213210e+02
  4.249120e+00,  1.188240e+02
  5.222333e+00,  1.170589e+02
  5.798926e+00,  1.154708e+02
  5.971448e+00,  1.137713e+02
  5.776857e+00,  1.116732e+02
  5.292583e+00,  1.087742e+02
  4.630060e+00,  1.044498e+02
  3.927433e+00,  9.779517e+01
  3.339611e+00,  8.793681e+01
  3.008456e+00,  7.535237e+01
  2.993193e+00,  6.318721e+01
  3.231378e+00,  5.495571e+01
  3.607285e+00,  5.141020e+01
  4.023295e+00,  5.133982e+01
  4.402248e+00,  5.329197e+01
  4.669035e+00,  5.622206e+01
  4.745438e+00,  5.956153e+01
  4.559685e+00,  6.315598e+01
  4.062995e+00,  6.727263e+01
  3.247650e+00,  7.293507e+01
  2.173900e+00,  8.380754e+01
  1.127150e+00,  1.192580e+02
  1.397846e+00,  1.934636e+02
  2.695393e+00,  2.173980e+02
  4.001394e+00,  2.246923e+02
  5.058493e+00,  2.274648e+02
  5.733367e+00,  2.281569e+02
  5.949178e+00,  2.273816e+02
  5.685890e+00,  2.250997e+02
  4.986688e+00,  2.207169e+02
  3.968049e+00,  2.126041e+02
  2.853379e+00,  1.964993e+02
  2.087390e+00,  1.640506e+02
  2.210302e+00,  1.233641e+02
  2.880362e+00,  9.852461e+01
  3.463776e+00,  8.514441e+01
  3.676300e+00,  7.607823e+01
  3.426143e+00,  6.770750e+01
  2.742466e+00,  5.658888e+01
  1.820725e+00,  3.399036e+01
  1.407986e+00,  3.391093e+02
  2.306916e+00,  2.947920e+02
  3.606690e+00,  2.783596e+02
  4.742714e+00,  2.707119e+02
  5.476449e+00,  2.663278e+02
  5.670923e+00,  2.636215e+02
  5.264999e+00,  2.621712e+02
  4.273661e+00,  2.623091e+02
  2.794036e+00,  2.662832e+02
  1.113699e+00,  2.932370e+02
  1.521695e+00,  3.500886e+01
  3.464720e+00,  5.113437e+01
  5.287512e+00,  5.354888e+01
  6.731960e+00,  5.290327e+01
  7.653973e+00,  5.072834e+01
  7.983661e+00,  4.723825e+01
  7.732724e+00,  4.214507e+01
  7.003248e+00,  3.469500e+01
  5.998316e+00,  2.349473e+01
  5.034705e+00,  6.630175e+00
  4.500376e+00,  3.439065e+02
  4.590625e+00,  3.207796e+02
  5.059002e+00,  3.034819e+02
  5.501901e+00,  2.925788e+02
  5.653191e+00,  2.863016e+02
  5.408459e+00,  2.833724e+02
  4.783778e+00,  2.833807e+02
  3.884124e+00,  2.867965e+02
  2.881903e+00,  2.953297e+02
  2.002109e+00,  3.125324e+02
  1.472503e+00,  3.408389e+02
  1.283907e+00,  1.103337e+01
  1.096135e+00,  3.497122e+01
  6.885491e-01,  6.638937e+01
  6.550326e-01,  1.555043e+02
  1.708835e+00,  1.930292e+02
  3.099555e+00,  2.035612e+02
  4.556846e+00,  2.083986e+02
  5.884950e+00,  2.111382e+02
  6.908864e+00,  2.129011e+02
  7.490519e+00,  2.142078e+02
  7.547081e+00,  2.154044e+02
  7.063321e+00,  2.168355e+02
  6.095887e+00,  2.190114e+02
  4.771035e+00,  2.229715e+02
  3.287628e+00,  2.314717e+02
  1.980520e+00,  2.533447e+02
  1.537552e+00,  3.006580e+02
  2.074434e+00,  3.335751e+02
  2.646835e+00,  3.435781e+02
  2.879897e+00,  3.435335e+02
  2.752784e+00,  3.361340e+02
  2.448063e+00,  3.192498e+02
  2.370578e+00,  2.916423e+02
  2.864526e+00,  2.643475e+02
  3.748380e+00,  2.472324e+02
  4.650980e+00,  2.380014e+02
  5.308679e+00,  2.332540e+02
  5.563633e+00,  2.313592e+02
  5.344536e+00,  2.318887e+02
  4.666095e+00,  2.354421e+02
  3.648592e+00,  2.444458e+02
  2.610186e+00,  2.659039e+02
  2.295527e+00,  3.066332e+02
  3.117755e+00,  3.398266e+02
  4.328950e+00,  3.551533e+02
  5.384301e+00,  2.514348e+00
  6.050808e+00,  6.634878e+00
  6.229934e+00,  9.346707e+00
  5.910932e+00,  1.153190e+01
  5.155807e+00,  1.381214e+01
  4.087984e+00,  1.695080e+01
  2.876921e+00,  2.249126e+01
  1.734136e+00,  3.488044e+01
  9.697476e-01,  6.742449e+01
  9.050947e-01,  1.126950e+02
  1.044514e+00,  1.277952e+02
  9.831230e-01,  1.173910e+02
  9.970669e-01,  7.821574e+01
  1.690621e+00,  4.180319e+01
  2.915009e+00,  2.677421e+01
  4.355986e+00,  2.041757e+01
  5.801199e+00,  1.734988e+01
  7.077114e+00,  1.580249e+01
  8.042204e+00,  1.509975e+01
  8.595188e+00,  1.495379e+01
  8.683093e+00,  1.524466e+01
  8.305481e+00,  1.594507e+01
  7.513686e+00,  1.709832e+01
  6.404572e+00,  1.882407e+01
  5.108911e+00,  2.134939e+01
  3.775263e+00,  2.507399e+01
  2.550775e+00,  3.066662e+01
  1.559362e+00,  3.899085e+01
  8.727379e-01,  4.927563e+01
  4.837821e-01,  4.899917e+01
  4.714555e-01,  1.420380e+01
  9.429752e-01,  3.561275e+02
  1.686586e+00,  3.548379e+02
  2.558342e+00,  3.570542e+02
  3.432694e+00,  1.321302e-01
  4.189456e+00,  3.686311e+00
  4.729546e+00,  7.859988e+00
  4.991763e+00,  1.301761e+01
  4.966914e+00,  1.972699e+01
  4.708573e+00,  2.879937e+01
  4.338840e+00,  4.120191e+01
  4.036969e+00,  5.740503e+01
  3.974753e+00,  7.595422e+01
  4.197277e+00,  9.338388e+01
  4.588183e+00,  1.070854e+02
  4.974736e+00,  1.167150e+02
  5.221112e+00,  1.229163e+02
  5.253746e+00,  1.262295e+02
  5.060201e+00,  1.267631e+02
  4.687358e+00,  1.241404e+02
  4.243926e+00,  1.175856e+02
  3.897865e+00,  1.065516e+02
  3.828908e+00,  9.237916e+01
  4.107965e+00,  7.888198e+01
  4.636492e+00,  6.913118e+01
  5.243697e+00,  6.346027e+01
  5.781005e+00,  6.091151e+01
  6.144126e+00,  6.051896e+01
  6.266747e+00,  6.161450e+01
  6.112657e+00,  6.379378e+01
  5.670529e+00,  6.685754e+01
  4.950711e+00,  7.081680e+01
  3.984114e+00,  7.605164e+01
  2.826330e+00,  8.402971e+01
  1.591618e+00,  1.015178e+02
  8.564074e-01,  1.674489e+02
  1.738606e+00,  2.245077e+02
  2.978326e+00,  2.391362e+02
  4.106751e+00,  2.453164e+02
  5.007740e+00,  2.485661e+02
  5.621477e+00,  2.501296e+02
  5.924797e+00,  2.502775e+02
  5.932103e+00,  2.488850e+02
  5.698508e+00,  2.455626e+02
  5.322849e+00,  2.397331e+02
  4.946072e+00,  2.308988e+02
  4.728232e+00,  2.193585e+02
  4.782475e+00,  2.069385e+02
  5.102232e+00,  1.962036e+02
  5.573653e+00,  1.886281e+02
  6.055464e+00,  1.842686e+02
  6.434572e+00,  1.825927e+02
  6.641505e+00,  1.830791e+02
  6.649334e+00,  1.853930e+02
  6.469367e+00,  1.893765e+02
  6.145257e+00,  1.949772e+02
  5.743195e+00,  2.021300e+02
  5.335582e+00,  2.105854e+02
  4.978631e+00,  2.197369e+02
  4.691975e+00,  2.285984e+02
  4.454908e+00,  2.360282e+02
  4.225992e+00,  2.410123e+02
  3.974741e+00,  2.427424e+02
  3.708982e+00,  2.405340e+02
  3.488404e+00,  2.339596e+02
  3.411126e+00,  2.235856e+02
  3.554241e+00,  2.117112e+02
  3.902589e+00,  2.012382e+02
  4.352360e+00,  1.936257e+02
  4.773639e+00,  1.888096e+02
  5.054692e+00,  1.862217e+02
  5.116284e+00,  1.853918e+02
  4.914487e+00,  1.861347e+02
  4.442411e+00,  1.886701e+02
  3.736519e+00,  1.939404e+02
  2.898932e+00,  2.045291e+02
  2.169508e+00,  2.263446e+02
  2.014477e+00,  2.613450e+02
  2.600738e+00,  2.887557e+02
  3.479517e+00,  3.012854e+02
  4.311030e+00,  3.055152e+02
  4.946172e+00,  3.051196e+02
  5.333444e+00,  3.014067e+02
  5.491154e+00,  2.947015e+02
  5.498869e+00,  2.850042e+02
  5.479908e+00,  2.725136e+02
  5.556207e+00,  2.581202e+02
  5.781291e+00,  2.433832e+02
  6.103034e+00,  2.297146e+02
  6.394399e+00,  2.176648e+02
  6.515888e+00,  2.069921e+02
  6.362213e+00,  1.970282e+02
  5.886284e+00,  1.868329e+02
  5.113498e+00,  1.750119e+02
  4.163457e+00,  1.591233e+02
  3.305111e+00,  1.350064e+02
  2.996085e+00,  1.010827e+02
  3.479477e+00,  6.922488e+01
  4.386069e+00,  4.806727e+01
  5.291698e+00,  3.434968e+01
  5.968744e+00,  2.440697e+01
  6.316170e+00,  1.628830e+01
  6.310944e+00,  8.948342e+00
  5.987009e+00,  1.725012e+00
  5.421064e+00,  3.541019e+02
  4.717874e+00,  3.456202e+02
  3.992777e+00,  3.359306e+02
  3.349801e+00,  3.250654e+02
  2.855996e+00,  3.139247e+02
  2.524459e+00,  3.044697e+02
  2.330425e+00,  2.989012e+02
  2.255563e+00,  2.982533e+02
  2.308191e+00,  3.015133e+02
  2.490507e+00,  3.060228e+02
  2.759465e+00,  3.092722e+02
  3.034319e+00,  3.101325e+02
  3.231444e+00,  3.084631e+02
  3.291060e+00,  3.043422e+02
  3.190671e+00,  2.976599e+02
  2.950562e+00,  2.879753e+02
  2.633434e+00,  2.745527e+02
  2.333522e+00,  2.568308e+02
  2.139652e+00,  2.356671e+02
  2.069840e+00,  2.140123e+02
  2.045875e+00,  1.946889e+02
  1.953681e+00,  1.782626e+02
  1.707888e+00,  1.636379e+02
  1.273181e+00,  1.486433e+02
  6.714293e-01,  1.258384e+02
  3.328997e-01,  1.832206e+01
  1.098699e+00,  3.247703e+02
  2.010711e+00,  3.071455e+02
  2.931206e+00,  2.932210e+02
  3.826150e+00,  2.798808e+02
  4.688151e+00,  2.664348e+02
  5.524680e+00,  2.527953e+02
  6.343456e+00,  2.391092e+02
  7.137906e+00,  2.255833e+02
  7.879448e+00,  2.123662e+02
  8.520110e+00,  1.994871e+02
  9.003579e+00,  1.868509e+02
  9.279708e+00,  1.742618e+02
  9.317653e+00,  1.614509e+02
  9.114735e+00,  1.480920e+02
  8.700174e+00,  1.338079e+02
  8.134332e+00,  1.181762e+02
  7.504276e+00,  1.007664e+02
  6.915064e+00,  8.125832e+01
  6.473451e+00,  5.968384e+01
  6.261319e+00,  3.668873e+01
  6.306027e+00,  1.347884e+01
  6.572365e+00,  3.512532e+02
  6.986527e+00,  3.307051e+02
  7.463839e+00,  3.120175e+02
  7.920091e+00,  2.951016e+02
  8.271660e+00,  2.797699e+02
  8.436013e+00,  2.657997e+02
  8.337489e+00,  2.529430e+02
  7.917100e+00,  2.409151e+02
  7.143045e+00,  2.293587e+02
  6.019347e+00,  2.177359e+02
  4.592718e+00,  2.049593e+02
  2.968590e+00,  1.877299e+02
  1.457246e+00,  1.488688e+02
  1.571806e+00,  6.302826e+01
  3.094754e+00,  2.890680e+01
  4.641815e+00,  1.327799e+01
  5.953061e+00,  1.978873e+00
  6.937249e+00,  3.522088e+02
  7.557117e+00,  3.430929e+02
  7.814447e+00,  3.343004e+02
  7.741974e+00,  3.257483e+02
  7.393126e+00,  3.175437e+02
  6.830400e+00,  3.100026e+02
  6.117920e+00,  3.037129e+02
  5.325545e+00,  2.996449e+02
  4.543064e+00,  2.992629e+02
  3.910755e+00,  3.042638e+02
  3.623698e+00,  3.146967e+02
  3.804960e+00,  3.262259e+02
  4.342610e+00,  3.336152e+02
  4.984733e+00,  3.357882e+02
  5.505904e+00,  3.338953e+02
  5.753116e+00,  3.288930e+02
  5.647920e+00,  3.209709e+02
  5.197255e+00,  3.094124e+02
  4.527641e+00,  2.922825e+02
  3.953507e+00,  2.667163e+02
  3.962579e+00,  2.340112e+02
  4.765273e+00,  2.041996e+02
  6.033289e+00,  1.823748e+02
  7.362344e+00,  1.660898e+02
  8.489155e+00,  1.525425e+02
  9.269656e+00,  1.400206e+02
  9.653155e+00,  1.274723e+02
  9.669354e+00,  1.141772e+02
  9.412398e+00,  9.963504e+01
  9.011925e+00,  8.360325e+01
  8.588965e+00,  6.619327e+01
  8.209441e+00,  4.786012e+01
  7.861919e+00,  2.915259e+01
  7.479694e+00,  1.027745e+01
  7.002875e+00,  3.508209e+02
  6.444176e+00,  3.297630e+02
  5.932603e+00,  3.058832e+02
  5.697584e+00,  2.790341e+02
  5.922449e+00,  2.516829e+02
  6.549893e+00,  2.272891e+02
  7.313904e+00,  2.069926e+02
  7.924951e+00,  1.898205e+02
  8.175777e+00,  1.742406e+02
  7.972479e+00,  1.586807e+02
  7.354810e+00,  1.413464e+02
  6.535718e+00,  1.199215e+02
  5.951152e+00,  9.238309e+01
  6.134469e+00,  6.113039e+01
  7.214756e+00,  3.350757e+01
  8.798018e+00,  1.259533e+01
  1.042595e+01,  3.567020e+02
  1.178295e+01,  3.437431e+02
  1.268510e+01,  3.323503e+02
  1.305104e+01,  3.216824e+02
  1.288314e+01,  3.111924e+02
  1.225000e+01,  3.005034e+02
  1.126481e+01,  2.893641e+02
  1.005937e+01,  2.776603e+02
  8.749713e+00,  2.654656e+02
  7.409124e+00,  2.530735e+02
  6.059792e+00,  2.409756e+02
  4.688582e+00,  2.298077e+02
  3.279672e+00,  2.204658e+02
  1.849761e+00,  2.154065e+02
  5.421759e-01,  2.395902e+02
  1.017665e+00,  3.433238e+02
  2.075125e+00,  3.475602e+02
  2.822567e+00,  3.440013e+02
  3.137546e+00,  3.394855e+02
  2.954564e+00,  3.354784e+02
  2.264126e+00,  3.337053e+02
  1.151041e+00,  3.432680e+02
  8.171800e-01,  8.354098e+01
  2.498607e+00,  1.085780e+02
  4.419631e+00,  1.080552e+02
  6.293572e+00,  1.036146e+02
  7.952779e+00,  9.759641e+01
  9.270397e+00,  9.050832e+01
  1.016778e+01,  8.243940e+01
  1.062029e+01,  7.333633e+01
  1.065462e+01,  6.309282e+01
  1.033737e+01,  5.159634e+01
  9.756800e+00,  3.876474e+01
  8.997244e+00,  2.455656e+01
  8.120491e+00,  8.913207e+00
  7.164485e+00,  3.515928e+02
  6.167103e+00,  3.318693e+02
  5.219990e+00,  3.081785e+02
  4.545707e+00,  2.785326e+02
  4.488986e+00,  2.442553e+02
  5.194496e+00,  2.127835e+02
  6.395140e+00,  1.887008e+02
  7.714605e+00,  1.706876e+02
  8.861288e+00,  1.564416e+02
  9.631011e+00,  1.443869e+02
  9.892003e+00,  1.335305e+02
  9.581556e+00,  1.231674e+02
  8.705544e+00,  1.126551e+02
  7.335825e+00,  1.011602e+02
  5.609028e+00,  8.709219e+01
  3.754120e+00,  6.610149e+01
  2.314272e+00,  2.399020e+01
  2.532222e+00,  3.212800e+02
  4.010954e+00,  2.860738e+02
  5.629056e+00,  2.661002e+02
  7.073899e+00,  2.507866e+02
  8.269195e+00,  2.370788e+02
  9.209096e+00,  2.239578e+02
  9.912304e+00,  2.110890e+02
  1.039800e+01,  1.984168e+02
  1.067274e+01,  1.859894e+02
  1.072850e+01,  1.738548e+02
  1.055114e+01,  1.619989e+02
  1.013462e+01,  1.503185e+02
  9.494521e+00,  1.386210e+02
  8.675664e+00,  1.266439e+02
  7.751292e+00,  1.140973e+02
  6.812965e+00,  1.007543e+02
  5.951417e+00,  8.662323e+01
  5.230930e+00,  7.218042e+01
  4.667887e+00,  5.847708e+01
  4.232662e+00,  4.689994e+01
  3.882683e+00,  3.871588e+01
  3.605442e+00,  3.473550e+01
  3.439178e+00,  3.497592e+01
  3.449502e+00,  3.809697e+01
  3.667962e+00,  4.149939e+01
  4.052843e+00,  4.288209e+01
  4.516419e+00,  4.139790e+01
  4.972012e+00,  3.724497e+01
  5.355565e+00,  3.093253e+01
  5.625896e+00,  2.293408e+01
  5.759041e+00,  1.359519e+01
  5.738093e+00,  3.126839e+00
  5.549282e+00,  3.515548e+02
  5.187138e+00,  3.386130e+02
  4.669793e+00,  3.235602e+02
  4.066951e+00,  3.049232e+02
  3.542328e+00,  2.806082e+02
  3.366165e+00,  2.504403e+02
  3.733730e+00,  2.203580e+02
  4.527458e+00,  1.965370e+02
  5.472855e+00,  1.789785e+02
  6.342656e+00,  1.654989e+02
  6.983222e+00,  1.544252e+02
  7.298564e+00,  1.447376e+02
  7.241756e+00,  1.358006e+02
  6.810984e+00,  1.271722e+02
  6.044473e+00,  1.184936e+02
  5.011661e+00,  1.094092e+02
  3.800499e+00,  9.945255e+01
  2.502986e+00,  8.766291e+01
  1.207527e+00,  6.983182e+01
  3.352830e-01,  3.247611e+02
  1.366451e+00,  2.567371e+02
  2.505005e+00,  2.392899e+02
  3.603143e+00,  2.257966e+02
  4.655393e+00,  2.137223e+02
  5.641107e+00,  2.026845e+02
  6.514893e+00,  1.925825e+02
  7.212738e+00,  1.832973e+02
  7.665580e+00,  1.746382e+02
  7.814861e+00,  1.663347e+02
  7.626865e+00,  1.580142e+02
  7.104977e+00,  1.491341e+02
  6.301267e+00,  1.388328e+02
  5.332065e+00,  1.256595e+02
  4.404902e+00,  1.073735e+02
  3.835204e+00,  8.241576e+01
  3.892589e+00,  5.501883e+01
  4.479659e+00,  3.308278e+01
  5.254871e+00,  1.829658e+01
  5.951521e+00,  8.450248e+00
  6.428304e+00,  1.559493e+00
  6.628245e+00,  3.564075e+02
  6.549298e+00,  3.522407e+02
  6.227353e+00,  3.485229e+02
  5.724263e+00,  3.447906e+02
  5.117669e+00,  3.405762e+02
  4.491483e+00,  3.353993e+02
  3.925744e+00,  3.288829e+02
  3.483962e+00,  3.210568e+02
  3.196992e+00,  3.127110e+02
  3.044639e+00,  3.052610e+02
  2.961959e+00,  2.999734e+02
  2.868031e+00,  2.974569e+02
  2.693129e+00,  2.979377e+02
  2.395094e+00,  3.019474e+02
  1.976788e+00,  3.113609e+02
  1.534965e+00,  3.313820e+02
  1.377501e+00,  7.753186e+00
  1.816565e+00,  4.247374e+01
  2.634690e+00,  6.139250e+01
  3.540801e+00,  7.144998e+01
  4.367531e+00,  7.760463e+01
  5.004078e+00,  8.193280e+01
  5.373823e+00,  8.539479e+01
  5.433907e+00,  8.854240e+01
  5.178602e+00,  9.180731e+01
  4.641246e+00,  9.568028e+01
  3.894127e+00,  1.009292e+02
  3.048728e+00,  1.089981e+02
  2.262212e+00,  1.226170e+02
  1.742512e+00,  1.446694e+02
  1.632827e+00,  1.694487e+02
  1.782087e+00,  1.841680e+02
  1.955941e+00,  1.863231e+02
  2.110893e+00,  1.781194e+02
  2.382522e+00,  1.626045e+02
  2.941467e+00,  1.456146e+02
  3.812777e+00,  1.321066e+02
  4.877439e+00,  1.227605e+02
  5.972751e+00,  1.163330e+02
  6.942859e+00,  1.116143e+02
  7.655133e+00,  1.077525e+02
  8.010185e+00,  1.041213e+02
  7.951816e+00,  1.001514e+02
  7.477633e+00,  9.515313e+01
  6.652598e+00,  8.806747e+01
  5.633524e+00,  7.708341e+01
  4.716251e+00,  5.954376e+01
  4.343613e+00,  3.490853e+01
  4.787290e+00,  1.052502e+01
  5.787192e+00,  3.535675e+02
  6.907462e+00,  3.433706e+02
  7.847455e+00,  3.373074e+02
  8.435647e+00,  3.336367e+02
  8.586397e+00,  3.313976e+02
  8.278912e+00,  3.300481e+02
  7.546108e+00,  3.292484e+02
  6.464377e+00,  3.287300e+02
  5.142263e+00,  3.281741e+02
  3.709605e+00,  3.269662e+02
  2.304919e+00,  3.233435e+02
  1.089031e+00,  3.090957e+02
  5.562522e-01,  2.390039e+02
  1.039107e+00,  1.961918e+02
  1.426436e+00,  1.910921e+02
  1.526937e+00,  1.950435e+02
  1.376192e+00,  2.059475e+02
  1.107333e+00,  2.283877e+02
  1.008839e+00,  2.675527e+02
  1.314554e+00,  3.044613e+02
  1.824850e+00,  3.263029e+02
  2.304600e+00,  3.404629e+02
  2.631051e+00,  3.521706e+02
  2.751565e+00,  4.226639e+00
  2.681873e+00,  1.899542e+01
  2.536202e+00,  3.908726e+01
  2.555705e+00,  6.531451e+01
  2.985989e+00,  9.203445e+01
  3.824486e+00,  1.124249e+02
  4.879682e+00,  1.261383e+02
  5.957478e+00,  1.353680e+02
  6.907383e+00,  1.417588e+02
  7.618061e+00,  1.462019e+02
  8.014432e+00,  1.491072e+02
  8.059780e+00,  1.505702e+02
  7.758848e+00,  1.504422e+02
  7.163474e+00,  1.483182e+02
  6.379820e+00,  1.434895e+02
  5.574406e+00,  1.350221e+02
  4.961692e+00,  1.224547e+02
  4.723818e+00,  1.074338e+02
  4.865592e+00,  9.383885e+01
  5.196845e+00,  8.448146e+01
  5.487525e+00,  7.966069e+01
  5.579247e+00,  7.872280e+01
  5.404774e+00,  8.125801e+01
  4.981010e+00,  8.746887e+01
  4.407225e+00,  9.827923e+01
  3.871934e+00,  1.150469e+02
  3.630653e+00,  1.375728e+02
  3.852467e+00,  1.611994e+02
  4.448370e+00,  1.805336e+02
  5.187712e+00,  1.946332e+02
  5.873413e+00,  2.048530e+02
  6.374109e+00,  2.124291e+02
  6.606684e+00,  2.180583e+02
  6.524865e+00,  2.220164e+02
  6.117767e+00,  2.242370e+02
  5.414990e+00,  2.242336e+02
  4.499231e+00,  2.207597e+02
  3.533494e+00,  2.110689e+02
  2.827706e+00,  1.909401e+02
  2.793121e+00,  1.632189e+02
  3.420669e+00,  1.424474e+02
  4.279536e+00,  1.318898e+02
  5.049112e+00,  1.273052e+02
  5.565639e+00,  1.258216e+02
  5.751075e+00,  1.260385e+02
  5.581716e+00,  1.272334e+02
  5.074627e+00,  1.289362e+02
  4.278035e+00,  1.306592e+02
  3.263233e+00,  1.315008e+02
  2.124110e+00,  1.287281e+02
  1.045391e+00,  1.081938e+02
  9.546205e-01,  3.470754e+01
  1.964867e+00,  1.093338e+01
  3.067530e+00,  9.584683e+00
  4.103046e+00,  1.339415e+01
  5.037642e+00,  1.908698e+01
  5.854539e+00,  2.554520e+01
  6.534661e+00,  3.220091e+01
  7.050783e+00,  3.870334e+01
  7.368985e+00,  4.482209e+01
  7.455478e+00,  5.039281e+01
  7.285903e+00,  5.525262e+01
  6.848593e+00,  5.919306e+01
  6.149574e+00,  6.188156e+01
  5.219236e+00,  6.269153e+01
  4.123552e+00,  6.026686e+01
  2.993509e+00,  5.128854e+01
  2.120322e+00,  2.826037e+01
  2.018013e+00,  3.512833e+02
  2.649036e+00,  3.258650e+02
  3.414564e+00,  3.142903e+02
  3.979627e+00,  3.086673e+02
  4.200219e+00,  3.051837e+02
  4.017016e+00,  3.018899e+02
  3.434631e+00,  2.968954e+02
  2.542815e+00,  2.861475e+02
  1.671996e+00,  2.564590e+02
  1.826094e+00,  2.027065e+02
  3.096009e+00,  1.759097e+02
  4.623347e+00,  1.667691e+02
  6.064871e+00,  1.634365e+02
  7.255368e+00,  1.625278e+02
  8.089916e+00,  1.628920e+02
  8.507466e+00,  1.640607e+02
  8.489560e+00,  1.658281e+02
  8.060606e+00,  1.681125e+02
  7.287059e+00,  1.709001e+02
  6.266216e+00,  1.741758e+02
  5.111103e+00,  1.778210e+02
  3.932530e+00,  1.813817e+02
  2.823468e+00,  1.834534e+02
  1.864711e+00,  1.798116e+02
  1.222951e+00,  1.588259e+02
  1.305505e+00,  1.215011e+02
  2.027528e+00,  1.040104e+02
  2.975435e+00,  1.003138e+02
  3.971968e+00,  1.007980e+02
  4.904360e+00,  1.022440e+02
  5.665773e+00,  1.035276e+02
  6.158993e+00,  1.041611e+02
  6.311781e+00,  1.038064e+02
  6.093038e+00,  1.020321e+02
  5.528274e+00,  9.807063e+01
  4.719022e+00,  9.042697e+01
  3.879195e+00,  7.642394e+01
  3.376196e+00,  5.381440e+01
  3.553039e+00,  2.832224e+01
  4.287431e+00,  1.012001e+01
  5.181887e+00,  1.380888e-01
  5.952354e+00,  3.553897e+02
  6.454895e+00,  3.538299e+02
  6.637847e+00,  3.544426e+02
  6.510770e+00,  3.567374e+02
  6.123504e+00,  4.473331e-01
  5.545597e+00,  5.347178e+00
  4.844977e+00,  1.112112e+01
  4.070568e+00,  1.725865e+01
  3.245729e+00,  2.295201e+01
  2.377201e+00,  2.678680e+01
  1.482220e+00,  2.498381e+01
  6.996895e-01,  3.574947e+02
  8.561153e-01,  2.850469e+02
  1.670257e+00,  2.677132e+02
  2.460047e+00,  2.662396e+02
  3.088129e+00,  2.687277e+02
  3.494488e+00,  2.731689e+02
  3.661988e+00,  2.793532e+02
  3.622605e+00,  2.876738e+02
  3.461925e+00,  2.986972e+02
  3.305825e+00,  3.124802e+02
  3.267460e+00,  3.275618e+02
  3.367720e+00,  3.411019e+02
  3.517650e+00,  3.508260e+02
  3.591242e+00,  3.559418e+02
  3.502763e+00,  3.561935e+02
  3.250632e+00,  3.507921e+02
  2.952055e+00,  3.381060e+02
  2.859370e+00,  3.178669e+02
  3.206106e+00,  2.959647e+02
  3.935667e+00,  2.795439e+02
  4.794302e+00,  2.692586e+02
  5.548242e+00,  2.630727e+02
  6.033912e+00,  2.594367e+02
  6.152006e+00,  2.575509e+02
  5.862696e+00,  2.571444e+02
  5.184030e+00,  2.584189e+02
  4.192935e+00,  2.623355e+02
  3.040054e+00,  2.717963e+02
  2.034550e+00,  2.950942e+02
  1.812403e+00,  3.375031e+02
  2.474586e+00,  6.596045e+00
  3.294853e+00,  1.734247e+01
  3.904589e+00,  1.976037e+01
  4.193000e+00,  1.743555e+01
  4.169555e+00,  1.096341e+01
  3.945892e+00,  3.596522e+02
  3.738350e+00,  3.427436e+02
  3.806731e+00,  3.219497e+02
  4.260322e+00,  3.022788e+02
  4.957490e+00,  2.871197e+02
  5.659770e+00,  2.762074e+02
  6.168722e+00,  2.680972e+02
  6.356371e+00,  2.615420e+02
  6.162949e+00,  2.555927e+02
  5.592700e+00,  2.493621e+02
  4.712164e+00,  2.416470e+02
  3.656979e+00,  2.301771e+02
  2.670999e+00,  2.101580e+02
  2.181821e+00,  1.767804e+02
  2.470626e+00,  1.437775e+02
  3.132374e+00,  1.250256e+02
  3.736654e+00,  1.158701e+02
  4.102715e+00,  1.117226e+02
  4.180072e+00,  1.106795e+02
  3.988466e+00,  1.121448e+02
  3.594670e+00,  1.161968e+02
  3.097811e+00,  1.233327e+02
  2.612802e+00,  1.341246e+02
  2.241238e+00,  1.482934e+02
  2.023566e+00,  1.635505e+02
  1.912175e+00,  1.764589e+02
  1.819367e+00,  1.848502e+02
  1.688635e+00,  1.879775e+02
  1.524678e+00,  1.851436e+02
  1.395460e+00,  1.755018e+02
  1.409696e+00,  1.607641e+02
  1.634481e+00,  1.471617e+02
  2.039022e+00,  1.390549e+02
  2.558245e+00,  1.358165e+02
  3.141599e+00,  1.354014e+02
  3.748154e+00,  1.361922e+02
  4.333213e+00,  1.371398e+02
  4.843610e+00,  1.375895e+02
  5.222255e+00,  1.371132e+02
  5.418641e+00,  1.353683e+02
  5.401891e+00,  1.319728e+02
  5.174429e+00,  1.263825e+02
  4.786092e+00,  1.177823e+02
  4.347949e+00,  1.051350e+02
  4.032433e+00,  8.789359e+01
  4.012923e+00,  6.767788e+01
  4.330365e+00,  4.831045e+01
  4.851090e+00,  3.236206e+01
  5.381986e+00,  1.975765e+01
  5.766926e+00,  9.353348e+00
  5.910082e+00,  9.827611e-03
  5.773344e+00,  3.507567e+02
  5.371818e+00,  3.406530e+02
  4.771596e+00,  3.285869e+02
  4.090036e+00,  3.131160e+02
  3.493773e+00,  2.927349e+02
  3.163596e+00,  2.675571e+02
  3.175210e+00,  2.412688e+02
  3.418413e+00,  2.178875e+02
  3.719619e+00,  1.977905e+02
  3.979081e+00,  1.792890e+02
  4.199938e+00,  1.607805e+02
  4.464753e+00,  1.416243e+02
  4.880130e+00,  1.224676e+02
  5.500825e+00,  1.047459e+02
  6.288494e+00,  8.952133e+01
  7.135278e+00,  7.694894e+01
  7.911677e+00,  6.661521e+01
  8.500645e+00,  5.797911e+01
  8.814588e+00,  5.057789e+01
  8.802474e+00,  4.407246e+01
  8.451479e+00,  3.823779e+01
  7.784932e+00,  3.294928e+01
  6.857318e+00,  2.818878e+01
  5.746946e+00,  2.409529e+01
  4.547535e+00,  2.111890e+01
  3.362227e+00,  2.044870e+01
  2.311164e+00,  2.519262e+01
  1.584145e+00,  4.220103e+01
  1.466651e+00,  7.079691e+01
  1.893618e+00,  8.779027e+01
  2.516385e+00,  9.074947e+01
  3.181924e+00,  8.723964e+01
  3.843791e+00,  8.115585e+01
  4.470782e+00,  7.419322e+01
  5.025516e+00,  6.706344e+01
  5.467744e+00,  5.998628e+01
  5.764360e+00,  5.291531e+01
  5.898872e+00,  4.565063e+01
  5.877649e+00,  3.789607e+01
  5.732503e+00,  2.929958e+01
  5.519624e+00,  1.951948e+01
  5.313625e+00,  8.365233e+00
  5.193387e+00,  3.560169e+02
  5.218416e+00,  3.431664e+02
  5.405655e+00,  3.308094e+02
  5.725320e+00,  3.197457e+02
  6.119116e+00,  3.102642e+02
  6.523615e+00,  3.022184e+02
  6.884706e+00,  2.952565e+02
  7.162549e+00,  2.889920e+02
  7.331447e+00,  2.830798e+02
  7.377796e+00,  2.772345e+02
  7.297453e+00,  2.712252e+02
  7.093065e+00,  2.648618e+02
  6.772271e+00,  2.579786e+02
  6.347618e+00,  2.504174e+02
  5.832725e+00,  2.420131e+02
  5.240144e+00,  2.325506e+02
  4.581690e+00,  2.216678e+02
  3.873270e+00,  2.086397e+02
  3.150025e+00,  1.919108e+02
  2.505855e+00,  1.683427e+02
  2.165522e+00,  1.346168e+02
  2.404524e+00,  9.751457e+01
  3.167725e+00,  6.956512e+01
  4.191120e+00,  5.069665e+01
  5.285873e+00,  3.693901e+01
  6.331513e+00,  2.588684e+01
  7.238128e+00,  1.631137e+01
  7.934609e+00,  7.548417e+00
  8.367670e+00,  3.592068e+02
  8.502916e+00,  3.510377e+02
  8.325124e+00,  3.428674e+02
  7.837504e+00,  3.345541e+02
  7.060450e+00,  3.259451e+02
  6.029989e+00,  3.168187e+02
  4.795776e+00,  3.067519e+02
  3.419791e+00,  2.946729e+02
  1.987665e+00,  2.764738e+02
  8.167093e-01,  2.214737e+02
  1.455154e+00,  1.329041e+02
  2.834324e+00,  1.079052e+02
  4.208580e+00,  9.364978e+01
  5.485778e+00,  8.211278e+01
  6.618298e+00,  7.170999e+01
  7.562764e+00,  6.194855e+01
  8.276189e+00,  5.261842e+01
  8.719101e+00,  4.358977e+01
  8.861255e+00,  3.474458e+01
  8.687533e+00,  2.594522e+01
  8.202321e+00,  1.700784e+01
  7.431768e+00,  7.658245e+00
  6.424823e+00,  3.574373e+02
  5.255775e+00,  3.454786e+02
  4.035013e+00,  3.299636e+02
  2.946438e+00,  3.069983e+02
  2.323776e+00,  2.717487e+02
  2.468698e+00,  2.330985e+02
  3.108057e+00,  2.065059e+02
  3.815596e+00,  1.900160e+02
  4.376577e+00,  1.789088e+02
  4.587781e+00,  1.707299e+02
  3.147709e+00,  1.562834e+02
##END=
