##TITLE= E:\桌面\nmr\ogm\sjd\matlabcod\1\4_18_xjhsjd
##JCAMP-DX= 5.00 Bruker JCAMP library
##DATA TYPE= Shape Data
##ORIGIN= Colm's GRAPE Pulses 
##OWNER= Dawei.Lu
##DATE= 02-Aug-2025
##TIME= 11:48
##MINX= 8.043988e-02
##MAXX= 1.099061e+01
##MINY= 1.489271e-01
##MAXY= 3.590220e+02
##$SHAPE_EXMODE= None
##$SHAPE_TOTROT= 9.000000e+01
##$SHAPE_BWFAC= 1.000000e+00
##$SHAPE_INTEGFAC= 1.000000e+00
##$SHAPE_MODE= 1
##PULSE_WIDTH= 5000
##Calibration_Power= 12500
##NPOINTS= 1000
##XYPOINTS= (XY..XY)
  2.430940e+00,  1.207279e+02
  2.950779e+00,  1.237732e+02
  2.914141e+00,  1.236607e+02
  1.219909e+00,  1.286403e+02
  9.686736e-01,  2.821172e+02
  3.224765e+00,  2.894276e+02
  5.400115e+00,  2.883013e+02
  7.263098e+00,  2.856300e+02
  8.634318e+00,  2.819487e+02
  9.400767e+00,  2.771892e+02
  9.535917e+00,  2.710267e+02
  9.114294e+00,  2.628874e+02
  8.319436e+00,  2.519297e+02
  7.437518e+00,  2.372659e+02
  6.798863e+00,  2.189465e+02
  6.606944e+00,  1.993413e+02
  6.759521e+00,  1.820287e+02
  6.930485e+00,  1.687725e+02
  6.803291e+00,  1.593681e+02
  6.189359e+00,  1.532234e+02
  5.042287e+00,  1.504583e+02
  3.458669e+00,  1.536096e+02
  1.825615e+00,  1.779081e+02
  1.884270e+00,  2.473514e+02
  3.654084e+00,  2.709589e+02
  5.457796e+00,  2.745985e+02
  6.888751e+00,  2.729480e+02
  7.798190e+00,  2.686398e+02
  8.155000e+00,  2.620622e+02
  8.042593e+00,  2.528505e+02
  7.665262e+00,  2.403424e+02
  7.329487e+00,  2.242791e+02
  7.339442e+00,  2.060344e+02
  7.801428e+00,  1.886763e+02
  8.546992e+00,  1.746009e+02
  9.285187e+00,  1.642097e+02
  9.766648e+00,  1.568748e+02
  9.843261e+00,  1.519078e+02
  9.470645e+00,  1.488678e+02
  8.694276e+00,  1.475830e+02
  7.630125e+00,  1.481175e+02
  6.440737e+00,  1.507086e+02
  5.304544e+00,  1.555686e+02
  4.373065e+00,  1.623312e+02
  3.717200e+00,  1.692260e+02
  3.303888e+00,  1.731152e+02
  3.062513e+00,  1.711227e+02
  2.988927e+00,  1.623941e+02
  3.148580e+00,  1.492141e+02
  3.553101e+00,  1.359628e+02
  4.084013e+00,  1.254786e+02
  4.556777e+00,  1.180712e+02
  4.802051e+00,  1.131397e+02
  4.700423e+00,  1.102440e+02
  4.197163e+00,  1.094979e+02
  3.314794e+00,  1.121921e+02
  2.191957e+00,  1.236796e+02
  1.358210e+00,  1.651045e+02
  1.949163e+00,  2.176577e+02
  3.223284e+00,  2.342656e+02
  4.396242e+00,  2.387309e+02
  5.214165e+00,  2.391606e+02
  5.553361e+00,  2.375976e+02
  5.365489e+00,  2.345734e+02
  4.671424e+00,  2.299337e+02
  3.559409e+00,  2.226102e+02
  2.195613e+00,  2.082573e+02
  1.030615e+00,  1.606459e+02
  1.546272e+00,  8.237851e+01
  2.792669e+00,  5.737946e+01
  3.871816e+00,  4.342402e+01
  4.653652e+00,  3.080612e+01
  5.162815e+00,  1.704264e+01
  5.524530e+00,  1.259739e+00
  5.919406e+00,  3.437830e+02
  6.488386e+00,  3.260952e+02
  7.239000e+00,  3.098743e+02
  8.046180e+00,  2.958888e+02
  8.725362e+00,  2.839529e+02
  9.104685e+00,  2.734283e+02
  9.066989e+00,  2.635485e+02
  8.570799e+00,  2.534550e+02
  7.663411e+00,  2.420362e+02
  6.497344e+00,  2.276019e+02
  5.361700e+00,  2.076530e+02
  4.691702e+00,  1.806811e+02
  4.818721e+00,  1.518086e+02
  5.544280e+00,  1.290984e+02
  6.388510e+00,  1.135178e+02
  7.003303e+00,  1.026224e+02
  7.212588e+00,  9.449597e+01
  6.958067e+00,  8.806456e+01
  6.262999e+00,  8.278079e+01
  5.208775e+00,  7.845272e+01
  3.915528e+00,  7.530929e+01
  2.526078e+00,  7.470191e+01
  1.214070e+00,  8.420938e+01
  6.037823e-01,  1.578349e+02
  1.357522e+00,  1.980799e+02
  2.110173e+00,  1.995958e+02
  2.664138e+00,  1.941301e+02
  3.049145e+00,  1.858618e+02
  3.329263e+00,  1.762401e+02
  3.561007e+00,  1.664860e+02
  3.767467e+00,  1.578051e+02
  3.936541e+00,  1.511533e+02
  4.041851e+00,  1.471152e+02
  4.069590e+00,  1.459839e+02
  4.035702e+00,  1.478383e+02
  3.985408e+00,  1.524507e+02
  3.971561e+00,  1.590732e+02
  4.018453e+00,  1.664444e+02
  4.096541e+00,  1.732774e+02
  4.131236e+00,  1.788335e+02
  4.035579e+00,  1.830508e+02
  3.740960e+00,  1.863726e+02
  3.215531e+00,  1.897265e+02
  2.476727e+00,  1.951665e+02
  1.627935e+00,  2.091516e+02
  1.097895e+00,  2.521907e+02
  1.653041e+00,  2.977335e+02
  2.742129e+00,  3.104960e+02
  3.901140e+00,  3.114944e+02
  5.009558e+00,  3.079422e+02
  6.029476e+00,  3.019709e+02
  6.955244e+00,  2.944946e+02
  7.793916e+00,  2.860850e+02
  8.550346e+00,  2.772004e+02
  9.212670e+00,  2.682196e+02
  9.747501e+00,  2.594227e+02
  1.010510e+01,  2.509800e+02
  1.023082e+01,  2.429640e+02
  1.007816e+01,  2.353802e+02
  9.619554e+00,  2.282015e+02
  8.852872e+00,  2.214026e+02
  7.803455e+00,  2.149994e+02
  6.522133e+00,  2.091167e+02
  5.080741e+00,  2.041617e+02
  3.568894e+00,  2.014089e+02
  2.111665e+00,  2.057495e+02
  1.091021e+00,  2.411566e+02
  1.551236e+00,  2.951457e+02
  2.686375e+00,  3.047838e+02
  3.836201e+00,  3.015563e+02
  4.917388e+00,  2.945361e+02
  5.920610e+00,  2.860797e+02
  6.840552e+00,  2.771323e+02
  7.661063e+00,  2.681719e+02
  8.354291e+00,  2.594469e+02
  8.886657e+00,  2.510657e+02
  9.227298e+00,  2.430497e+02
  9.355573e+00,  2.353697e+02
  9.265846e+00,  2.279676e+02
  8.968567e+00,  2.207790e+02
  8.487994e+00,  2.137431e+02
  7.858178e+00,  2.068045e+02
  7.118501e+00,  1.999111e+02
  6.309600e+00,  1.930092e+02
  5.470005e+00,  1.860378e+02
  4.633531e+00,  1.789182e+02
  3.827477e+00,  1.715334e+02
  3.071798e+00,  1.636833e+02
  2.379548e+00,  1.549806e+02
  1.759135e+00,  1.445882e+02
  1.220295e+00,  1.304727e+02
  7.923598e-01,  1.072030e+02
  5.770676e-01,  6.528302e+01
  6.829623e-01,  2.097873e+01
  9.584569e-01,  3.557532e+02
  1.262389e+00,  3.409579e+02
  1.547352e+00,  3.303320e+02
  1.792495e+00,  3.214635e+02
  1.982691e+00,  3.133024e+02
  2.104249e+00,  3.052874e+02
  2.144676e+00,  2.970269e+02
  2.093748e+00,  2.881315e+02
  1.945671e+00,  2.780394e+02
  1.703446e+00,  2.656930e+02
  1.390173e+00,  2.487055e+02
  1.084953e+00,  2.216141e+02
  1.000404e+00,  1.797340e+02
  1.332911e+00,  1.407858e+02
  1.951438e+00,  1.168034e+02
  2.692622e+00,  1.013463e+02
  3.471000e+00,  8.980164e+01
  4.231791e+00,  8.019561e+01
  4.931417e+00,  7.162985e+01
  5.533415e+00,  6.363770e+01
  6.008893e+00,  5.594316e+01
  6.338016e+00,  4.836516e+01
  6.510981e+00,  4.077867e+01
  6.527715e+00,  3.310019e+01
  6.395993e+00,  2.528464e+01
  6.128157e+00,  1.732723e+01
  5.737027e+00,  9.265215e+00
  5.232044e+00,  1.174508e+00
  4.616899e+00,  3.531571e+02
  3.889708e+00,  3.453174e+02
  3.045932e+00,  3.377282e+02
  2.083062e+00,  3.303634e+02
  1.005459e+00,  3.226973e+02
  1.771732e-01,  1.497143e+02
  1.427797e+00,  1.340019e+02
  2.720727e+00,  1.278488e+02
  4.010878e+00,  1.224037e+02
  5.252152e+00,  1.172949e+02
  6.398456e+00,  1.123866e+02
  7.407162e+00,  1.075840e+02
  8.242466e+00,  1.028041e+02
  8.878362e+00,  9.796951e+01
  9.300737e+00,  9.301158e+01
  9.508066e+00,  8.787668e+01
  9.510261e+00,  8.253592e+01
  9.325544e+00,  7.699717e+01
  8.975725e+00,  7.131824e+01
  8.480878e+00,  6.561959e+01
  7.855003e+00,  6.009597e+01
  7.104534e+00,  5.503265e+01
  6.231247e+00,  5.084759e+01
  5.240482e+00,  4.821925e+01
  4.156582e+00,  4.847007e+01
  3.056970e+00,  5.472536e+01
  2.176548e+00,  7.445074e+01
  2.058247e+00,  1.100696e+02
  2.834361e+00,  1.350827e+02
  3.940852e+00,  1.447379e+02
  5.033448e+00,  1.474484e+02
  5.958011e+00,  1.470698e+02
  6.626765e+00,  1.450806e+02
  6.987078e+00,  1.420921e+02
  7.015206e+00,  1.383618e+02
  6.714552e+00,  1.339786e+02
  6.113032e+00,  1.289318e+02
  5.258080e+00,  1.231263e+02
  4.209403e+00,  1.163370e+02
  3.030934e+00,  1.079824e+02
  1.786780e+00,  9.584529e+01
  6.022861e-01,  5.910705e+01
  9.567800e-01,  3.002100e+02
  2.198763e+00,  2.781508e+02
  3.462803e+00,  2.668994e+02
  4.705947e+00,  2.581046e+02
  5.903246e+00,  2.505720e+02
  7.021819e+00,  2.440128e+02
  8.020612e+00,  2.383310e+02
  8.855584e+00,  2.334734e+02
  9.486544e+00,  2.293908e+02
  9.883382e+00,  2.260279e+02
  1.003034e+01,  2.233178e+02
  9.927680e+00,  2.211769e+02
  9.590649e+00,  2.194981e+02
  9.047064e+00,  2.181451e+02
  8.335104e+00,  2.169511e+02
  7.496524e+00,  2.157067e+02
  6.572243e+00,  2.141522e+02
  5.600150e+00,  2.119684e+02
  4.614380e+00,  2.087590e+02
  3.645350e+00,  2.040001e+02
  2.719687e+00,  1.968857e+02
  1.860856e+00,  1.857532e+02
  1.101814e+00,  1.653163e+02
  6.099869e-01,  1.130937e+02
  8.800590e-01,  4.488402e+01
  1.565472e+00,  1.619104e+01
  2.365438e+00,  1.489271e-01
  3.226709e+00,  3.484438e+02
  4.106310e+00,  3.390064e+02
  4.941935e+00,  3.310307e+02
  5.655195e+00,  3.240527e+02
  6.162170e+00,  3.177313e+02
  6.386015e+00,  3.117742e+02
  6.269425e+00,  3.058892e+02
  5.785462e+00,  2.997164e+02
  4.945792e+00,  2.926795e+02
  3.807566e+00,  2.835307e+02
  2.491982e+00,  2.684281e+02
  1.334279e+00,  2.300492e+02
  1.488391e+00,  1.571064e+02
  2.656146e+00,  1.252435e+02
  3.822791e+00,  1.098551e+02
  4.761689e+00,  9.805793e+01
  5.418336e+00,  8.665905e+01
  5.815404e+00,  7.438792e+01
  6.036802e+00,  6.063760e+01
  6.204595e+00,  4.537521e+01
  6.431770e+00,  2.925098e+01
  6.764124e+00,  1.337374e+01
  7.154431e+00,  3.586845e+02
  7.491000e+00,  3.455120e+02
  7.650897e+00,  3.336243e+02
  7.542477e+00,  3.224689e+02
  7.129164e+00,  3.113067e+02
  6.441014e+00,  2.991881e+02
  5.581281e+00,  2.848313e+02
  4.730327e+00,  2.666410e+02
  4.125886e+00,  2.437336e+02
  3.945986e+00,  2.185195e+02
  4.125885e+00,  1.960505e+02
  4.407073e+00,  1.786198e+02
  4.553074e+00,  1.652671e+02
  4.435451e+00,  1.543108e+02
  4.023431e+00,  1.442350e+02
  3.361920e+00,  1.334584e+02
  2.560852e+00,  1.194922e+02
  1.808314e+00,  9.731009e+01
  1.404726e+00,  6.140190e+01
  1.513198e+00,  2.566450e+01
  1.800164e+00,  5.067961e+00
  1.951002e+00,  3.547609e+02
  1.854551e+00,  3.503505e+02
  1.509161e+00,  3.511761e+02
  9.918224e-01,  1.742731e+00
  5.719150e-01,  4.625049e+01
  8.677777e-01,  1.055186e+02
  1.473873e+00,  1.246923e+02
  2.016793e+00,  1.335364e+02
  2.415062e+00,  1.406429e+02
  2.671310e+00,  1.484349e+02
  2.844975e+00,  1.577067e+02
  3.026661e+00,  1.680079e+02
  3.287989e+00,  1.776753e+02
  3.635503e+00,  1.847554e+02
  4.016559e+00,  1.880896e+02
  4.367870e+00,  1.873750e+02
  4.661883e+00,  1.826997e+02
  4.929569e+00,  1.743698e+02
  5.251790e+00,  1.631278e+02
  5.713249e+00,  1.503354e+02
  6.337192e+00,  1.376028e+02
  7.054490e+00,  1.260229e+02
  7.729240e+00,  1.158756e+02
  8.207013e+00,  1.068898e+02
  8.354544e+00,  9.855487e+01
  8.086115e+00,  9.023539e+01
  7.381992e+00,  8.109117e+01
  6.305998e+00,  6.977281e+01
  5.036674e+00,  5.373408e+01
  3.942006e+00,  2.857223e+01
  3.603051e+00,  3.535068e+02
  4.216761e+00,  3.220066e+02
  5.228155e+00,  3.013748e+02
  6.111853e+00,  2.875733e+02
  6.600631e+00,  2.769089e+02
  6.586573e+00,  2.672977e+02
  6.070538e+00,  2.572492e+02
  5.149421e+00,  2.450321e+02
  4.029022e+00,  2.276529e+02
  3.082780e+00,  1.999792e+02
  2.840267e+00,  1.619846e+02
  3.367856e+00,  1.296049e+02
  4.113734e+00,  1.083863e+02
  4.672447e+00,  9.304137e+01
  4.889951e+00,  7.955667e+01
  4.768995e+00,  6.542970e+01
  4.433999e+00,  4.867605e+01
  4.110026e+00,  2.801594e+01
  4.037476e+00,  4.660641e+00
  4.284031e+00,  3.427940e+02
  4.672790e+00,  3.254556e+02
  4.945437e+00,  3.125516e+02
  4.903043e+00,  3.027864e+02
  4.438825e+00,  2.949402e+02
  3.532244e+00,  2.879198e+02
  2.238621e+00,  2.798227e+02
  7.144032e-01,  2.552208e+02
  1.166159e+00,  1.193826e+02
  2.842520e+00,  1.060045e+02
  4.365658e+00,  1.010893e+02
  5.583510e+00,  9.806605e+01
  6.403791e+00,  9.600562e+01
  6.789327e+00,  9.469387e+01
  6.760656e+00,  9.413539e+01
  6.392568e+00,  9.444923e+01
  5.803669e+00,  9.581577e+01
  5.138797e+00,  9.836281e+01
  4.543613e+00,  1.018883e+02
  4.132980e+00,  1.054608e+02
  3.967082e+00,  1.074196e+02
  4.056890e+00,  1.063607e+02
  4.394070e+00,  1.022647e+02
  4.956734e+00,  9.638515e+01
  5.685907e+00,  9.018061e+01
  6.474298e+00,  8.455165e+01
  7.182267e+00,  7.981810e+01
  7.665402e+00,  7.600522e+01
  7.800595e+00,  7.307898e+01
  7.506706e+00,  7.108784e+01
  6.759592e+00,  7.029943e+01
  5.603504e+00,  7.149575e+01
  4.169120e+00,  7.690776e+01
  2.752264e+00,  9.350848e+01
  2.118711e+00,  1.337844e+02
  2.879289e+00,  1.688099e+02
  4.104115e+00,  1.805762e+02
  5.168026e+00,  1.821054e+02
  5.886549e+00,  1.786491e+02
  6.244434e+00,  1.716098e+02
  6.338143e+00,  1.612440e+02
  6.346882e+00,  1.477696e+02
  6.466760e+00,  1.322135e+02
  6.799876e+00,  1.165731e+02
  7.283212e+00,  1.027351e+02
  7.734910e+00,  9.147655e+01
  7.955821e+00,  8.265853e+01
  7.797649e+00,  7.585870e+01
  7.188901e+00,  7.075797e+01
  6.139128e+00,  6.734585e+01
  4.734934e+00,  6.627051e+01
  3.142424e+00,  7.023679e+01
  1.700114e+00,  9.152096e+01
  1.451201e+00,  1.507142e+02
  2.435662e+00,  1.775998e+02
  3.390482e+00,  1.809925e+02
  4.010732e+00,  1.765975e+02
  4.292732e+00,  1.672464e+02
  4.378186e+00,  1.531520e+02
  4.515408e+00,  1.349000e+02
  4.937355e+00,  1.153053e+02
  5.681507e+00,  9.810171e+01
  6.578199e+00,  8.486743e+01
  7.394228e+00,  7.514802e+01
  7.933894e+00,  6.801277e+01
  8.071020e+00,  6.274295e+01
  7.754760e+00,  5.892629e+01
  7.007257e+00,  5.643379e+01
  5.916423e+00,  5.545480e+01
  4.625701e+00,  5.669700e+01
  3.326077e+00,  6.195230e+01
  2.257572e+00,  7.500929e+01
  1.687784e+00,  9.827764e+01
  1.632558e+00,  1.185558e+02
  1.733606e+00,  1.224779e+02
  1.829507e+00,  1.107968e+02
  2.105248e+00,  8.863850e+01
  2.782489e+00,  6.677049e+01
  3.807320e+00,  5.140958e+01
  4.969160e+00,  4.131239e+01
  6.059590e+00,  3.424713e+01
  6.909312e+00,  2.883287e+01
  7.397474e+00,  2.429951e+01
  7.459240e+00,  2.018120e+01
  7.090222e+00,  1.613977e+01
  6.345354e+00,  1.185546e+01
  5.331410e+00,  6.930782e+00
  4.193728e+00,  7.724758e-01
  3.098263e+00,  3.524782e+02
  2.206957e+00,  3.411307e+02
  1.632341e+00,  3.280499e+02
  1.378087e+00,  3.205536e+02
  1.415023e+00,  3.261413e+02
  1.827461e+00,  3.390472e+02
  2.641105e+00,  3.485227e+02
  3.726620e+00,  3.530005e+02
  4.904345e+00,  3.544500e+02
  5.993786e+00,  3.542548e+02
  6.831150e+00,  3.530934e+02
  7.285643e+00,  3.512625e+02
  7.274380e+00,  3.488475e+02
  6.772679e+00,  3.457724e+02
  5.818014e+00,  3.417453e+02
  4.508227e+00,  3.359917e+02
  3.000828e+00,  3.261321e+02
  1.566010e+00,  3.016514e+02
  1.098818e+00,  2.297780e+02
  1.952411e+00,  1.869461e+02
  2.769105e+00,  1.714440e+02
  3.210118e+00,  1.612298e+02
  3.233228e+00,  1.512334e+02
  2.906325e+00,  1.385933e+02
  2.408378e+00,  1.196159e+02
  2.059609e+00,  9.058376e+01
  2.168292e+00,  5.795824e+01
  2.605676e+00,  3.448051e+01
  3.005021e+00,  2.021532e+01
  3.118047e+00,  1.122827e+01
  2.825013e+00,  5.313002e+00
  2.098401e+00,  1.947467e+00
  9.912111e-01,  4.972891e+00
  5.055532e-01,  1.398786e+02
  2.014034e+00,  1.573042e+02
  3.530105e+00,  1.567789e+02
  4.844807e+00,  1.544086e+02
  5.800269e+00,  1.513352e+02
  6.279941e+00,  1.476992e+02
  6.222589e+00,  1.433435e+02
  5.632119e+00,  1.378165e+02
  4.583913e+00,  1.300220e+02
  3.240647e+00,  1.168107e+02
  1.964078e+00,  8.691632e+01
  1.751574e+00,  2.676589e+01
  2.784997e+00,  3.491699e+02
  3.940919e+00,  3.319097e+02
  4.814648e+00,  3.201400e+02
  5.305358e+00,  3.093307e+02
  5.439967e+00,  2.974946e+02
  5.348852e+00,  2.833670e+02
  5.243358e+00,  2.664895e+02
  5.336305e+00,  2.480868e+02
  5.705048e+00,  2.309155e+02
  6.236962e+00,  2.171297e+02
  6.728245e+00,  2.071528e+02
  6.998796e+00,  2.005216e+02
  6.942911e+00,  1.967837e+02
  6.541071e+00,  1.958507e+02
  5.860788e+00,  1.981251e+02
  5.055323e+00,  2.045285e+02
  4.352619e+00,  2.160031e+02
  3.984870e+00,  2.315007e+02
  4.012445e+00,  2.464136e+02
  4.248755e+00,  2.564961e+02
  4.446470e+00,  2.610198e+02
  4.456746e+00,  2.607300e+02
  4.253552e+00,  2.560485e+02
  3.915919e+00,  2.468099e+02
  3.598604e+00,  2.329453e+02
  3.460013e+00,  2.160562e+02
  3.539270e+00,  1.998917e+02
  3.714883e+00,  1.875749e+02
  3.813697e+00,  1.799140e+02
  3.718537e+00,  1.767658e+02
  3.408244e+00,  1.784644e+02
  2.974357e+00,  1.864293e+02
  2.634428e+00,  2.022864e+02
  2.646737e+00,  2.228932e+02
  3.027370e+00,  2.394490e+02
  3.519828e+00,  2.483956e+02
  3.868313e+00,  2.512937e+02
  3.923716e+00,  2.495677e+02
  3.644683e+00,  2.431238e+02
  3.116301e+00,  2.298084e+02
  2.628505e+00,  2.051542e+02
  2.700658e+00,  1.707742e+02
  3.506854e+00,  1.427721e+02
  4.641304e+00,  1.255937e+02
  5.723550e+00,  1.144201e+02
  6.524737e+00,  1.059812e+02
  6.913634e+00,  9.863654e+01
  6.835324e+00,  9.142435e+01
  6.305791e+00,  8.355656e+01
  5.408334e+00,  7.407430e+01
  4.289775e+00,  6.139948e+01
  3.162698e+00,  4.255164e+01
  2.317636e+00,  1.299821e+01
  2.025187e+00,  3.342397e+02
  2.157568e+00,  2.992866e+02
  2.345109e+00,  2.705453e+02
  2.487717e+00,  2.418756e+02
  2.796540e+00,  2.106554e+02
  3.548533e+00,  1.818105e+02
  4.755860e+00,  1.602212e+02
  6.209517e+00,  1.451350e+02
  7.663077e+00,  1.342218e+02
  8.898013e+00,  1.257943e+02
  9.739135e+00,  1.188402e+02
  1.006445e+01,  1.127336e+02
  9.813557e+00,  1.070326e+02
  8.991517e+00,  1.013448e+02
  7.667009e+00,  9.518439e+01
  5.966042e+00,  8.768184e+01
  4.069693e+00,  7.660173e+01
  2.269268e+00,  5.342215e+01
  1.466252e+00,  3.501015e+02
  2.423085e+00,  3.005091e+02
  3.626136e+00,  2.819575e+02
  4.549134e+00,  2.709212e+02
  5.120126e+00,  2.618526e+02
  5.376674e+00,  2.530912e+02
  5.409684e+00,  2.440396e+02
  5.331799e+00,  2.346926e+02
  5.244133e+00,  2.255983e+02
  5.208754e+00,  2.177317e+02
  5.244530e+00,  2.121099e+02
  5.350057e+00,  2.093552e+02
  5.530892e+00,  2.094650e+02
  5.803908e+00,  2.118132e+02
  6.174535e+00,  2.153579e+02
  6.609687e+00,  2.190328e+02
  7.033472e+00,  2.220982e+02
  7.343236e+00,  2.242170e+02
  7.436667e+00,  2.253375e+02
  7.235907e+00,  2.255424e+02
  6.703033e+00,  2.249519e+02
  5.846745e+00,  2.236875e+02
  4.721235e+00,  2.218886e+02
  3.418395e+00,  2.198270e+02
  2.055417e+00,  2.184849e+02
  7.705800e-01,  2.254685e+02
  4.988421e-01,  3.475698e+02
  1.373000e+00,  3.590220e+02
  2.045546e+00,  3.510384e+02
  2.541120e+00,  3.378051e+02
  2.976763e+00,  3.212727e+02
  3.477164e+00,  3.035333e+02
  4.089657e+00,  2.868324e+02
  4.753568e+00,  2.723002e+02
  5.342944e+00,  2.598103e+02
  5.724070e+00,  2.486374e+02
  5.794518e+00,  2.378726e+02
  5.507611e+00,  2.264320e+02
  4.893678e+00,  2.127527e+02
  4.093587e+00,  1.941797e+02
  3.423353e+00,  1.669169e+02
  3.355515e+00,  1.320035e+02
  4.035907e+00,  1.012482e+02
  5.077569e+00,  7.967404e+01
  6.095698e+00,  6.384920e+01
  6.879108e+00,  5.056471e+01
  7.343845e+00,  3.791054e+01
  7.504933e+00,  2.466093e+01
  7.463656e+00,  9.986158e+00
  7.384823e+00,  3.535656e+02
  7.440614e+00,  3.359321e+02
  7.723119e+00,  3.184668e+02
  8.188289e+00,  3.025978e+02
  8.688765e+00,  2.889859e+02
  9.053953e+00,  2.775274e+02
  9.149143e+00,  2.677771e+02
  8.899330e+00,  2.592484e+02
  8.291560e+00,  2.515185e+02
  7.366970e+00,  2.442376e+02
  6.207526e+00,  2.371065e+02
  4.919771e+00,  2.298574e+02
  3.617080e+00,  2.222582e+02
  2.401718e+00,  2.142100e+02
  1.348414e+00,  2.062964e+02
  4.967716e-01,  2.048774e+02
  2.652063e-01,  3.191499e+02
  8.132542e-01,  3.272992e+02
  1.342095e+00,  3.164797e+02
  1.867256e+00,  3.050961e+02
  2.377850e+00,  2.954318e+02
  2.829762e+00,  2.879445e+02
  3.169801e+00,  2.825829e+02
  3.357519e+00,  2.792324e+02
  3.379236e+00,  2.778736e+02
  3.254067e+00,  2.786014e+02
  3.031521e+00,  2.815229e+02
  2.778380e+00,  2.864680e+02
  2.552629e+00,  2.925316e+02
  2.372811e+00,  2.978625e+02
  2.210190e+00,  3.001440e+02
  2.022562e+00,  2.971166e+02
  1.813370e+00,  2.862837e+02
  1.692433e+00,  2.654180e+02
  1.858628e+00,  2.382638e+02
  2.379265e+00,  2.148787e+02
  3.117528e+00,  1.982196e+02
  3.910071e+00,  1.857509e+02
  4.635954e+00,  1.751670e+02
  5.215282e+00,  1.651009e+02
  5.606681e+00,  1.547265e+02
  5.806786e+00,  1.434899e+02
  5.847587e+00,  1.309972e+02
  5.786094e+00,  1.170537e+02
  5.684749e+00,  1.017288e+02
  5.587500e+00,  8.535193e+01
  5.503756e+00,  6.834056e+01
  5.413598e+00,  5.091231e+01
  5.294706e+00,  3.288854e+01
  5.157081e+00,  1.374407e+01
  5.067441e+00,  3.529743e+02
  5.141203e+00,  3.307986e+02
  5.481679e+00,  3.086662e+02
  6.099375e+00,  2.884997e+02
  6.896996e+00,  2.713177e+02
  7.724680e+00,  2.570086e+02
  8.435161e+00,  2.449578e+02
  8.911110e+00,  2.345176e+02
  9.075071e+00,  2.251595e+02
  8.891683e+00,  2.164806e+02
  8.365380e+00,  2.081725e+02
  7.534482e+00,  1.999898e+02
  6.462609e+00,  1.917233e+02
  5.228569e+00,  1.831735e+02
  3.915894e+00,  1.741125e+02
  2.602995e+00,  1.641727e+02
  1.355271e+00,  1.522270e+02
  2.348784e-01,  1.190681e+02
  8.133804e-01,  3.228369e+02
  1.698527e+00,  3.072128e+02
  2.473539e+00,  2.940701e+02
  3.150887e+00,  2.814176e+02
  3.737221e+00,  2.690879e+02
  4.228946e+00,  2.570807e+02
  4.615691e+00,  2.453444e+02
  4.888229e+00,  2.337391e+02
  5.047399e+00,  2.220555e+02
  5.111006e+00,  2.100639e+02
  5.116159e+00,  1.975965e+02
  5.114721e+00,  1.846669e+02
  5.160732e+00,  1.715832e+02
  5.293077e+00,  1.589415e+02
  5.522884e+00,  1.474248e+02
  5.834472e+00,  1.375273e+02
  6.197789e+00,  1.294138e+02
  6.581940e+00,  1.229582e+02
  6.962322e+00,  1.178560e+02
  7.320800e+00,  1.137210e+02
  7.642047e+00,  1.101501e+02
  7.909481e+00,  1.067652e+02
  8.103059e+00,  1.032408e+02
  8.200263e+00,  9.931457e+01
  8.180540e+00,  9.477850e+01
  8.026593e+00,  8.947549e+01
  7.726737e+00,  8.327644e+01
  7.277320e+00,  7.604418e+01
  6.684739e+00,  6.758242e+01
  5.967839e+00,  5.755600e+01
  5.162362e+00,  4.535342e+01
  4.331064e+00,  2.985764e+01
  3.585489e+00,  9.249838e+00
  3.112418e+00,  3.419734e+02
  3.115224e+00,  3.108820e+02
  3.599351e+00,  2.834026e+02
  4.358586e+00,  2.625723e+02
  5.184809e+00,  2.468478e+02
  5.936642e+00,  2.343306e+02
  6.519413e+00,  2.238188e+02
  6.867637e+00,  2.146318e+02
  6.938207e+00,  2.063936e+02
  6.708392e+00,  1.989165e+02
  6.175037e+00,  1.921622e+02
  5.353733e+00,  1.862786e+02
  4.278486e+00,  1.817941e+02
  3.006413e+00,  1.804370e+02
  1.662042e+00,  1.901020e+02
  9.830489e-01,  2.523958e+02
  2.110790e+00,  2.948150e+02
  3.631031e+00,  2.998859e+02
  5.123676e+00,  2.979382e+02
  6.484463e+00,  2.938925e+02
  7.649817e+00,  2.890319e+02
  8.573025e+00,  2.838456e+02
  9.220728e+00,  2.785756e+02
  9.572587e+00,  2.733692e+02
  9.621907e+00,  2.683349e+02
  9.376492e+00,  2.635723e+02
  8.859087e+00,  2.591989e+02
  8.106862e+00,  2.553849e+02
  7.170020e+00,  2.524097e+02
  6.110604e+00,  2.507659e+02
  5.004262e+00,  2.513617e+02
  3.950861e+00,  2.558880e+02
  3.102868e+00,  2.670700e+02
  2.686223e+00,  2.862464e+02
  2.846571e+00,  3.066960e+02
  3.423983e+00,  3.200990e+02
  4.159289e+00,  3.266113e+02
  4.890382e+00,  3.290480e+02
  5.531922e+00,  3.293063e+02
  6.035791e+00,  3.283985e+02
  6.374159e+00,  3.268434e+02
  6.535157e+00,  3.248871e+02
  6.517417e+00,  3.226061e+02
  6.327512e+00,  3.199460e+02
  5.978953e+00,  3.167218e+02
  5.492410e+00,  3.125856e+02
  4.898313e+00,  3.069500e+02
  4.243867e+00,  2.988511e+02
  3.607603e+00,  2.867991e+02
  3.120798e+00,  2.691149e+02
  2.959376e+00,  2.462160e+02
  3.223565e+00,  2.231160e+02
  3.826326e+00,  2.045862e+02
  4.601514e+00,  1.908144e+02
  5.420498e+00,  1.801430e+02
  6.204615e+00,  1.711847e+02
  6.909769e+00,  1.630876e+02
  7.514864e+00,  1.553795e+02
  8.013778e+00,  1.478342e+02
  8.407906e+00,  1.403920e+02
  8.698559e+00,  1.331073e+02
  8.880491e+00,  1.261053e+02
  8.938513e+00,  1.195409e+02
  8.848537e+00,  1.135664e+02
  8.582892e+00,  1.083147e+02
  8.119394e+00,  1.039063e+02
  7.452840e+00,  1.004913e+02
  6.599133e+00,  9.829355e+01
  5.599675e+00,  9.770282e+01
  4.524776e+00,  9.945978e+01
  3.477472e+00,  1.049884e+02
  2.600762e+00,  1.166650e+02
  2.065952e+00,  1.359117e+02
  1.937111e+00,  1.568251e+02
  2.019652e+00,  1.702934e+02
  2.063876e+00,  1.747703e+02
  1.952723e+00,  1.713284e+02
  1.708045e+00,  1.586148e+02
  1.517353e+00,  1.327574e+02
  1.712186e+00,  9.888030e+01
  2.366675e+00,  7.345133e+01
  3.258306e+00,  5.776465e+01
  4.204276e+00,  4.693396e+01
  5.099184e+00,  3.810630e+01
  5.887284e+00,  2.990028e+01
  6.552424e+00,  2.161087e+01
  7.113010e+00,  1.289583e+01
  7.612901e+00,  3.685917e+00
  8.104753e+00,  3.541597e+02
  8.628014e+00,  3.446831e+02
  9.191124e+00,  3.356767e+02
  9.768492e+00,  3.274704e+02
  1.030499e+01,  3.202278e+02
  1.073069e+01,  3.139453e+02
  1.097726e+01,  3.084992e+02
  1.099061e+01,  3.036958e+02
  1.073919e+01,  2.993019e+02
  1.021857e+01,  2.950515e+02
  9.453625e+00,  2.906363e+02
  8.498640e+00,  2.856809e+02
  7.435529e+00,  2.797174e+02
  6.369595e+00,  2.721941e+02
  5.419828e+00,  2.626313e+02
  4.695612e+00,  2.511049e+02
  4.252870e+00,  2.389144e+02
  4.056021e+00,  2.284001e+02
  4.003110e+00,  2.215284e+02
  4.001387e+00,  2.190234e+02
  4.017278e+00,  2.206781e+02
  4.075125e+00,  2.256989e+02
  4.220961e+00,  2.327149e+02
  4.474548e+00,  2.399836e+02
  4.803065e+00,  2.460081e+02
  5.134628e+00,  2.499639e+02
  5.392390e+00,  2.515751e+02
  5.523831e+00,  2.507708e+02
  5.518288e+00,  2.474451e+02
  5.414250e+00,  2.414530e+02
  5.295385e+00,  2.328079e+02
  5.265956e+00,  2.220679e+02
  5.401088e+00,  2.105609e+02
  5.699009e+00,  1.999074e+02
  6.080547e+00,  1.911733e+02
  6.432445e+00,  1.846075e+02
  6.650490e+00,  1.799666e+02
  6.661163e+00,  1.768578e+02
  6.426852e+00,  1.748928e+02
  5.943013e+00,  1.737061e+02
  5.231948e+00,  1.729024e+02
  4.335839e+00,  1.719307e+02
  3.311890e+00,  1.697517e+02
  2.236885e+00,  1.636432e+02
  1.264679e+00,  1.433252e+02
  9.712509e-01,  8.539911e+01
  1.646791e+00,  4.924423e+01
  2.475131e+00,  3.880790e+01
  3.174052e+00,  3.501933e+01
  3.650027e+00,  3.309126e+01
  3.848791e+00,  3.135679e+01
  3.741839e+00,  2.879419e+01
  3.334139e+00,  2.418123e+01
  2.685213e+00,  1.506524e+01
  1.970819e+00,  3.552637e+02
  1.656645e+00,  3.162406e+02
  2.181430e+00,  2.789783e+02
  3.125284e+00,  2.599070e+02
  4.049633e+00,  2.496462e+02
  4.742485e+00,  2.425824e+02
  5.089402e+00,  2.363442e+02
  5.042351e+00,  2.294862e+02
  4.626466e+00,  2.204669e+02
  3.968357e+00,  2.068546e+02
  3.357478e+00,  1.850685e+02
  3.253782e+00,  1.553636e+02
  3.868387e+00,  1.287970e+02
  4.867110e+00,  1.117131e+02
  5.847032e+00,  1.013881e+02
  6.552899e+00,  9.484958e+01
  6.842046e+00,  9.052460e+01
  6.654444e+00,  8.769554e+01
  6.001458e+00,  8.615807e+01
  4.959598e+00,  8.620975e+01
  3.666558e+00,  8.914262e+01
  2.336428e+00,  9.945915e+01
  1.399094e+00,  1.319957e+02
  1.535109e+00,  1.786050e+02
  2.181065e+00,  1.950638e+02
  2.667893e+00,  1.948375e+02
  2.905781e+00,  1.855120e+02
  3.066701e+00,  1.684033e+02
  3.472593e+00,  1.465079e+02
  4.333675e+00,  1.264789e+02
  5.557303e+00,  1.119774e+02
  6.898828e+00,  1.022335e+02
  8.117701e+00,  9.560882e+01
  9.021893e+00,  9.095704e+01
  9.478691e+00,  8.761294e+01
  9.420662e+00,  8.521224e+01
  8.847805e+00,  8.357582e+01
  7.823792e+00,  8.265895e+01
  6.465647e+00,  8.255481e+01
  4.927834e+00,  8.357463e+01
  3.383275e+00,  8.652392e+01
  2.006366e+00,  9.370471e+01
  9.750247e-01,  1.132914e+02
  5.290964e-01,  1.646765e+02
  5.286511e-01,  2.059277e+02
  3.660728e-01,  2.196870e+02
  8.043988e-02,  6.032398e+01
  7.246119e-01,  5.350047e+01
  1.438799e+00,  5.554169e+01
  2.078051e+00,  5.795968e+01
  2.513733e+00,  6.111782e+01
  2.656698e+00,  6.588553e+01
  2.484927e+00,  7.406743e+01
  2.092772e+00,  8.978170e+01
  1.807990e+00,  1.195738e+02
  2.134150e+00,  1.550773e+02
  3.011769e+00,  1.768419e+02
  4.010307e+00,  1.875590e+02
  4.830003e+00,  1.930197e+02
  5.280469e+00,  1.958684e+02
  5.244065e+00,  1.972385e+02
  4.671613e+00,  1.976397e+02
  3.583381e+00,  1.972598e+02
  2.065804e+00,  1.958578e+02
  2.672303e-01,  1.822830e+02
  1.655880e+00,  1.745236e+01
  3.479922e+00,  1.430073e+01
  5.028646e+00,  1.145190e+01
  6.148990e+00,  8.065059e+00
  6.745523e+00,  3.729955e+00
  6.799129e+00,  3.579150e+02
  6.382359e+00,  3.497713e+02
  5.673390e+00,  3.379778e+02
  4.962795e+00,  3.210459e+02
  4.592523e+00,  2.994085e+02
  4.713390e+00,  2.778761e+02
  5.105412e+00,  2.613429e+02
  5.403636e+00,  2.504104e+02
  5.339407e+00,  2.438523e+02
  4.786845e+00,  2.409662e+02
  3.753133e+00,  2.426550e+02
  2.413109e+00,  2.549010e+02
  1.522682e+00,  3.028846e+02
  2.475082e+00,  3.533698e+02
  4.096452e+00,  7.815086e+00
  5.546425e+00,  1.231113e+01
  6.547349e+00,  1.375239e+01
  6.956658e+00,  1.397122e+01
  6.720050e+00,  1.365319e+01
  5.865723e+00,  1.318205e+01
  4.497632e+00,  1.300663e+01
  2.783696e+00,  1.443890e+01
  9.665422e-01,  2.850268e+01
  1.010676e+00,  1.582090e+02
  2.500892e+00,  1.690904e+02
  3.605106e+00,  1.677530e+02
  4.200806e+00,  1.629703e+02
  4.291356e+00,  1.548119e+02
  4.015139e+00,  1.416271e+02
  3.693720e+00,  1.211291e+02
  3.784140e+00,  9.499945e+01
  4.483202e+00,  7.195474e+01
  5.511472e+00,  5.667910e+01
  6.487318e+00,  4.752755e+01
  7.143002e+00,  4.234319e+01
  7.332641e+00,  3.999984e+01
  7.019652e+00,  4.022854e+01
  6.274479e+00,  4.351243e+01
  5.281546e+00,  5.123136e+01
  4.352973e+00,  6.551848e+01
  3.877074e+00,  8.630857e+01
  4.003734e+00,  1.065228e+02
  4.415687e+00,  1.193532e+02
  4.701089e+00,  1.247251e+02
  4.633217e+00,  1.240604e+02
  4.187481e+00,  1.171251e+02
  3.560188e+00,  1.012355e+02
  3.241733e+00,  7.372450e+01
  3.739880e+00,  4.374651e+01
  4.864996e+00,  2.346729e+01
  6.090135e+00,  1.146367e+01
  7.041812e+00,  3.793798e+00
  7.499398e+00,  3.582653e+02
  7.352577e+00,  3.537469e+02
  6.586602e+00,  3.495129e+02
  5.274586e+00,  3.447927e+02
  3.569951e+00,  3.379038e+02
  1.727746e+00,  3.207561e+02
  8.975812e-01,  2.290639e+02
  2.251530e+00,  1.842101e+02
  3.461617e+00,  1.739745e+02
  4.128108e+00,  1.685090e+02
  4.152143e+00,  1.641414e+02
  3.535208e+00,  1.594201e+02
  2.370361e+00,  1.518728e+02
  9.128191e-01,  1.232210e+02
  1.273046e+00,  9.970723e+00
  2.979209e+00,  3.514649e+02
  4.507406e+00,  3.454577e+02
  5.606927e+00,  3.418557e+02
  6.128768e+00,  3.390952e+02
  6.001722e+00,  3.366936e+02
  5.236202e+00,  3.344243e+02
  3.921179e+00,  3.321018e+02
  2.211207e+00,  3.293352e+02
  3.255197e-01,  3.214622e+02
  9.841320e-01,  1.361616e+02
##END=
