##TITLE= E:\桌面\nmr\ogm\sjd\matlabcod\1_unitary\4_19_xjhsjd
##JCAMP-DX= 5.00 Bruker JCAMP library
##DATA TYPE= Shape Data
##ORIGIN= Colm's GRAPE Pulses 
##OWNER= Dawei.Lu
##DATE= 02-Aug-2025
##TIME= 13:31
##MINX= 1.047561e+00
##MAXX= 2.552160e+01
##MINY= 2.414204e-02
##MAXY= 3.590598e+02
##$SHAPE_EXMODE= None
##$SHAPE_TOTROT= 9.000000e+01
##$SHAPE_BWFAC= 1.000000e+00
##$SHAPE_INTEGFAC= 1.000000e+00
##$SHAPE_MODE= 1
##PULSE_WIDTH= 2000
##Calibration_Power= 12500
##NPOINTS= 200
##XYPOINTS= (XY..XY)
  4.092824e+00,  3.440666e+02
  1.855853e+00,  3.253289e+02
  2.450560e+00,  1.773439e+02
  4.684378e+00,  1.552054e+02
  4.394180e+00,  1.409086e+02
  2.028170e+00,  1.038031e+02
  2.946544e+00,  2.414204e-02
  5.495972e+00,  3.391394e+02
  5.767571e+00,  3.325015e+02
  3.550238e+00,  3.342697e+02
  1.206557e+00,  4.999537e+01
  3.392992e+00,  9.780941e+01
  4.213882e+00,  8.293065e+01
  4.225347e+00,  3.499355e+01
  7.085548e+00,  3.464324e+02
  1.101827e+01,  3.231766e+02
  1.295737e+01,  3.070780e+02
  1.177380e+01,  2.885277e+02
  8.794458e+00,  2.564415e+02
  8.139594e+00,  2.044319e+02
  1.056096e+01,  1.660084e+02
  1.197632e+01,  1.425307e+02
  1.107039e+01,  1.196484e+02
  9.436466e+00,  8.753409e+01
  9.703088e+00,  5.029122e+01
  1.127573e+01,  2.544709e+01
  1.165897e+01,  1.233184e+01
  9.857877e+00,  5.006699e+00
  6.308566e+00,  3.058927e-01
  2.186891e+00,  3.590598e+02
  1.328817e+00,  1.495279e+02
  3.438144e+00,  1.394168e+02
  4.898278e+00,  1.107518e+02
  7.383071e+00,  8.029570e+01
  1.097468e+01,  6.015622e+01
  1.417417e+01,  4.694174e+01
  1.559011e+01,  3.578341e+01
  1.468434e+01,  2.333873e+01
  1.200563e+01,  6.495283e+00
  8.883332e+00,  3.421403e+02
  6.353905e+00,  3.102244e+02
  4.065909e+00,  2.718035e+02
  2.435742e+00,  1.903416e+02
  5.697932e+00,  1.203137e+02
  1.037294e+01,  9.734901e+01
  1.413432e+01,  8.307327e+01
  1.614246e+01,  7.048247e+01
  1.651020e+01,  5.718838e+01
  1.602915e+01,  4.251886e+01
  1.546713e+01,  2.769882e+01
  1.489754e+01,  1.494402e+01
  1.376403e+01,  5.250910e+00
  1.147759e+01,  3.580889e+02
  7.889045e+00,  3.533806e+02
  3.570771e+00,  7.159960e-02
  2.630973e+00,  8.756713e+01
  6.796999e+00,  9.725578e+01
  1.145558e+01,  8.095112e+01
  1.661873e+01,  6.150295e+01
  2.164079e+01,  4.321710e+01
  2.502225e+01,  2.608377e+01
  2.552160e+01,  8.464752e+00
  2.314820e+01,  3.482282e+02
  1.924106e+01,  3.235121e+02
  1.529141e+01,  2.945889e+02
  1.130711e+01,  2.640687e+02
  6.362880e+00,  2.266894e+02
  4.006700e+00,  1.260701e+02
  9.892318e+00,  6.917964e+01
  1.528047e+01,  4.708483e+01
  1.759276e+01,  2.959337e+01
  1.677047e+01,  1.114197e+01
  1.438491e+01,  3.496423e+02
  1.221534e+01,  3.279630e+02
  1.058736e+01,  3.151895e+02
  9.423806e+00,  3.191695e+02
  9.943235e+00,  3.348913e+02
  1.188705e+01,  3.441755e+02
  1.293516e+01,  3.423749e+02
  1.193234e+01,  3.312959e+02
  9.731063e+00,  3.106035e+02
  7.933329e+00,  2.842692e+02
  6.360160e+00,  2.683755e+02
  4.531632e+00,  2.882957e+02
  6.996045e+00,  3.335470e+02
  1.258212e+01,  3.409763e+02
  1.680098e+01,  3.339286e+02
  1.790624e+01,  3.192870e+02
  1.660688e+01,  2.962791e+02
  1.527955e+01,  2.659581e+02
  1.464229e+01,  2.372358e+02
  1.241995e+01,  2.161901e+02
  6.943286e+00,  2.018010e+02
  1.047561e+00,  3.470439e+02
  8.825646e+00,  3.514548e+02
  1.391397e+01,  3.383799e+02
  1.514946e+01,  3.203823e+02
  1.384386e+01,  2.943962e+02
  1.272286e+01,  2.619836e+02
  1.211335e+01,  2.349978e+02
  9.634647e+00,  2.210266e+02
  4.877398e+00,  2.346794e+02
  5.719255e+00,  3.117272e+02
  1.135391e+01,  3.217373e+02
  1.437166e+01,  3.120124e+02
  1.408420e+01,  2.921291e+02
  1.270622e+01,  2.606875e+02
  1.263734e+01,  2.252316e+02
  1.241800e+01,  1.973333e+02
  9.469970e+00,  1.735412e+02
  4.256214e+00,  1.282634e+02
  5.856380e+00,  2.372894e+01
  1.102683e+01,  3.544769e+02
  1.287816e+01,  3.375230e+02
  1.091248e+01,  3.189603e+02
  7.131328e+00,  2.887386e+02
  4.982698e+00,  2.371315e+02
  4.493016e+00,  1.939709e+02
  2.389059e+00,  1.597567e+02
  2.251404e+00,  1.928000e+01
  6.323463e+00,  3.525472e+02
  8.545033e+00,  3.434713e+02
  7.856817e+00,  3.400525e+02
  5.088499e+00,  3.475546e+02
  3.271457e+00,  2.726278e+01
  4.393392e+00,  5.050076e+01
  5.680914e+00,  3.120708e+01
  7.788084e+00,  3.573864e+02
  1.085519e+01,  3.302148e+02
  1.271880e+01,  3.095516e+02
  1.171349e+01,  2.881961e+02
  8.387588e+00,  2.542708e+02
  7.114546e+00,  1.905501e+02
  1.050805e+01,  1.398713e+02
  1.372976e+01,  1.086145e+02
  1.520275e+01,  7.873787e+01
  1.629653e+01,  4.570341e+01
  1.822312e+01,  1.424904e+01
  1.983370e+01,  3.485116e+02
  1.935065e+01,  3.265065e+02
  1.646497e+01,  3.038476e+02
  1.260448e+01,  2.755038e+02
  9.802934e+00,  2.393970e+02
  8.356292e+00,  2.032125e+02
  6.724141e+00,  1.708338e+02
  4.686897e+00,  1.293418e+02
  4.517779e+00,  6.954783e+01
  6.345144e+00,  3.157177e+01
  7.669632e+00,  1.057520e+01
  7.803599e+00,  3.513770e+02
  7.438704e+00,  3.259192e+02
  7.913382e+00,  2.948566e+02
  9.475252e+00,  2.683235e+02
  1.091105e+01,  2.479036e+02
  1.127175e+01,  2.280176e+02
  1.078816e+01,  2.032077e+02
  1.074365e+01,  1.726426e+02
  1.173061e+01,  1.440554e+02
  1.247039e+01,  1.222272e+02
  1.157801e+01,  1.039508e+02
  8.945258e+00,  8.292115e+01
  5.994229e+00,  4.811330e+01
  5.107613e+00,  3.559009e+02
  5.633040e+00,  3.154153e+02
  5.335324e+00,  2.803615e+02
  5.262731e+00,  2.311658e+02
  7.709688e+00,  1.889353e+02
  1.100381e+01,  1.679336e+02
  1.293579e+01,  1.559567e+02
  1.261742e+01,  1.461141e+02
  1.036924e+01,  1.338297e+02
  7.499793e+00,  1.135855e+02
  5.598477e+00,  8.329784e+01
  4.494710e+00,  5.745739e+01
  2.244394e+00,  5.138789e+01
  2.474287e+00,  1.847159e+02
  8.391646e+00,  1.898809e+02
  1.429937e+01,  1.844945e+02
  1.840484e+01,  1.757154e+02
  1.983608e+01,  1.625663e+02
  1.932588e+01,  1.434899e+02
  1.871734e+01,  1.197557e+02
  1.863657e+01,  9.769599e+01
  1.750512e+01,  8.226727e+01
  1.392288e+01,  7.439898e+01
  8.472921e+00,  7.768585e+01
  4.310881e+00,  1.152164e+02
  5.251230e+00,  1.612059e+02
  6.225829e+00,  1.616357e+02
  5.787968e+00,  1.378586e+02
  6.114590e+00,  1.012444e+02
  7.130169e+00,  7.759627e+01
  6.611173e+00,  6.983896e+01
  4.169307e+00,  8.183037e+01
  3.149384e+00,  1.448385e+02
  5.377810e+00,  1.757873e+02
  6.030825e+00,  1.762072e+02
  4.137600e+00,  1.591292e+02
  2.591146e+00,  8.296279e+01
  4.652030e+00,  1.947776e+01
##END=
