##TITLE= E:\桌面\nmr\ogm\sjd\matlabcod\1\4_1_xjhsjd
##JCAMP-DX= 5.00 Bruker JCAMP library
##DATA TYPE= Shape Data
##ORIGIN= Colm's GRAPE Pulses 
##OWNER= Dawei.Lu
##DATE= 02-Aug-2025
##TIME= 11:53
##MINX= 2.282411e-01
##MAXX= 9.860578e+00
##MINY= 1.200263e-02
##MAXY= 3.591541e+02
##$SHAPE_EXMODE= None
##$SHAPE_TOTROT= 9.000000e+01
##$SHAPE_BWFAC= 1.000000e+00
##$SHAPE_INTEGFAC= 1.000000e+00
##$SHAPE_MODE= 1
##PULSE_WIDTH= 5000
##Calibration_Power= 12500
##NPOINTS= 1000
##XYPOINTS= (XY..XY)
  1.365991e+00,  1.475978e+02
  2.889032e+00,  1.353414e+02
  5.350090e+00,  1.297512e+02
  7.123675e+00,  1.279939e+02
  8.333238e+00,  1.275043e+02
  8.910772e+00,  1.274722e+02
  8.815723e+00,  1.275221e+02
  8.070677e+00,  1.273533e+02
  6.765128e+00,  1.265167e+02
  5.050676e+00,  1.239557e+02
  3.147898e+00,  1.160678e+02
  1.519444e+00,  8.386085e+01
  1.722168e+00,  1.282833e+01
  3.064134e+00,  3.516489e+02
  4.198883e+00,  3.475827e+02
  4.893222e+00,  3.485287e+02
  5.110220e+00,  3.522506e+02
  4.897881e+00,  3.584813e+02
  4.369093e+00,  7.762735e+00
  3.688423e+00,  2.123340e+01
  3.050676e+00,  4.019862e+01
  2.622654e+00,  6.443445e+01
  2.432966e+00,  9.058871e+01
  2.350083e+00,  1.156288e+02
  2.247392e+00,  1.407429e+02
  2.160742e+00,  1.695915e+02
  2.315413e+00,  2.024845e+02
  2.902496e+00,  2.318610e+02
  3.834775e+00,  2.527906e+02
  4.895026e+00,  2.670634e+02
  5.887016e+00,  2.772964e+02
  6.656999e+00,  2.851079e+02
  7.092327e+00,  2.913725e+02
  7.122970e+00,  2.965377e+02
  6.723658e+00,  3.007731e+02
  5.914037e+00,  3.039770e+02
  4.756988e+00,  3.055726e+02
  3.361529e+00,  3.036015e+02
  1.935937e+00,  2.898880e+02
  1.266953e+00,  2.348185e+02
  2.234723e+00,  1.933501e+02
  3.544952e+00,  1.847072e+02
  4.680317e+00,  1.842201e+02
  5.491774e+00,  1.864732e+02
  5.898014e+00,  1.900085e+02
  5.852335e+00,  1.943744e+02
  5.340392e+00,  1.995840e+02
  4.384632e+00,  2.062155e+02
  3.058170e+00,  2.165552e+02
  1.581310e+00,  2.430823e+02
  1.352841e+00,  3.281865e+02
  2.998813e+00,  4.089381e+00
  4.836537e+00,  1.529759e+01
  6.486701e+00,  2.124061e+01
  7.773225e+00,  2.511407e+01
  8.571528e+00,  2.774390e+01
  8.805147e+00,  2.931508e+01
  8.454260e+00,  2.967570e+01
  7.565041e+00,  2.828443e+01
  6.263477e+00,  2.384045e+01
  4.795102e+00,  1.327624e+01
  3.646634e+00,  3.507221e+02
  3.556290e+00,  3.178787e+02
  4.530163e+00,  2.944257e+02
  5.805008e+00,  2.835746e+02
  6.888820e+00,  2.793948e+02
  7.564811e+00,  2.786636e+02
  7.749459e+00,  2.800535e+02
  7.441426e+00,  2.830696e+02
  6.699982e+00,  2.876546e+02
  5.628933e+00,  2.941157e+02
  4.361698e+00,  3.033221e+02
  3.053578e+00,  3.175270e+02
  1.912448e+00,  3.433267e+02
  1.361831e+00,  3.343916e+01
  1.732776e+00,  8.319634e+01
  2.453783e+00,  1.111895e+02
  3.170953e+00,  1.300512e+02
  3.814659e+00,  1.454520e+02
  4.369172e+00,  1.589943e+02
  4.810632e+00,  1.711135e+02
  5.095666e+00,  1.819645e+02
  5.169475e+00,  1.916923e+02
  4.980961e+00,  2.004912e+02
  4.497036e+00,  2.086071e+02
  3.711995e+00,  2.163639e+02
  2.650939e+00,  2.243558e+02
  1.370023e+00,  2.349643e+02
  2.282411e-01,  3.446576e+02
  1.608451e+00,  5.045438e+01
  3.084307e+00,  5.971139e+01
  4.450680e+00,  6.636216e+01
  5.621035e+00,  7.213298e+01
  6.520186e+00,  7.731695e+01
  7.084564e+00,  8.191826e+01
  7.265244e+00,  8.580664e+01
  7.033201e+00,  8.870969e+01
  6.387714e+00,  9.009422e+01
  5.371249e+00,  8.880447e+01
  4.106950e+00,  8.194044e+01
  2.934246e+00,  6.185505e+01
  2.705006e+00,  2.294643e+01
  3.826096e+00,  3.538294e+02
  5.465219e+00,  3.418568e+02
  7.056904e+00,  3.372426e+02
  8.330936e+00,  3.356409e+02
  9.123288e+00,  3.354264e+02
  9.335086e+00,  3.359114e+02
  8.928735e+00,  3.367684e+02
  7.928726e+00,  3.378264e+02
  6.418828e+00,  3.389871e+02
  4.533638e+00,  3.401801e+02
  2.444802e+00,  3.412980e+02
  3.435245e-01,  3.404760e+02
  1.580563e+00,  1.647236e+02
  3.156077e+00,  1.656827e+02
  4.251084e+00,  1.667475e+02
  4.784856e+00,  1.676697e+02
  4.736583e+00,  1.682105e+02
  4.147854e+00,  1.678349e+02
  3.123137e+00,  1.649650e+02
  1.857965e+00,  1.529837e+02
  1.041402e+00,  9.750169e+01
  1.966179e+00,  4.597482e+01
  3.349592e+00,  3.667920e+01
  4.616392e+00,  3.700913e+01
  5.655611e+00,  4.092966e+01
  6.452900e+00,  4.692767e+01
  7.042607e+00,  5.433436e+01
  7.477856e+00,  6.258787e+01
  7.798501e+00,  7.105664e+01
  8.006338e+00,  7.907822e+01
  8.060510e+00,  8.607078e+01
  7.895408e+00,  9.158619e+01
  7.451115e+00,  9.524122e+01
  6.704659e+00,  9.652536e+01
  5.698220e+00,  9.444804e+01
  4.573383e+00,  8.690665e+01
  3.631892e+00,  7.030633e+01
  3.335056e+00,  4.465002e+01
  3.833601e+00,  2.199129e+01
  4.691398e+00,  9.448991e+00
  5.476375e+00,  4.117131e+00
  5.964602e+00,  3.017850e+00
  6.068277e+00,  4.768878e+00
  5.788565e+00,  8.960822e+00
  5.194110e+00,  1.580598e+01
  4.406401e+00,  2.606893e+01
  3.585098e+00,  4.106721e+01
  2.905728e+00,  6.220299e+01
  2.505716e+00,  8.906205e+01
  2.398685e+00,  1.179553e+02
  2.491501e+00,  1.454678e+02
  2.722836e+00,  1.708736e+02
  3.104048e+00,  1.937303e+02
  3.637981e+00,  2.129093e+02
  4.255038e+00,  2.278082e+02
  4.826741e+00,  2.387782e+02
  5.210395e+00,  2.465342e+02
  5.284930e+00,  2.516454e+02
  4.974279e+00,  2.542918e+02
  4.264452e+00,  2.539661e+02
  3.225879e+00,  2.484372e+02
  2.100462e+00,  2.293799e+02
  1.692423e+00,  1.806440e+02
  2.624021e+00,  1.433459e+02
  3.927409e+00,  1.302127e+02
  5.052053e+00,  1.251458e+02
  5.781585e+00,  1.230426e+02
  6.007629e+00,  1.223230e+02
  5.695469e+00,  1.224136e+02
  4.877277e+00,  1.231299e+02
  3.644713e+00,  1.245647e+02
  2.136760e+00,  1.275003e+02
  5.352289e-01,  1.425056e+02
  1.061943e+00,  2.974326e+02
  2.390462e+00,  3.048737e+02
  3.380514e+00,  3.092802e+02
  3.958697e+00,  3.140845e+02
  4.120320e+00,  3.202987e+02
  3.933756e+00,  3.289406e+02
  3.541876e+00,  3.413039e+02
  3.146751e+00,  3.584056e+02
  2.934723e+00,  1.898418e+01
  2.929199e+00,  3.871306e+01
  2.958075e+00,  5.441295e+01
  2.810317e+00,  6.642839e+01
  2.355172e+00,  7.706666e+01
  1.577219e+00,  9.159119e+01
  7.550786e-01,  1.394811e+02
  1.350949e+00,  2.184725e+02
  2.708578e+00,  2.364689e+02
  4.055889e+00,  2.421348e+02
  5.174138e+00,  2.440511e+02
  5.918747e+00,  2.438579e+02
  6.202693e+00,  2.418170e+02
  6.010996e+00,  2.375434e+02
  5.420792e+00,  2.299516e+02
  4.633285e+00,  2.169558e+02
  4.014448e+00,  1.961953e+02
  3.990685e+00,  1.703390e+02
  4.601312e+00,  1.487372e+02
  5.447417e+00,  1.350427e+02
  6.142631e+00,  1.271368e+02
  6.459546e+00,  1.229055e+02
  6.298891e+00,  1.213312e+02
  5.662365e+00,  1.222994e+02
  4.643206e+00,  1.267282e+02
  3.439933e+00,  1.376072e+02
  2.440632e+00,  1.621298e+02
  2.270438e+00,  2.007538e+02
  2.902144e+00,  2.281885e+02
  3.625916e+00,  2.411860e+02
  4.050711e+00,  2.475118e+02
  4.039529e+00,  2.507928e+02
  3.576079e+00,  2.524523e+02
  2.721407e+00,  2.530351e+02
  1.591599e+00,  2.524467e+02
  3.402351e-01,  2.445202e+02
  8.837198e-01,  7.755775e+01
  1.906826e+00,  7.449159e+01
  2.612160e+00,  7.237675e+01
  2.919183e+00,  6.964473e+01
  2.806642e+00,  6.531648e+01
  2.325782e+00,  5.724934e+01
  1.644889e+00,  3.886263e+01
  1.260119e+00,  3.552288e+02
  1.785528e+00,  3.125033e+02
  2.718346e+00,  2.952311e+02
  3.586777e+00,  2.884883e+02
  4.205342e+00,  2.860225e+02
  4.492190e+00,  2.859837e+02
  4.431411e+00,  2.878902e+02
  4.063572e+00,  2.918840e+02
  3.477071e+00,  2.986065e+02
  2.795940e+00,  3.092809e+02
  2.161803e+00,  3.256534e+02
  1.697700e+00,  3.488075e+02
  1.438728e+00,  1.674581e+01
  1.312038e+00,  4.647045e+01
  1.280691e+00,  7.891964e+01
  1.461376e+00,  1.128656e+02
  1.956453e+00,  1.394845e+02
  2.680237e+00,  1.555977e+02
  3.473779e+00,  1.641927e+02
  4.193931e+00,  1.679224e+02
  4.732197e+00,  1.681165e+02
  5.026896e+00,  1.652342e+02
  5.077187e+00,  1.591907e+02
  4.954373e+00,  1.496042e+02
  4.798698e+00,  1.362729e+02
  4.774741e+00,  1.200579e+02
  4.972155e+00,  1.032698e+02
  5.326770e+00,  8.826283e+01
  5.662703e+00,  7.587049e+01
  5.791260e+00,  6.564125e+01
  5.572132e+00,  5.663934e+01
  4.935831e+00,  4.768008e+01
  3.895476e+00,  3.677093e+01
  2.588036e+00,  1.824608e+01
  1.589432e+00,  3.306970e+02
  2.282979e+00,  2.699926e+02
  3.891573e+00,  2.461883e+02
  5.497762e+00,  2.347221e+02
  6.819881e+00,  2.269395e+02
  7.718197e+00,  2.204707e+02
  8.124757e+00,  2.143751e+02
  8.033978e+00,  2.081218e+02
  7.496861e+00,  2.012897e+02
  6.610920e+00,  1.934348e+02
  5.505264e+00,  1.839938e+02
  4.321494e+00,  1.721809e+02
  3.190986e+00,  1.568513e+02
  2.210552e+00,  1.361974e+02
  1.432998e+00,  1.063379e+02
  9.580443e-01,  5.653010e+01
  1.128824e+00,  3.527869e+02
  1.901208e+00,  3.145881e+02
  2.962032e+00,  2.934832e+02
  4.156083e+00,  2.797733e+02
  5.359278e+00,  2.699102e+02
  6.449825e+00,  2.623463e+02
  7.318596e+00,  2.562726e+02
  7.882928e+00,  2.512147e+02
  8.096713e+00,  2.468734e+02
  7.954738e+00,  2.430513e+02
  7.490830e+00,  2.396168e+02
  6.770470e+00,  2.364889e+02
  5.879535e+00,  2.336331e+02
  4.911373e+00,  2.310722e+02
  3.954377e+00,  2.289123e+02
  3.081842e+00,  2.273954e+02
  2.345228e+00,  2.269820e+02
  1.771602e+00,  2.284271e+02
  1.365322e+00,  2.326982e+02
  1.112667e+00,  2.405069e+02
  9.878583e-01,  2.517186e+02
  9.642035e-01,  2.656066e+02
  1.033897e+00,  2.813923e+02
  1.219771e+00,  2.974715e+02
  1.555417e+00,  3.112240e+02
  2.051117e+00,  3.209540e+02
  2.683606e+00,  3.267091e+02
  3.405151e+00,  3.292895e+02
  4.154304e+00,  3.294577e+02
  4.865499e+00,  3.277337e+02
  5.478437e+00,  3.244199e+02
  5.946610e+00,  3.196658e+02
  6.243372e+00,  3.135254e+02
  6.364044e+00,  3.060020e+02
  6.323256e+00,  2.970866e+02
  6.147971e+00,  2.867864e+02
  5.868142e+00,  2.751350e+02
  5.508366e+00,  2.621670e+02
  5.084556e+00,  2.478395e+02
  4.608916e+00,  2.318983e+02
  4.104708e+00,  2.137097e+02
  3.629892e+00,  1.921923e+02
  3.299808e+00,  1.663887e+02
  3.264577e+00,  1.374677e+02
  3.591488e+00,  1.096753e+02
  4.185957e+00,  8.630148e+01
  4.881261e+00,  6.729083e+01
  5.534464e+00,  5.121842e+01
  6.050505e+00,  3.675779e+01
  6.380549e+00,  2.293155e+01
  6.517989e+00,  9.030199e+00
  6.492892e+00,  3.545443e+02
  6.360562e+00,  3.391665e+02
  6.183273e+00,  3.228357e+02
  6.008382e+00,  3.057423e+02
  5.852947e+00,  2.882098e+02
  5.706244e+00,  2.704707e+02
  5.550438e+00,  2.524980e+02
  5.386411e+00,  2.340263e+02
  5.248793e+00,  2.147828e+02
  5.198477e+00,  1.948608e+02
  5.288758e+00,  1.749903e+02
  5.522376e+00,  1.563005e+02
  5.836180e+00,  1.396589e+02
  6.126085e+00,  1.252878e+02
  6.285780e+00,  1.129018e+02
  6.234786e+00,  1.019909e+02
  5.932291e+00,  9.198148e+01
  5.381139e+00,  8.225743e+01
  4.625705e+00,  7.207537e+01
  3.746511e+00,  6.035887e+01
  2.855444e+00,  4.529835e+01
  2.096211e+00,  2.390606e+01
  1.633828e+00,  3.538648e+02
  1.533589e+00,  3.210969e+02
  1.624943e+00,  2.949673e+02
  1.706994e+00,  2.752692e+02
  1.710113e+00,  2.580708e+02
  1.667547e+00,  2.404349e+02
  1.666800e+00,  2.215238e+02
  1.790250e+00,  2.035186e+02
  2.056426e+00,  1.897575e+02
  2.429676e+00,  1.814091e+02
  2.870875e+00,  1.775380e+02
  3.356997e+00,  1.766165e+02
  3.870307e+00,  1.772419e+02
  4.382101e+00,  1.783299e+02
  4.845300e+00,  1.791414e+02
  5.199083e+00,  1.792197e+02
  5.381742e+00,  1.782771e+02
  5.346109e+00,  1.760724e+02
  5.073353e+00,  1.722974e+02
  4.583011e+00,  1.664540e+02
  3.938695e+00,  1.577097e+02
  3.248825e+00,  1.447959e+02
  2.654611e+00,  1.264305e+02
  2.274343e+00,  1.032505e+02
  2.091827e+00,  7.925919e+01
  1.939063e+00,  5.752892e+01
  1.649097e+00,  3.587582e+01
  1.216623e+00,  4.428041e+00
  1.112116e+00,  3.059119e+02
  1.936700e+00,  2.606381e+02
  3.243167e+00,  2.402727e+02
  4.675337e+00,  2.284331e+02
  6.030486e+00,  2.197147e+02
  7.145188e+00,  2.122237e+02
  7.889551e+00,  2.050244e+02
  8.181702e+00,  1.974390e+02
  8.005106e+00,  1.887610e+02
  7.425608e+00,  1.780541e+02
  6.609015e+00,  1.640050e+02
  5.832956e+00,  1.451964e+02
  5.436332e+00,  1.218389e+02
  5.600859e+00,  9.785411e+01
  6.155894e+00,  7.760960e+01
  6.753746e+00,  6.175286e+01
  7.115225e+00,  4.875169e+01
  7.097333e+00,  3.685190e+01
  6.688656e+00,  2.439509e+01
  6.006994e+00,  9.569245e+00
  5.306755e+00,  3.504574e+02
  4.942654e+00,  3.267606e+02
  5.149818e+00,  3.026394e+02
  5.790364e+00,  2.833430e+02
  6.511694e+00,  2.698355e+02
  7.016341e+00,  2.606673e+02
  7.131778e+00,  2.544599e+02
  6.794719e+00,  2.504092e+02
  6.030285e+00,  2.482172e+02
  4.934871e+00,  2.481079e+02
  3.661850e+00,  2.512045e+02
  2.419668e+00,  2.609427e+02
  1.520417e+00,  2.861276e+02
  1.344148e+00,  3.252174e+02
  1.604942e+00,  3.469871e+02
  1.759626e+00,  3.514820e+02
  1.678645e+00,  3.446260e+02
  1.504582e+00,  3.249274e+02
  1.587417e+00,  2.942892e+02
  2.107888e+00,  2.696700e+02
  2.836489e+00,  2.568565e+02
  3.520042e+00,  2.512767e+02
  4.005689e+00,  2.499721e+02
  4.222298e+00,  2.519165e+02
  4.174799e+00,  2.571246e+02
  3.946313e+00,  2.661897e+02
  3.691449e+00,  2.796452e+02
  3.586584e+00,  2.965566e+02
  3.712660e+00,  3.137232e+02
  3.980844e+00,  3.280989e+02
  4.214824e+00,  3.390361e+02
  4.263566e+00,  3.474398e+02
  4.048177e+00,  3.545658e+02
  3.568194e+00,  1.776206e+00
  2.899097e+00,  1.092933e+01
  2.195375e+00,  2.516946e+01
  1.696373e+00,  4.817669e+01
  1.600003e+00,  7.439051e+01
  1.760586e+00,  8.924436e+01
  1.914127e+00,  8.955397e+01
  2.042621e+00,  7.691852e+01
  2.398135e+00,  5.536190e+01
  3.235469e+00,  3.492150e+01
  4.511661e+00,  2.104318e+01
  6.009469e+00,  1.228756e+01
  7.493051e+00,  6.457374e+00
  8.744899e+00,  2.210004e+00
  9.579761e+00,  3.587974e+02
  9.860578e+00,  3.557622e+02
  9.513815e+00,  3.527556e+02
  8.540017e+00,  3.493974e+02
  7.017682e+00,  3.450662e+02
  5.103696e+00,  3.382892e+02
  3.058368e+00,  3.239170e+02
  1.566637e+00,  2.770471e+02
  2.208507e+00,  2.119212e+02
  3.593871e+00,  1.907573e+02
  4.626488e+00,  1.812709e+02
  5.095314e+00,  1.744229e+02
  4.973545e+00,  1.674205e+02
  4.350386e+00,  1.580129e+02
  3.454690e+00,  1.423723e+02
  2.758030e+00,  1.143157e+02
  2.897290e+00,  7.876853e+01
  3.780831e+00,  5.520127e+01
  4.794072e+00,  4.380377e+01
  5.568088e+00,  3.896112e+01
  5.949527e+00,  3.806388e+01
  5.914502e+00,  4.032631e+01
  5.541539e+00,  4.588456e+01
  4.998317e+00,  5.533109e+01
  4.509787e+00,  6.888239e+01
  4.261735e+00,  8.481690e+01
  4.256900e+00,  9.937287e+01
  4.306408e+00,  1.096856e+02
  4.189408e+00,  1.150191e+02
  3.779071e+00,  1.150461e+02
  3.096038e+00,  1.077409e+02
  2.399861e+00,  8.700819e+01
  2.332725e+00,  5.062268e+01
  3.196421e+00,  2.226457e+01
  4.430353e+00,  8.624440e+00
  5.575975e+00,  2.082349e+00
  6.389183e+00,  3.586990e+02
  6.734736e+00,  3.568925e+02
  6.556706e+00,  3.559522e+02
  5.869916e+00,  3.554704e+02
  4.751147e+00,  3.550437e+02
  3.326448e+00,  3.537971e+02
  1.763291e+00,  3.478443e+02
  5.235815e-01,  2.862034e+02
  1.501631e+00,  2.120659e+02
  2.723783e+00,  2.079536e+02
  3.715189e+00,  2.114341e+02
  4.473969e+00,  2.178846e+02
  5.061720e+00,  2.261065e+02
  5.554293e+00,  2.351532e+02
  5.993838e+00,  2.439702e+02
  6.359088e+00,  2.515917e+02
  6.573701e+00,  2.573504e+02
  6.544050e+00,  2.608300e+02
  6.203627e+00,  2.616027e+02
  5.552394e+00,  2.588405e+02
  4.697486e+00,  2.507747e+02
  3.912336e+00,  2.344669e+02
  3.646426e+00,  2.096580e+02
  4.138271e+00,  1.859147e+02
  5.052729e+00,  1.706772e+02
  5.932802e+00,  1.622082e+02
  6.481526e+00,  1.576303e+02
  6.536827e+00,  1.553159e+02
  6.034482e+00,  1.545047e+02
  4.991183e+00,  1.549778e+02
  3.492928e+00,  1.572036e+02
  1.689109e+00,  1.650065e+02
  5.238697e-01,  2.833663e+02
  2.337384e+00,  3.244379e+02
  4.095585e+00,  3.307297e+02
  5.540404e+00,  3.347769e+02
  6.576292e+00,  3.386035e+02
  7.166188e+00,  3.427278e+02
  7.326770e+00,  3.473641e+02
  7.118912e+00,  3.525903e+02
  6.630797e+00,  3.583369e+02
  5.955689e+00,  4.300310e+00
  5.170294e+00,  9.801591e+00
  4.324862e+00,  1.357160e+01
  3.460613e+00,  1.329908e+01
  2.676769e+00,  4.642101e+00
  2.264254e+00,  3.425106e+02
  2.598497e+00,  3.159491e+02
  3.522469e+00,  3.004218e+02
  4.621046e+00,  2.938458e+02
  5.614404e+00,  2.914938e+02
  6.316910e+00,  2.910719e+02
  6.597535e+00,  2.915810e+02
  6.375857e+00,  2.925630e+02
  5.626238e+00,  2.937857e+02
  4.379591e+00,  2.950897e+02
  2.719604e+00,  2.961912e+02
  7.745359e-01,  2.942786e+02
  1.309614e+00,  1.244523e+02
  3.352746e+00,  1.246546e+02
  5.202193e+00,  1.264502e+02
  6.721691e+00,  1.286621e+02
  7.813970e+00,  1.311399e+02
  8.429211e+00,  1.338339e+02
  8.567314e+00,  1.366902e+02
  8.273033e+00,  1.395997e+02
  7.625228e+00,  1.423354e+02
  6.723658e+00,  1.444487e+02
  5.679320e+00,  1.450814e+02
  4.617914e+00,  1.426352e+02
  3.709772e+00,  1.344732e+02
  3.213915e+00,  1.185814e+02
  3.366504e+00,  9.990412e+01
  4.075300e+00,  8.725199e+01
  5.038779e+00,  8.172992e+01
  6.016968e+00,  8.067889e+01
  6.851121e+00,  8.211473e+01
  7.429092e+00,  8.501055e+01
  7.673499e+00,  8.891145e+01
  7.543478e+00,  9.370207e+01
  7.039747e+00,  9.952592e+01
  6.208561e+00,  1.068271e+02
  5.144727e+00,  1.165560e+02
  3.999842e+00,  1.306733e+02
  3.010035e+00,  1.527893e+02
  2.510743e+00,  1.850891e+02
  2.657888e+00,  2.176990e+02
  3.123199e+00,  2.404636e+02
  3.535229e+00,  2.553656e+02
  3.709339e+00,  2.659363e+02
  3.574369e+00,  2.739589e+02
  3.116866e+00,  2.799567e+02
  2.359898e+00,  2.831501e+02
  1.371970e+00,  2.781609e+02
  6.159624e-01,  2.164950e+02
  1.602732e+00,  1.592801e+02
  3.057376e+00,  1.537806e+02
  4.544360e+00,  1.549875e+02
  5.936040e+00,  1.577225e+02
  7.121856e+00,  1.607752e+02
  7.998590e+00,  1.636886e+02
  8.478808e+00,  1.662064e+02
  8.502721e+00,  1.680972e+02
  8.049998e+00,  1.690358e+02
  7.150820e+00,  1.684249e+02
  5.900304e+00,  1.649899e+02
  4.495689e+00,  1.557338e+02
  3.356415e+00,  1.343952e+02
  3.209571e+00,  1.008785e+02
  4.165883e+00,  7.645898e+01
  5.498080e+00,  6.569044e+01
  6.726645e+00,  6.195512e+01
  7.643074e+00,  6.169019e+01
  8.159276e+00,  6.340118e+01
  8.254820e+00,  6.641074e+01
  7.954809e+00,  7.035973e+01
  7.313266e+00,  7.499606e+01
  6.397206e+00,  8.005812e+01
  5.272953e+00,  8.517086e+01
  3.998508e+00,  8.965035e+01
  2.626930e+00,  9.174608e+01
  1.246015e+00,  8.279272e+01
  7.123479e-01,  3.543395e+02
  1.927381e+00,  3.213223e+02
  3.210667e+00,  3.192230e+02
  4.305974e+00,  3.211039e+02
  5.102146e+00,  3.238404e+02
  5.510473e+00,  3.266172e+02
  5.468881e+00,  3.290808e+02
  4.952696e+00,  3.309224e+02
  3.983905e+00,  3.315394e+02
  2.640949e+00,  3.288595e+02
  1.130138e+00,  3.083372e+02
  1.162797e+00,  2.069969e+02
  2.807291e+00,  1.869486e+02
  4.395412e+00,  1.845522e+02
  5.694201e+00,  1.856120e+02
  6.589876e+00,  1.881888e+02
  7.026792e+00,  1.918709e+02
  7.006188e+00,  1.966715e+02
  6.583642e+00,  2.028217e+02
  5.860630e+00,  2.107387e+02
  4.969636e+00,  2.210285e+02
  4.052261e+00,  2.344373e+02
  3.229051e+00,  2.516285e+02
  2.564666e+00,  2.728254e+02
  2.055434e+00,  2.980468e+02
  1.685054e+00,  3.285379e+02
  1.535198e+00,  5.988033e+00
  1.756405e+00,  4.339400e+01
  2.290165e+00,  7.024869e+01
  2.909755e+00,  8.720099e+01
  3.408517e+00,  9.809240e+01
  3.628838e+00,  1.052449e+02
  3.461489e+00,  1.096440e+02
  2.853933e+00,  1.110848e+02
  1.830987e+00,  1.061205e+02
  7.341870e-01,  5.930484e+01
  1.672631e+00,  3.385396e+02
  3.464048e+00,  3.277477e+02
  5.265248e+00,  3.258527e+02
  6.857396e+00,  3.261215e+02
  8.077576e+00,  3.272863e+02
  8.809497e+00,  3.290036e+02
  8.994627e+00,  3.312032e+02
  8.639107e+00,  3.339381e+02
  7.812322e+00,  3.373476e+02
  6.636286e+00,  3.416579e+02
  5.266552e+00,  3.471946e+02
  3.866129e+00,  3.543730e+02
  2.573627e+00,  3.554636e+00
  1.467875e+00,  1.437830e+01
  5.427396e-01,  2.122897e+01
  3.531126e-01,  2.508553e+02
  1.238694e+00,  2.501421e+02
  2.234260e+00,  2.589654e+02
  3.285506e+00,  2.666629e+02
  4.277282e+00,  2.727709e+02
  5.063410e+00,  2.776099e+02
  5.501968e+00,  2.815737e+02
  5.483707e+00,  2.850499e+02
  4.953044e+00,  2.885099e+02
  3.922224e+00,  2.928515e+02
  2.486171e+00,  3.011078e+02
  9.715168e-01,  3.374339e+02
  1.541074e+00,  7.388366e+01
  3.238469e+00,  9.072401e+01
  4.727577e+00,  9.512530e+01
  5.759839e+00,  9.636445e+01
  6.194178e+00,  9.585544e+01
  5.969199e+00,  9.360056e+01
  5.116890e+00,  8.859328e+01
  3.800217e+00,  7.742127e+01
  2.502843e+00,  4.846857e+01
  2.537676e+00,  3.552923e+02
  4.067707e+00,  3.251011e+02
  5.841498e+00,  3.130124e+02
  7.318073e+00,  3.069190e+02
  8.263579e+00,  3.031274e+02
  8.568505e+00,  3.003085e+02
  8.218027e+00,  2.977999e+02
  7.282379e+00,  2.950758e+02
  5.906085e+00,  2.914026e+02
  4.297123e+00,  2.851956e+02
  2.736572e+00,  2.719479e+02
  1.691927e+00,  2.396166e+02
  1.717517e+00,  1.967356e+02
  2.220035e+00,  1.792314e+02
  2.552388e+00,  1.790356e+02
  2.678195e+00,  1.898363e+02
  2.870279e+00,  2.093393e+02
  3.456420e+00,  2.308215e+02
  4.461967e+00,  2.470747e+02
  5.643933e+00,  2.574465e+02
  6.730843e+00,  2.639478e+02
  7.509425e+00,  2.681657e+02
  7.838077e+00,  2.710139e+02
  7.650585e+00,  2.729882e+02
  6.955697e+00,  2.743385e+02
  5.830078e+00,  2.751329e+02
  4.404212e+00,  2.751983e+02
  2.844264e+00,  2.736818e+02
  1.341985e+00,  2.658033e+02
  4.132161e-01,  1.864474e+02
  1.162604e+00,  1.282900e+02
  1.769536e+00,  1.241894e+02
  1.994252e+00,  1.270503e+02
  1.877212e+00,  1.344389e+02
  1.537331e+00,  1.483532e+02
  1.172078e+00,  1.738492e+02
  1.028728e+00,  2.122509e+02
  1.144752e+00,  2.487351e+02
  1.318205e+00,  2.786715e+02
  1.519649e+00,  3.092523e+02
  1.966453e+00,  3.403105e+02
  2.841458e+00,  4.116000e+00
  4.084738e+00,  1.900159e+01
  5.515822e+00,  2.785554e+01
  6.931827e+00,  3.304782e+01
  8.135875e+00,  3.588254e+01
  8.956252e+00,  3.701339e+01
  9.265949e+00,  3.671586e+01
  8.999695e+00,  3.499043e+01
  8.166309e+00,  3.153100e+01
  6.857631e+00,  2.549887e+01
  5.263949e+00,  1.482637e+01
  3.734918e+00,  3.544670e+02
  2.922727e+00,  3.178564e+02
  3.299239e+00,  2.796021e+02
  4.187386e+00,  2.560549e+02
  4.897586e+00,  2.408017e+02
  5.181735e+00,  2.277781e+02
  5.040210e+00,  2.134390e+02
  4.669494e+00,  1.948703e+02
  4.456870e+00,  1.705438e+02
  4.792978e+00,  1.442426e+02
  5.672030e+00,  1.227092e+02
  6.731451e+00,  1.075184e+02
  7.598904e+00,  9.677445e+01
  8.016218e+00,  8.860456e+01
  7.838635e+00,  8.172936e+01
  7.024071e+00,  7.513749e+01
  5.627472e+00,  6.752692e+01
  3.809800e+00,  5.566714e+01
  1.989723e+00,  2.463134e+01
  1.929957e+00,  3.078180e+02
  3.709411e+00,  2.755095e+02
  5.506877e+00,  2.640634e+02
  6.892775e+00,  2.575727e+02
  7.713522e+00,  2.527994e+02
  7.915130e+00,  2.486883e+02
  7.521973e+00,  2.447197e+02
  6.627984e+00,  2.404849e+02
  5.377925e+00,  2.354876e+02
  3.947516e+00,  2.288476e+02
  2.526581e+00,  2.184132e+02
  1.324585e+00,  1.967760e+02
  7.158428e-01,  1.390409e+02
  9.221482e-01,  8.162350e+01
  1.165277e+00,  5.274609e+01
  1.269160e+00,  2.552441e+01
  1.460927e+00,  3.539438e+02
  1.966652e+00,  3.270617e+02
  2.735254e+00,  3.105750e+02
  3.594920e+00,  3.016844e+02
  4.404287e+00,  2.973904e+02
  5.072935e+00,  2.960846e+02
  5.559013e+00,  2.969514e+02
  5.862993e+00,  2.995026e+02
  6.014460e+00,  3.033109e+02
  6.051540e+00,  3.078622e+02
  5.998569e+00,  3.125189e+02
  5.852387e+00,  3.165878e+02
  5.585225e+00,  3.194219e+02
  5.162474e+00,  3.204463e+02
  4.565903e+00,  3.190385e+02
  3.814818e+00,  3.142289e+02
  2.985267e+00,  3.041318e+02
  2.234722e+00,  2.850564e+02
  1.819590e+00,  2.538551e+02
  1.888737e+00,  2.196828e+02
  2.195041e+00,  1.936927e+02
  2.449790e+00,  1.730464e+02
  2.569396e+00,  1.522237e+02
  2.663775e+00,  1.276285e+02
  2.983813e+00,  9.991804e+01
  3.714862e+00,  7.462052e+01
  4.798094e+00,  5.514314e+01
  6.038508e+00,  4.052736e+01
  7.237897e+00,  2.885198e+01
  8.235523e+00,  1.867396e+01
  8.919771e+00,  9.015770e+00
  9.236741e+00,  3.591541e+02
  9.196306e+00,  3.484767e+02
  8.872331e+00,  3.364270e+02
  8.392632e+00,  3.225596e+02
  7.911613e+00,  3.067456e+02
  7.559322e+00,  2.894545e+02
  7.380792e+00,  2.717508e+02
  7.311990e+00,  2.547333e+02
  7.221146e+00,  2.388946e+02
  6.979733e+00,  2.239859e+02
  6.515889e+00,  2.092132e+02
  5.836798e+00,  1.933514e+02
  5.041559e+00,  1.746657e+02
  4.335324e+00,  1.511183e+02
  4.002634e+00,  1.224725e+02
  4.214087e+00,  9.349406e+01
  4.825984e+00,  6.957258e+01
  5.550315e+00,  5.114116e+01
  6.168855e+00,  3.634436e+01
  6.563910e+00,  2.354814e+01
  6.692723e+00,  1.167256e+01
  6.564827e+00,  1.200263e-02
  6.224037e+00,  3.480868e+02
  5.731731e+00,  3.355709e+02
  5.151161e+00,  3.222657e+02
  4.534580e+00,  3.080867e+02
  3.915702e+00,  2.930254e+02
  3.309469e+00,  2.770428e+02
  2.719445e+00,  2.598563e+02
  2.151433e+00,  2.405488e+02
  1.633219e+00,  2.168534e+02
  1.245677e+00,  1.846133e+02
  1.133085e+00,  1.435360e+02
  1.331308e+00,  1.069656e+02
  1.679194e+00,  8.169656e+01
  2.041499e+00,  6.387018e+01
  2.357242e+00,  5.014677e+01
  2.603135e+00,  3.889524e+01
  2.775262e+00,  2.936178e+01
  2.881965e+00,  2.119724e+01
  2.940229e+00,  1.422935e+01
  2.972742e+00,  8.326920e+00
  3.004540e+00,  3.294653e+00
  3.058932e+00,  3.587988e+02
  3.153388e+00,  3.543611e+02
  3.297139e+00,  3.494450e+02
  3.492103e+00,  3.435973e+02
  3.736625e+00,  3.365639e+02
  4.029079e+00,  3.283332e+02
  4.368056e+00,  3.191107e+02
  4.748067e+00,  3.092417e+02
  5.152899e+00,  2.991048e+02
  5.550479e+00,  2.890061e+02
  5.892430e+00,  2.791116e+02
  6.119174e+00,  2.694223e+02
  6.169668e+00,  2.597705e+02
  5.994337e+00,  2.497987e+02
  5.570232e+00,  2.388776e+02
  4.919450e+00,  2.258927e+02
  4.137841e+00,  2.088281e+02
  3.444914e+00,  1.846276e+02
  3.198356e+00,  1.526389e+02
  3.614110e+00,  1.213295e+02
  4.462347e+00,  9.804531e+01
  5.394267e+00,  8.132402e+01
  6.182344e+00,  6.813839e+01
  6.705331e+00,  5.653184e+01
  6.916750e+00,  4.530713e+01
  6.831409e+00,  3.362595e+01
  6.516194e+00,  2.083142e+01
  6.074750e+00,  6.460142e+00
  5.618627e+00,  3.504222e+02
  5.224019e+00,  3.332041e+02
  4.893083e+00,  3.157241e+02
  4.555069e+00,  2.986869e+02
  4.115359e+00,  2.819057e+02
  3.521167e+00,  2.638493e+02
  2.830691e+00,  2.408379e+02
  2.324849e+00,  2.068116e+02
  2.497351e+00,  1.656856e+02
  3.366718e+00,  1.357335e+02
  4.481691e+00,  1.177114e+02
  5.514830e+00,  1.058656e+02
  6.276460e+00,  9.706725e+01
  6.654819e+00,  8.981274e+01
  6.601761e+00,  8.324785e+01
  6.126175e+00,  7.670473e+01
  5.291732e+00,  6.939151e+01
  4.216424e+00,  5.996032e+01
  3.081172e+00,  4.554949e+01
  2.171782e+00,  2.038740e+01
  1.875250e+00,  3.434812e+02
  2.163172e+00,  3.142155e+02
  2.534648e+00,  2.991034e+02
  2.694986e+00,  2.923826e+02
  2.568947e+00,  2.911293e+02
  2.198780e+00,  2.954930e+02
  1.725687e+00,  3.086134e+02
  1.419000e+00,  3.350246e+02
  1.535268e+00,  5.440576e+00
  1.916096e+00,  2.394048e+01
  2.259317e+00,  3.241588e+01
  2.406098e+00,  3.537770e+01
  2.306572e+00,  3.452301e+01
  1.987588e+00,  2.936608e+01
  1.556097e+00,  1.675031e+01
  1.241747e+00,  3.509442e+02
  1.328851e+00,  3.191236e+02
  1.734235e+00,  3.009198e+02
  2.190060e+00,  2.954675e+02
  2.584234e+00,  2.975474e+02
  2.929508e+00,  3.045564e+02
  3.304114e+00,  3.145481e+02
  3.782606e+00,  3.252145e+02
  4.368306e+00,  3.344634e+02
  4.980020e+00,  3.412494e+02
  5.490273e+00,  3.454337e+02
  5.770774e+00,  3.471742e+02
  5.725859e+00,  3.464764e+02
  5.318106e+00,  3.428788e+02
  4.597041e+00,  3.349872e+02
  3.753372e+00,  3.196556e+02
  3.216663e+00,  2.930228e+02
  3.498243e+00,  2.615910e+02
  4.484657e+00,  2.392570e+02
  5.655532e+00,  2.260951e+02
  6.643270e+00,  2.178033e+02
  7.242550e+00,  2.118341e+02
  7.351506e+00,  2.068497e+02
  6.951350e+00,  2.019754e+02
  6.099972e+00,  1.963477e+02
  4.929095e+00,  1.886463e+02
  3.650145e+00,  1.762097e+02
  2.590129e+00,  1.538174e+02
  2.177769e+00,  1.200520e+02
  2.409414e+00,  9.235819e+01
  2.724391e+00,  7.886241e+01
  2.764982e+00,  7.506776e+01
  2.459585e+00,  7.955315e+01
  1.967191e+00,  9.659188e+01
  1.796504e+00,  1.319638e+02
  2.422217e+00,  1.648394e+02
  3.472519e+00,  1.813136e+02
  4.498292e+00,  1.894038e+02
  5.250818e+00,  1.940701e+02
  5.588308e+00,  1.973423e+02
  5.446570e+00,  2.002464e+02
  4.834276e+00,  2.036164e+02
  3.832171e+00,  2.087463e+02
  2.602336e+00,  2.190860e+02
  1.488111e+00,  2.476989e+02
  1.381693e+00,  3.070653e+02
  2.182814e+00,  3.365836e+02
  2.891111e+00,  3.457041e+02
  3.198905e+00,  3.478681e+02
  3.032784e+00,  3.455111e+02
  2.448472e+00,  3.365480e+02
  1.730647e+00,  3.109910e+02
  1.750225e+00,  2.611773e+02
  2.851714e+00,  2.308088e+02
  4.259835e+00,  2.194892e+02
  5.557464e+00,  2.149631e+02
  6.540255e+00,  2.133789e+02
  7.092526e+00,  2.135143e+02
  7.170019e+00,  2.150023e+02
  6.797267e+00,  2.178692e+02
  6.062015e+00,  2.224257e+02
  5.103334e+00,  2.292727e+02
  4.091943e+00,  2.392775e+02
  3.196215e+00,  2.531739e+02
  2.518478e+00,  2.702528e+02
  2.017032e+00,  2.871960e+02
  1.523102e+00,  2.997840e+02
  8.832828e-01,  3.025521e+02
  3.135753e-01,  2.290457e+02
  1.201895e+00,  1.722877e+02
  2.382635e+00,  1.699434e+02
  3.548027e+00,  1.718362e+02
  4.546035e+00,  1.747673e+02
  5.247889e+00,  1.783140e+02
  5.563027e+00,  1.826159e+02
  5.455802e+00,  1.881323e+02
  4.960194e+00,  1.957711e+02
  4.197118e+00,  2.072897e+02
  3.406407e+00,  2.257511e+02
  2.967063e+00,  2.531913e+02
  3.152705e+00,  2.821637e+02
  3.738420e+00,  3.028741e+02
  4.319473e+00,  3.158049e+02
  4.643425e+00,  3.241732e+02
  4.598612e+00,  3.298997e+02
  4.166141e+00,  3.337604e+02
  3.394867e+00,  3.355749e+02
  2.391520e+00,  3.333143e+02
  1.365082e+00,  3.171812e+02
  1.037386e+00,  2.603731e+02
  1.868575e+00,  2.280496e+02
  2.923528e+00,  2.238647e+02
  3.933315e+00,  2.273239e+02
  4.860446e+00,  2.335970e+02
  5.699276e+00,  2.409262e+02
  6.427651e+00,  2.483436e+02
  6.989188e+00,  2.552553e+02
  7.297574e+00,  2.613372e+02
  7.255360e+00,  2.664526e+02
  6.770551e+00,  2.705629e+02
  5.705090e+00,  2.735954e+02
  3.423833e+00,  2.741421e+02
##END=
