##TITLE= E:\桌面\nmr\ogm\sjd\matlabcod\1_unitary\4_20_xjhsjd
##JCAMP-DX= 5.00 Bruker JCAMP library
##DATA TYPE= Shape Data
##ORIGIN= Colm's GRAPE Pulses 
##OWNER= Dawei.Lu
##DATE= 02-Aug-2025
##TIME= 13:31
##MINX= 2.138628e-01
##MAXX= 2.491800e+01
##MINY= 1.213114e+00
##MAXY= 3.538046e+02
##$SHAPE_EXMODE= None
##$SHAPE_TOTROT= 9.000000e+01
##$SHAPE_BWFAC= 1.000000e+00
##$SHAPE_INTEGFAC= 1.000000e+00
##$SHAPE_MODE= 1
##PULSE_WIDTH= 2000
##Calibration_Power= 12500
##NPOINTS= 200
##XYPOINTS= (XY..XY)
  1.131141e+00,  3.112094e+02
  3.303964e+00,  2.163720e+02
  8.336669e+00,  1.815348e+02
  1.271317e+01,  1.503657e+02
  1.538367e+01,  1.291550e+02
  1.488043e+01,  1.093439e+02
  1.200652e+01,  8.496871e+01
  9.025023e+00,  5.285734e+01
  6.893934e+00,  2.188538e+01
  3.960420e+00,  1.004639e+01
  2.548319e+00,  9.515669e+01
  7.711083e+00,  1.158673e+02
  1.170636e+01,  1.073930e+02
  1.240957e+01,  9.174300e+01
  1.019897e+01,  6.512674e+01
  8.144140e+00,  1.896246e+01
  8.755973e+00,  3.288072e+02
  9.381043e+00,  2.887354e+02
  9.220194e+00,  2.425752e+02
  1.164620e+01,  1.925487e+02
  1.642063e+01,  1.596891e+02
  1.969980e+01,  1.385859e+02
  1.938073e+01,  1.210322e+02
  1.583257e+01,  1.018652e+02
  1.123444e+01,  7.622347e+01
  7.856499e+00,  4.307706e+01
  5.451682e+00,  1.387371e+01
  2.109058e+00,  1.213114e+00
  2.593703e+00,  1.471357e+02
  7.156444e+00,  1.445009e+02
  1.020901e+01,  1.382415e+02
  1.098774e+01,  1.305430e+02
  9.850377e+00,  1.188404e+02
  8.148173e+00,  9.889868e+01
  7.510576e+00,  7.164750e+01
  8.028991e+00,  4.901969e+01
  8.254192e+00,  3.412522e+01
  7.191997e+00,  2.000543e+01
  5.076244e+00,  3.538046e+02
  4.407282e+00,  2.974241e+02
  6.836636e+00,  2.559261e+02
  9.221019e+00,  2.356164e+02
  9.964293e+00,  2.186599e+02
  9.218219e+00,  1.972943e+02
  8.305501e+00,  1.682688e+02
  8.212362e+00,  1.381902e+02
  8.049148e+00,  1.153273e+02
  6.576962e+00,  9.718811e+01
  3.766225e+00,  7.168470e+01
  2.300171e+00,  3.460164e+02
  5.085037e+00,  2.944712e+02
  7.620425e+00,  2.749130e+02
  9.074959e+00,  2.561947e+02
  1.011190e+01,  2.329815e+02
  1.172146e+01,  2.079240e+02
  1.376630e+01,  1.861186e+02
  1.495363e+01,  1.675003e+02
  1.418408e+01,  1.481674e+02
  1.161798e+01,  1.218356e+02
  9.301264e+00,  8.002649e+01
  9.753840e+00,  2.994239e+01
  1.173458e+01,  3.489323e+02
  1.362189e+01,  3.115910e+02
  1.628799e+01,  2.747515e+02
  2.015960e+01,  2.434056e+02
  2.337425e+01,  2.188114e+02
  2.378116e+01,  1.976384e+02
  2.083838e+01,  1.759254e+02
  1.594777e+01,  1.496478e+02
  1.135904e+01,  1.160666e+02
  7.830615e+00,  7.833948e+01
  4.069949e+00,  3.372139e+01
  3.208480e+00,  2.764772e+02
  8.106851e+00,  2.303245e+02
  1.155957e+01,  2.111806e+02
  1.170093e+01,  1.963564e+02
  8.751614e+00,  1.808961e+02
  4.569134e+00,  1.588198e+02
  1.558807e+00,  1.150104e+02
  2.138628e-01,  1.879996e+02
  3.332503e+00,  1.971519e+02
  7.605660e+00,  1.801446e+02
  1.075821e+01,  1.637417e+02
  1.111291e+01,  1.427210e+02
  9.384766e+00,  1.076891e+02
  9.564724e+00,  5.611821e+01
  1.243597e+01,  1.714471e+01
  1.366451e+01,  3.512955e+02
  1.130368e+01,  3.252921e+02
  7.245015e+00,  2.805947e+02
  7.251971e+00,  2.100142e+02
  9.847786e+00,  1.659392e+02
  1.038610e+01,  1.297475e+02
  1.048192e+01,  8.320737e+01
  1.344211e+01,  3.929198e+01
  1.685731e+01,  1.142761e+01
  1.699290e+01,  3.518329e+02
  1.285609e+01,  3.330757e+02
  6.281627e+00,  3.031961e+02
  3.248301e+00,  2.023927e+02
  5.985269e+00,  1.397798e+02
  7.142354e+00,  9.493068e+01
  9.331936e+00,  4.523684e+01
  1.326584e+01,  1.128728e+01
  1.543779e+01,  3.495674e+02
  1.359536e+01,  3.309046e+02
  8.268591e+00,  3.052756e+02
  3.971628e+00,  2.309829e+02
  6.734528e+00,  1.586128e+02
  8.347693e+00,  1.242159e+02
  7.894731e+00,  8.023790e+01
  9.724812e+00,  2.681206e+01
  1.365963e+01,  3.523412e+02
  1.562169e+01,  3.292956e+02
  1.412800e+01,  3.065545e+02
  1.081720e+01,  2.748706e+02
  9.159680e+00,  2.320246e+02
  9.199461e+00,  1.997232e+02
  7.677988e+00,  1.866252e+02
  4.422074e+00,  2.021068e+02
  4.710001e+00,  2.622044e+02
  7.849100e+00,  2.748026e+02
  9.085860e+00,  2.652414e+02
  8.427283e+00,  2.435732e+02
  7.645302e+00,  2.137367e+02
  7.118832e+00,  1.909720e+02
  5.518953e+00,  1.911583e+02
  5.154844e+00,  2.355209e+02
  9.909528e+00,  2.609831e+02
  1.528626e+01,  2.589702e+02
  1.841295e+01,  2.471366e+02
  1.890057e+01,  2.280632e+02
  1.813588e+01,  2.025745e+02
  1.729149e+01,  1.747637e+02
  1.552284e+01,  1.487664e+02
  1.150711e+01,  1.214588e+02
  6.565596e+00,  7.120991e+01
  8.370076e+00,  3.509624e+02
  1.438357e+01,  3.161154e+02
  1.851698e+01,  2.950668e+02
  1.980559e+01,  2.752089e+02
  1.925873e+01,  2.533964e+02
  1.824308e+01,  2.307705e+02
  1.691083e+01,  2.110288e+02
  1.440210e+01,  1.963601e+02
  1.030460e+01,  1.868473e+02
  5.256981e+00,  1.844599e+02
  1.284064e+00,  2.452042e+02
  3.873937e+00,  3.111791e+02
  6.188551e+00,  3.025803e+02
  7.910860e+00,  2.828876e+02
  1.004399e+01,  2.606912e+02
  1.252405e+01,  2.420999e+02
  1.423576e+01,  2.268533e+02
  1.422615e+01,  2.116241e+02
  1.255615e+01,  1.922349e+02
  1.054374e+01,  1.645905e+02
  9.749936e+00,  1.316290e+02
  9.688391e+00,  1.039753e+02
  8.661715e+00,  8.242016e+01
  6.266702e+00,  5.816069e+01
  4.150503e+00,  1.220966e+01
  4.934769e+00,  3.185635e+02
  6.523321e+00,  2.936019e+02
  6.896411e+00,  2.781081e+02
  6.186081e+00,  2.581495e+02
  5.950731e+00,  2.255546e+02
  7.696590e+00,  1.949764e+02
  1.031590e+01,  1.780419e+02
  1.201478e+01,  1.676006e+02
  1.175568e+01,  1.575811e+02
  9.542562e+00,  1.435171e+02
  6.514637e+00,  1.199202e+02
  4.133897e+00,  8.442637e+01
  1.840093e+00,  4.985806e+01
  2.457802e+00,  2.141889e+02
  9.071001e+00,  1.970884e+02
  1.640746e+01,  1.836601e+02
  2.219608e+01,  1.699083e+02
  2.491800e+01,  1.535975e+02
  2.482736e+01,  1.329756e+02
  2.362352e+01,  1.083038e+02
  2.226667e+01,  8.357328e+01
  1.958094e+01,  6.293649e+01
  1.419958e+01,  4.711708e+01
  6.607783e+00,  3.640938e+01
  1.294805e+00,  1.647489e+02
  6.396741e+00,  1.763726e+02
  8.099560e+00,  1.583090e+02
  7.346572e+00,  1.276130e+02
  6.740823e+00,  8.515694e+01
  6.496656e+00,  4.766732e+01
  4.523580e+00,  1.132553e+01
  3.062819e+00,  2.772155e+02
  7.634873e+00,  2.201874e+02
  1.165107e+01,  1.989172e+02
  1.246796e+01,  1.809362e+02
  1.014795e+01,  1.576221e+02
  6.751072e+00,  1.191643e+02
  2.171733e+00,  4.907154e+01
##END=
