##TITLE= E:\桌面\nmr\ogm\sjd\matlabcod\1\4_21_xjhsjd
##JCAMP-DX= 5.00 Bruker JCAMP library
##DATA TYPE= Shape Data
##ORIGIN= Colm's GRAPE Pulses 
##OWNER= Dawei.Lu
##DATE= 02-Aug-2025
##TIME= 11:47
##MINX= 3.716603e-02
##MAXX= 1.378834e+01
##MINY= 8.093874e-02
##MAXY= 3.598831e+02
##$SHAPE_EXMODE= None
##$SHAPE_TOTROT= 9.000000e+01
##$SHAPE_BWFAC= 1.000000e+00
##$SHAPE_INTEGFAC= 1.000000e+00
##$SHAPE_MODE= 1
##PULSE_WIDTH= 5000
##Calibration_Power= 12500
##NPOINTS= 1000
##XYPOINTS= (XY..XY)
  4.269220e+00,  1.621345e+02
  5.329920e+00,  1.483051e+02
  6.304957e+00,  1.285473e+02
  6.341196e+00,  1.022243e+02
  6.978984e+00,  7.853928e+01
  7.949568e+00,  6.087521e+01
  8.841506e+00,  4.837877e+01
  9.381125e+00,  3.948548e+01
  9.435177e+00,  3.315739e+01
  8.980565e+00,  2.890503e+01
  8.082151e+00,  2.668378e+01
  6.876623e+00,  2.690323e+01
  5.560520e+00,  3.055685e+01
  4.380806e+00,  3.920720e+01
  3.599425e+00,  5.349737e+01
  3.342999e+00,  6.934388e+01
  3.445995e+00,  7.990533e+01
  3.640686e+00,  8.295859e+01
  3.798118e+00,  7.977005e+01
  3.934669e+00,  7.216809e+01
  4.124891e+00,  6.228392e+01
  4.411582e+00,  5.255697e+01
  4.765374e+00,  4.498979e+01
  5.116763e+00,  4.062249e+01
  5.417198e+00,  3.975951e+01
  5.680990e+00,  4.229001e+01
  5.989059e+00,  4.762923e+01
  6.445606e+00,  5.449585e+01
  7.102561e+00,  6.114822e+01
  7.910942e+00,  6.615478e+01
  8.740060e+00,  6.885118e+01
  9.433969e+00,  6.913337e+01
  9.862128e+00,  6.706247e+01
  9.953351e+00,  6.261470e+01
  9.717590e+00,  5.558789e+01
  9.257188e+00,  4.564107e+01
  8.758554e+00,  3.255180e+01
  8.439468e+00,  1.677554e+01
  8.435875e+00,  3.598628e+02
  8.697722e+00,  3.437815e+02
  9.012122e+00,  3.296317e+02
  9.124816e+00,  3.173385e+02
  8.839479e+00,  3.061398e+02
  8.062752e+00,  2.948898e+02
  6.826859e+00,  2.818279e+02
  5.333234e+00,  2.635764e+02
  4.093165e+00,  2.338158e+02
  3.997317e+00,  1.929314e+02
  5.183423e+00,  1.610356e+02
  6.784364e+00,  1.420235e+02
  8.192566e+00,  1.294076e+02
  9.123004e+00,  1.194544e+02
  9.458446e+00,  1.103023e+02
  9.202799e+00,  1.007125e+02
  8.473436e+00,  8.949246e+01
  7.504027e+00,  7.526092e+01
  6.635784e+00,  5.684475e+01
  6.222165e+00,  3.507343e+01
  6.378806e+00,  1.401999e+01
  6.857786e+00,  3.573853e+02
  7.283730e+00,  3.456200e+02
  7.379189e+00,  3.376553e+02
  7.008463e+00,  3.325456e+02
  6.156346e+00,  3.299041e+02
  4.904768e+00,  3.301406e+02
  3.423232e+00,  3.354755e+02
  2.026349e+00,  3.547070e+02
  1.513633e+00,  4.561266e+01
  2.236182e+00,  8.198366e+01
  3.074084e+00,  9.324728e+01
  3.568906e+00,  9.605435e+01
  3.622998e+00,  9.470159e+01
  3.267685e+00,  8.927957e+01
  2.650619e+00,  7.696259e+01
  2.120528e+00,  5.142840e+01
  2.242629e+00,  1.604197e+01
  3.063027e+00,  3.524613e+02
  4.113291e+00,  3.417297e+02
  5.096723e+00,  3.374490e+02
  5.877899e+00,  3.364548e+02
  6.399125e+00,  3.373447e+02
  6.645995e+00,  3.393626e+02
  6.627456e+00,  3.419563e+02
  6.361059e+00,  3.445862e+02
  5.864684e+00,  3.466093e+02
  5.158355e+00,  3.471291e+02
  4.280312e+00,  3.446394e+02
  3.328143e+00,  3.360961e+02
  2.559973e+00,  3.156913e+02
  2.471317e+00,  2.832331e+02
  3.189792e+00,  2.577675e+02
  4.220709e+00,  2.446201e+02
  5.166464e+00,  2.378016e+02
  5.802828e+00,  2.336867e+02
  5.992419e+00,  2.305780e+02
  5.661576e+00,  2.274504e+02
  4.802352e+00,  2.231826e+02
  3.487992e+00,  2.152249e+02
  1.970357e+00,  1.926909e+02
  1.542871e+00,  1.209628e+02
  3.131644e+00,  8.179116e+01
  5.026133e+00,  7.017629e+01
  6.699175e+00,  6.449841e+01
  7.940700e+00,  6.055976e+01
  8.625517e+00,  5.701622e+01
  8.699573e+00,  5.311426e+01
  8.186401e+00,  4.810341e+01
  7.197772e+00,  4.086229e+01
  5.955196e+00,  2.941722e+01
  4.835413e+00,  1.075117e+01
  4.356328e+00,  3.443549e+02
  4.748688e+00,  3.190027e+02
  5.599277e+00,  3.020982e+02
  6.388780e+00,  2.921991e+02
  6.811932e+00,  2.864412e+02
  6.732160e+00,  2.831144e+02
  6.123126e+00,  2.813461e+02
  5.038313e+00,  2.807252e+02
  3.590297e+00,  2.811753e+02
  1.931277e+00,  2.833428e+02
  2.523020e-01,  3.083196e+02
  1.360975e+00,  9.822920e+01
  2.675006e+00,  1.033843e+02
  3.627491e+00,  1.078866e+02
  4.174587e+00,  1.134737e+02
  4.341428e+00,  1.210112e+02
  4.229079e+00,  1.314418e+02
  4.013239e+00,  1.455748e+02
  3.907059e+00,  1.629412e+02
  4.048054e+00,  1.806421e+02
  4.389817e+00,  1.951579e+02
  4.756540e+00,  2.050676e+02
  4.974756e+00,  2.105569e+02
  4.943923e+00,  2.118739e+02
  4.662960e+00,  2.085532e+02
  4.259468e+00,  1.992306e+02
  4.022607e+00,  1.828551e+02
  4.306105e+00,  1.628206e+02
  5.196631e+00,  1.463568e+02
  6.453615e+00,  1.361120e+02
  7.786562e+00,  1.305858e+02
  8.977720e+00,  1.280146e+02
  9.879606e+00,  1.272794e+02
  1.040058e+01,  1.277286e+02
  1.049613e+01,  1.289629e+02
  1.016234e+01,  1.307010e+02
  9.429148e+00,  1.326949e+02
  8.352822e+00,  1.346558e+02
  7.008965e+00,  1.361466e+02
  5.488296e+00,  1.363349e+02
  3.902347e+00,  1.332234e+02
  2.432998e+00,  1.206324e+02
  1.596404e+00,  8.166411e+01
  2.091896e+00,  3.854573e+01
  3.124067e+00,  2.317536e+01
  4.059200e+00,  1.852187e+01
  4.708996e+00,  1.722055e+01
  4.991710e+00,  1.683209e+01
  4.871817e+00,  1.610697e+01
  4.358192e+00,  1.381220e+01
  3.522677e+00,  7.681523e+00
  2.568100e+00,  3.519260e+02
  2.057593e+00,  3.164355e+02
  2.666557e+00,  2.796810e+02
  3.920051e+00,  2.630412e+02
  5.223200e+00,  2.569170e+02
  6.303323e+00,  2.552998e+02
  7.015687e+00,  2.561284e+02
  7.288604e+00,  2.587725e+02
  7.118776e+00,  2.632608e+02
  6.577074e+00,  2.701077e+02
  5.816681e+00,  2.803081e+02
  5.076568e+00,  2.950471e+02
  4.638421e+00,  3.141379e+02
  4.657112e+00,  3.338771e+02
  4.999572e+00,  3.495919e+02
  5.378529e+00,  3.598831e+02
  5.565056e+00,  5.465699e+00
  5.450977e+00,  6.981054e+00
  5.046940e+00,  4.251935e+00
  4.486390e+00,  3.561578e+02
  4.037849e+00,  3.414401e+02
  4.028550e+00,  3.221961e+02
  4.559432e+00,  3.052834e+02
  5.400313e+00,  2.947056e+02
  6.260039e+00,  2.896705e+02
  6.945653e+00,  2.885323e+02
  7.366942e+00,  2.902426e+02
  7.516149e+00,  2.942738e+02
  7.448753e+00,  3.003356e+02
  7.258114e+00,  3.081006e+02
  7.037994e+00,  3.169591e+02
  6.839195e+00,  3.259274e+02
  6.643927e+00,  3.338304e+02
  6.380219e+00,  3.395928e+02
  5.969954e+00,  3.422891e+02
  5.386153e+00,  3.408334e+02
  4.710767e+00,  3.335215e+02
  4.194845e+00,  3.184177e+02
  4.218966e+00,  2.973258e+02
  4.938259e+00,  2.782886e+02
  6.087878e+00,  2.658852e+02
  7.310376e+00,  2.587968e+02
  8.345919e+00,  2.549266e+02
  9.030674e+00,  2.529477e+02
  9.276337e+00,  2.521122e+02
  9.059021e+00,  2.519671e+02
  8.410687e+00,  2.521675e+02
  7.408884e+00,  2.523298e+02
  6.164962e+00,  2.518375e+02
  4.815460e+00,  2.494450e+02
  3.531124e+00,  2.423581e+02
  2.578818e+00,  2.250870e+02
  2.365721e+00,  1.971405e+02
  2.948410e+00,  1.762633e+02
  3.895986e+00,  1.680294e+02
  4.917636e+00,  1.664548e+02
  5.875870e+00,  1.676487e+02
  6.672163e+00,  1.697885e+02
  7.213948e+00,  1.719873e+02
  7.418251e+00,  1.737593e+02
  7.226492e+00,  1.747476e+02
  6.620113e+00,  1.745177e+02
  5.634329e+00,  1.722569e+02
  4.376650e+00,  1.660419e+02
  3.085861e+00,  1.507079e+02
  2.332623e+00,  1.166660e+02
  2.777499e+00,  7.871728e+01
  3.881114e+00,  5.994711e+01
  4.959954e+00,  5.219884e+01
  5.735475e+00,  4.911912e+01
  6.097933e+00,  4.838247e+01
  6.022696e+00,  4.912221e+01
  5.546569e+00,  5.104308e+01
  4.753568e+00,  5.414627e+01
  3.759441e+00,  5.867074e+01
  2.693508e+00,  6.517032e+01
  1.678619e+00,  7.485089e+01
  8.113877e-01,  9.135464e+01
  1.945315e-01,  1.533164e+02
  4.901773e-01,  2.701265e+02
  1.001878e+00,  2.990695e+02
  1.606719e+00,  3.195305e+02
  2.331415e+00,  3.349575e+02
  3.123701e+00,  3.465965e+02
  3.886341e+00,  3.557327e+02
  4.513064e+00,  3.423289e+00
  4.913610e+00,  1.050028e+01
  5.031683e+00,  1.770726e+01
  4.858724e+00,  2.587100e+01
  4.446007e+00,  3.610319e+01
  3.918171e+00,  4.993203e+01
  3.479661e+00,  6.868122e+01
  3.352013e+00,  9.091180e+01
  3.591345e+00,  1.112285e+02
  4.021338e+00,  1.257888e+02
  4.413001e+00,  1.347256e+02
  4.612683e+00,  1.392487e+02
  4.558463e+00,  1.400142e+02
  4.274367e+00,  1.368739e+02
  3.871785e+00,  1.289955e+02
  3.547368e+00,  1.157078e+02
  3.516602e+00,  9.893620e+01
  3.841169e+00,  8.383297e+01
  4.369218e+00,  7.385284e+01
  4.892605e+00,  6.893621e+01
  5.263603e+00,  6.799897e+01
  5.413646e+00,  7.030661e+01
  5.345607e+00,  7.562285e+01
  5.124473e+00,  8.403354e+01
  4.862913e+00,  9.560227e+01
  4.688312e+00,  1.097926e+02
  4.683032e+00,  1.250423e+02
  4.831565e+00,  1.393509e+02
  5.032208e+00,  1.514677e+02
  5.158693e+00,  1.611985e+02
  5.110482e+00,  1.688968e+02
  4.833411e+00,  1.749893e+02
  4.318684e+00,  1.797695e+02
  3.596748e+00,  1.833068e+02
  2.729625e+00,  1.852631e+02
  1.804098e+00,  1.841532e+02
  9.403728e-01,  1.730936e+02
  4.753871e-01,  1.160899e+02
  8.080499e-01,  6.775308e+01
  1.160919e+00,  6.056981e+01
  1.292456e+00,  6.361843e+01
  1.191925e+00,  7.350863e+01
  9.445873e-01,  9.540104e+01
  8.405203e-01,  1.393421e+02
  1.225240e+00,  1.806557e+02
  1.900033e+00,  2.016503e+02
  2.620895e+00,  2.136439e+02
  3.260475e+00,  2.223137e+02
  3.738837e+00,  2.297659e+02
  4.006768e+00,  2.369966e+02
  4.044810e+00,  2.446831e+02
  3.865269e+00,  2.535108e+02
  3.515581e+00,  2.643897e+02
  3.083732e+00,  2.785908e+02
  2.701767e+00,  2.973935e+02
  2.518967e+00,  3.202352e+02
  2.601918e+00,  3.428678e+02
  2.858540e+00,  9.706381e-01
  3.128441e+00,  1.385744e+01
  3.285942e+00,  2.262166e+01
  3.261481e+00,  2.817134e+01
  3.034435e+00,  3.070316e+01
  2.629512e+00,  2.945003e+01
  2.128071e+00,  2.201763e+01
  1.711447e+00,  3.885734e+00
  1.674794e+00,  3.359541e+02
  2.102673e+00,  3.138458e+02
  2.741216e+00,  3.028383e+02
  3.368955e+00,  2.982934e+02
  3.863024e+00,  2.969056e+02
  4.151816e+00,  2.970590e+02
  4.193839e+00,  2.978921e+02
  3.971132e+00,  2.988102e+02
  3.487659e+00,  2.991808e+02
  2.770873e+00,  2.978744e+02
  1.883271e+00,  2.916208e+02
  1.015729e+00,  2.652115e+02
  1.039904e+00,  1.964649e+02
  2.009815e+00,  1.700206e+02
  3.079635e+00,  1.634775e+02
  4.033847e+00,  1.617697e+02
  4.775318e+00,  1.617214e+02
  5.239119e+00,  1.623483e+02
  5.386154e+00,  1.632587e+02
  5.205184e+00,  1.642765e+02
  4.714443e+00,  1.653327e+02
  3.961145e+00,  1.664553e+02
  3.018608e+00,  1.678645e+02
  1.981705e+00,  1.704431e+02
  9.674392e-01,  1.789583e+02
  3.167240e-01,  2.513239e+02
  8.285695e-01,  3.106777e+02
  1.306836e+00,  3.119253e+02
  1.577690e+00,  3.023152e+02
  1.760546e+00,  2.842409e+02
  2.105091e+00,  2.608487e+02
  2.800773e+00,  2.400685e+02
  3.806248e+00,  2.257182e+02
  4.957829e+00,  2.163722e+02
  6.081475e+00,  2.100234e+02
  7.022437e+00,  2.053796e+02
  7.655416e+00,  2.016886e+02
  7.893814e+00,  1.984896e+02
  7.697463e+00,  1.954585e+02
  7.076696e+00,  1.923080e+02
  6.091970e+00,  1.886940e+02
  4.849299e+00,  1.840728e+02
  3.491263e+00,  1.772886e+02
  2.193273e+00,  1.652096e+02
  1.198452e+00,  1.377766e+02
  8.880509e-01,  8.511801e+01
  1.039402e+00,  5.043393e+01
  9.925962e-01,  3.558270e+01
  5.567180e-01,  2.720042e+01
  2.655957e-01,  2.052518e+02
  1.397826e+00,  1.993275e+02
  2.724227e+00,  1.955137e+02
  4.107570e+00,  1.919690e+02
  5.408985e+00,  1.883420e+02
  6.506653e+00,  1.843838e+02
  7.313184e+00,  1.798482e+02
  7.789688e+00,  1.744585e+02
  7.954587e+00,  1.679040e+02
  7.884636e+00,  1.598871e+02
  7.703708e+00,  1.502661e+02
  7.552462e+00,  1.393037e+02
  7.537603e+00,  1.278467e+02
  7.683604e+00,  1.171076e+02
  7.926921e+00,  1.080934e+02
  8.158149e+00,  1.012479e+02
  8.273904e+00,  9.654217e+01
  8.208690e+00,  9.372332e+01
  7.938498e+00,  9.248093e+01
  7.472238e+00,  9.249598e+01
  6.838145e+00,  9.342731e+01
  6.069762e+00,  9.487360e+01
  5.195895e+00,  9.632223e+01
  4.237895e+00,  9.705539e+01
  3.216084e+00,  9.586351e+01
  2.168761e+00,  8.987570e+01
  1.222220e+00,  6.850932e+01
  9.494650e-01,  7.778272e+00
  1.631723e+00,  3.293722e+02
  2.449541e+00,  3.156308e+02
  3.128975e+00,  3.074272e+02
  3.595981e+00,  2.999697e+02
  3.842149e+00,  2.914844e+02
  3.914593e+00,  2.809661e+02
  3.911152e+00,  2.679419e+02
  3.951504e+00,  2.529096e+02
  4.112672e+00,  2.375920e+02
  4.370861e+00,  2.240205e+02
  4.614244e+00,  2.133061e+02
  4.707121e+00,  2.056128e+02
  4.544139e+00,  2.008745e+02
  4.080780e+00,  1.994891e+02
  3.360016e+00,  2.032217e+02
  2.577851e+00,  2.169363e+02
  2.232482e+00,  2.462135e+02
  2.788900e+00,  2.747066e+02
  3.874181e+00,  2.873482e+02
  5.011843e+00,  2.900655e+02
  5.974152e+00,  2.875016e+02
  6.678608e+00,  2.813360e+02
  7.149366e+00,  2.720654e+02
  7.504460e+00,  2.599397e+02
  7.919486e+00,  2.456050e+02
  8.545265e+00,  2.303935e+02
  9.416205e+00,  2.158494e+02
  1.042891e+01,  2.029218e+02
  1.140078e+01,  1.917492e+02
  1.214371e+01,  1.819907e+02
  1.251240e+01,  1.731590e+02
  1.242749e+01,  1.647698e+02
  1.188244e+01,  1.563709e+02
  1.093902e+01,  1.475280e+02
  9.713457e+00,  1.378094e+02
  8.354146e+00,  1.268059e+02
  7.010969e+00,  1.142368e+02
  5.796709e+00,  1.001768e+02
  4.749261e+00,  8.530705e+01
  3.819113e+00,  7.089534e+01
  2.901385e+00,  5.839346e+01
  1.903000e+00,  4.955275e+01
  8.090449e-01,  5.246027e+01
  5.634328e-01,  1.683709e+02
  1.721811e+00,  1.839238e+02
  2.818867e+00,  1.816125e+02
  3.688319e+00,  1.774440e+02
  4.225095e+00,  1.728920e+02
  4.365075e+00,  1.681827e+02
  4.093820e+00,  1.632211e+02
  3.450216e+00,  1.576553e+02
  2.523878e+00,  1.505139e+02
  1.453433e+00,  1.380201e+02
  5.397420e-01,  8.961816e+01
  9.126293e-01,  1.039638e+00
  1.617250e+00,  3.418173e+02
  2.036787e+00,  3.329738e+02
  2.091427e+00,  3.263640e+02
  1.782627e+00,  3.201441e+02
  1.166947e+00,  3.129080e+02
  3.512693e-01,  2.951184e+02
  5.858568e-01,  1.369353e+02
  1.443741e+00,  1.241545e+02
  2.139342e+00,  1.150688e+02
  2.583851e+00,  1.050945e+02
  2.749474e+00,  9.265385e+01
  2.690259e+00,  7.598105e+01
  2.563266e+00,  5.324366e+01
  2.601625e+00,  2.515306e+01
  2.943432e+00,  3.572152e+02
  3.491850e+00,  3.336826e+02
  4.054897e+00,  3.138019e+02
  4.506059e+00,  2.951223e+02
  4.841808e+00,  2.755167e+02
  5.197721e+00,  2.538772e+02
  5.801885e+00,  2.309938e+02
  6.823072e+00,  2.093782e+02
  8.235658e+00,  1.910171e+02
  9.850622e+00,  1.761120e+02
  1.142164e+01,  1.638912e+02
  1.271521e+01,  1.534772e+02
  1.354462e+01,  1.441613e+02
  1.378834e+01,  1.354006e+02
  1.339962e+01,  1.267530e+02
  1.240717e+01,  1.178081e+02
  1.090661e+01,  1.081098e+02
  9.044758e+00,  9.703145e+01
  7.002166e+00,  8.349764e+01
  4.987966e+00,  6.521277e+01
  3.288403e+00,  3.651027e+01
  2.445310e+00,  3.486455e+02
  2.892990e+00,  2.989891e+02
  3.994541e+00,  2.670694e+02
  5.224411e+00,  2.449759e+02
  6.433834e+00,  2.273616e+02
  7.555715e+00,  2.124065e+02
  8.508652e+00,  1.994260e+02
  9.187414e+00,  1.880372e+02
  9.482897e+00,  1.779238e+02
  9.308509e+00,  1.687834e+02
  8.621861e+00,  1.603134e+02
  7.437164e+00,  1.521775e+02
  5.827523e+00,  1.438915e+02
  3.919362e+00,  1.343547e+02
  1.894567e+00,  1.184511e+02
  6.326678e-01,  1.654652e+01
  2.197721e+00,  3.185028e+02
  3.715735e+00,  3.053118e+02
  4.842416e+00,  2.959780e+02
  5.519990e+00,  2.873673e+02
  5.756188e+00,  2.786529e+02
  5.608679e+00,  2.694708e+02
  5.169498e+00,  2.596657e+02
  4.543959e+00,  2.493338e+02
  3.826646e+00,  2.390487e+02
  3.080441e+00,  2.302384e+02
  2.344947e+00,  2.260072e+02
  1.713880e+00,  2.332028e+02
  1.522013e+00,  2.587444e+02
  2.078172e+00,  2.810424e+02
  3.061109e+00,  2.869931e+02
  4.139925e+00,  2.847356e+02
  5.131109e+00,  2.787634e+02
  5.916284e+00,  2.705246e+02
  6.432141e+00,  2.602948e+02
  6.684522e+00,  2.478537e+02
  6.761585e+00,  2.328428e+02
  6.826111e+00,  2.152337e+02
  7.058792e+00,  1.959106e+02
  7.553311e+00,  1.766457e+02
  8.248148e+00,  1.590209e+02
  8.967695e+00,  1.435599e+02
  9.513839e+00,  1.299330e+02
  9.730198e+00,  1.174891e+02
  9.529399e+00,  1.055336e+02
  8.899377e+00,  9.336843e+01
  7.898908e+00,  8.021040e+01
  6.647280e+00,  6.502344e+01
  5.313308e+00,  4.623946e+01
  4.110572e+00,  2.146578e+01
  3.294718e+00,  3.482815e+02
  3.083454e+00,  3.089916e+02
  3.448662e+00,  2.719931e+02
  4.187117e+00,  2.412784e+02
  5.171438e+00,  2.158497e+02
  6.346618e+00,  1.944353e+02
  7.645987e+00,  1.762430e+02
  8.960781e+00,  1.606208e+02
  1.015305e+01,  1.469384e+02
  1.108356e+01,  1.346058e+02
  1.163944e+01,  1.230887e+02
  1.175552e+01,  1.118977e+02
  1.142711e+01,  1.005625e+02
  1.071292e+01,  8.860740e+01
  9.727379e+00,  7.554931e+01
  8.620833e+00,  6.095633e+01
  7.545604e+00,  4.461658e+01
  6.608836e+00,  2.678815e+01
  5.829545e+00,  8.266519e+00
  5.136445e+00,  3.499528e+02
  4.421704e+00,  3.321475e+02
  3.612522e+00,  3.140457e+02
  2.721799e+00,  2.931023e+02
  1.897763e+00,  2.631050e+02
  1.514726e+00,  2.164932e+02
  1.815074e+00,  1.722868e+02
  2.350953e+00,  1.453279e+02
  2.743179e+00,  1.270320e+02
  2.855625e+00,  1.114206e+02
  2.677712e+00,  9.506031e+01
  2.301234e+00,  7.443709e+01
  1.945630e+00,  4.522133e+01
  1.923653e+00,  8.815436e+00
  2.300177e+00,  3.378446e+02
  2.796672e+00,  3.166826e+02
  3.152761e+00,  3.015039e+02
  3.224494e+00,  2.890556e+02
  2.955965e+00,  2.772178e+02
  2.364289e+00,  2.637163e+02
  1.550563e+00,  2.429558e+02
  8.768716e-01,  1.910359e+02
  1.288069e+00,  1.209387e+02
  2.238646e+00,  9.256226e+01
  3.137643e+00,  7.563065e+01
  3.854589e+00,  6.088048e+01
  4.378726e+00,  4.575665e+01
  4.775279e+00,  2.936639e+01
  5.153386e+00,  1.182972e+01
  5.604564e+00,  3.541369e+02
  6.137737e+00,  3.375375e+02
  6.664812e+00,  3.227679e+02
  7.041838e+00,  3.098376e+02
  7.124210e+00,  2.982869e+02
  6.807372e+00,  2.874200e+02
  6.051305e+00,  2.762858e+02
  4.897662e+00,  2.632400e+02
  3.504282e+00,  2.442858e+02
  2.315005e+00,  2.078823e+02
  2.368034e+00,  1.515957e+02
  3.603906e+00,  1.167288e+02
  5.008583e+00,  9.818457e+01
  6.172729e+00,  8.505127e+01
  6.953922e+00,  7.357403e+01
  7.323186e+00,  6.217880e+01
  7.332893e+00,  4.997469e+01
  7.097014e+00,  3.641274e+01
  6.758035e+00,  2.135183e+01
  6.433366e+00,  5.252778e+00
  6.157985e+00,  3.491191e+02
  5.866575e+00,  3.339593e+02
  5.436590e+00,  3.201945e+02
  4.756304e+00,  3.074544e+02
  3.775652e+00,  2.943948e+02
  2.543639e+00,  2.770503e+02
  1.370749e+00,  2.375487e+02
  1.581706e+00,  1.619138e+02
  2.955746e+00,  1.313436e+02
  4.358850e+00,  1.185810e+02
  5.497372e+00,  1.106996e+02
  6.242739e+00,  1.048167e+02
  6.536126e+00,  9.997296e+01
  6.378383e+00,  9.574988e+01
  5.824844e+00,  9.193351e+01
  4.976002e+00,  8.841745e+01
  3.963336e+00,  8.519770e+01
  2.931637e+00,  8.246273e+01
  2.020385e+00,  8.088872e+01
  1.348626e+00,  8.224554e+01
  1.007127e+00,  8.858509e+01
  1.033524e+00,  9.542643e+01
  1.377181e+00,  9.596181e+01
  1.949706e+00,  9.255682e+01
  2.646550e+00,  8.845429e+01
  3.341969e+00,  8.468492e+01
  3.904044e+00,  8.137505e+01
  4.215179e+00,  7.844164e+01
  4.190157e+00,  7.577610e+01
  3.789197e+00,  7.327039e+01
  3.024585e+00,  7.078902e+01
  1.960255e+00,  6.803580e+01
  7.047680e-01,  6.279235e+01
  6.133729e-01,  2.516527e+02
  1.828446e+00,  2.459099e+02
  2.806088e+00,  2.433678e+02
  3.425593e+00,  2.412862e+02
  3.607954e+00,  2.393805e+02
  3.325324e+00,  2.376086e+02
  2.605043e+00,  2.360915e+02
  1.526821e+00,  2.356121e+02
  2.324570e-01,  2.576083e+02
  1.212620e+00,  4.098773e+01
  2.562277e+00,  4.058865e+01
  3.717027e+00,  3.756763e+01
  4.572253e+00,  3.319890e+01
  5.077315e+00,  2.734229e+01
  5.250042e+00,  1.949980e+01
  5.187677e+00,  9.009808e+00
  5.063760e+00,  3.554706e+02
  5.081664e+00,  3.396611e+02
  5.364225e+00,  3.240030e+02
  5.866379e+00,  3.110298e+02
  6.423343e+00,  3.017107e+02
  6.859173e+00,  2.957764e+02
  7.049059e+00,  2.926697e+02
  6.936782e+00,  2.920095e+02
  6.531231e+00,  2.936928e+02
  5.898143e+00,  2.978960e+02
  5.148266e+00,  3.050252e+02
  4.417996e+00,  3.154888e+02
  3.832626e+00,  3.290647e+02
  3.446799e+00,  3.441284e+02
  3.202975e+00,  3.581179e+02
  2.972190e+00,  9.232662e+00
  2.639701e+00,  1.694044e+01
  2.152562e+00,  2.095099e+01
  1.527355e+00,  1.938994e+01
  8.785997e-01,  2.309590e+00
  6.893602e-01,  3.037714e+02
  1.236497e+00,  2.703996e+02
  1.884371e+00,  2.635429e+02
  2.420783e+00,  2.636344e+02
  2.781502e+00,  2.663530e+02
  2.940678e+00,  2.704310e+02
  2.892938e+00,  2.753495e+02
  2.645715e+00,  2.808175e+02
  2.214099e+00,  2.866149e+02
  1.617896e+00,  2.925202e+02
  8.812127e-01,  2.981387e+02
  3.716603e-02,  2.789522e+02
  8.891926e-01,  1.320937e+02
  1.838837e+00,  1.370947e+02
  2.757069e+00,  1.421940e+02
  3.576836e+00,  1.471350e+02
  4.229357e+00,  1.519271e+02
  4.652427e+00,  1.566523e+02
  4.799060e+00,  1.614493e+02
  4.645117e+00,  1.665398e+02
  4.195107e+00,  1.723173e+02
  3.486659e+00,  1.795960e+02
  2.598323e+00,  1.904280e+02
  1.687541e+00,  2.112496e+02
  1.183356e+00,  2.579610e+02
  1.596864e+00,  3.054055e+02
  2.367790e+00,  3.262647e+02
  3.051516e+00,  3.363273e+02
  3.504801e+00,  3.420899e+02
  3.671761e+00,  3.453190e+02
  3.542414e+00,  3.461817e+02
  3.151095e+00,  3.437274e+02
  2.598211e+00,  3.352724e+02
  2.122215e+00,  3.156898e+02
  2.148958e+00,  2.858025e+02
  2.833012e+00,  2.628165e+02
  3.849753e+00,  2.514996e+02
  4.909759e+00,  2.465521e+02
  5.837243e+00,  2.445576e+02
  6.508561e+00,  2.439032e+02
  6.831408e+00,  2.437557e+02
  6.744685e+00,  2.435772e+02
  6.224772e+00,  2.428581e+02
  5.293531e+00,  2.408191e+02
  4.031165e+00,  2.356599e+02
  2.627258e+00,  2.215617e+02
  1.696359e+00,  1.794123e+02
  2.348553e+00,  1.295024e+02
  3.752728e+00,  1.114779e+02
  5.094416e+00,  1.052299e+02
  6.120226e+00,  1.029993e+02
  6.717163e+00,  1.026477e+02
  6.843188e+00,  1.034970e+02
  6.517362e+00,  1.054038e+02
  5.815507e+00,  1.085433e+02
  4.862586e+00,  1.134144e+02
  3.820628e+00,  1.209466e+02
  2.870307e+00,  1.324553e+02
  2.170186e+00,  1.483663e+02
  1.761600e+00,  1.646904e+02
  1.512731e+00,  1.730446e+02
  1.311693e+00,  1.656399e+02
  1.344835e+00,  1.396590e+02
  1.912176e+00,  1.142286e+02
  2.880265e+00,  1.014055e+02
  3.975900e+00,  9.573768e+01
  4.982399e+00,  9.325468e+01
  5.722876e+00,  9.235801e+01
  6.058466e+00,  9.245089e+01
  5.898515e+00,  9.340838e+01
  5.211024e+00,  9.550525e+01
  4.031650e+00,  9.985221e+01
  2.490537e+00,  1.111536e+02
  1.162187e+00,  1.617078e+02
  2.164170e+00,  2.336438e+02
  4.082827e+00,  2.496181e+02
  5.917127e+00,  2.551751e+02
  7.443425e+00,  2.578788e+02
  8.542230e+00,  2.593141e+02
  9.156117e+00,  2.599204e+02
  9.286983e+00,  2.597480e+02
  8.993952e+00,  2.586181e+02
  8.388720e+00,  2.561426e+02
  7.629696e+00,  2.517364e+02
  6.914233e+00,  2.447915e+02
  6.455758e+00,  2.352738e+02
  6.419456e+00,  2.245519e+02
  6.836394e+00,  2.150281e+02
  7.594140e+00,  2.082855e+02
  8.520523e+00,  2.043537e+02
  9.449061e+00,  2.024878e+02
  1.023459e+01,  2.018861e+02
  1.075305e+01,  2.019237e+02
  1.090544e+01,  2.021498e+02
  1.062706e+01,  2.022158e+02
  9.897825e+00,  2.017879e+02
  8.750438e+00,  2.004273e+02
  7.275927e+00,  1.973773e+02
  5.632323e+00,  1.910801e+02
  4.075671e+00,  1.781056e+02
  3.037951e+00,  1.531086e+02
  2.962801e+00,  1.216263e+02
  3.544004e+00,  1.014310e+02
  4.144443e+00,  9.303111e+01
  4.461114e+00,  9.162554e+01
  4.432627e+00,  9.521636e+01
  4.139859e+00,  1.037607e+02
  3.775768e+00,  1.180094e+02
  3.596531e+00,  1.373843e+02
  3.757795e+00,  1.576515e+02
  4.158585e+00,  1.741302e+02
  4.553434e+00,  1.859159e+02
  4.730213e+00,  1.942312e+02
  4.563277e+00,  2.003904e+02
  4.010531e+00,  2.053940e+02
  3.102591e+00,  2.101882e+02
  1.932471e+00,  2.166807e+02
  6.737424e-01,  2.388383e+02
  7.929195e-01,  5.751405e+00
  1.875522e+00,  2.230518e+01
  2.679199e+00,  2.717837e+01
  3.072036e+00,  2.997503e+01
  2.996522e+00,  3.205663e+01
  2.453813e+00,  3.386591e+01
  1.501433e+00,  3.572580e+01
  2.464312e-01,  4.103986e+01
  1.170808e+00,  2.171219e+02
  2.586358e+00,  2.193275e+02
  3.840943e+00,  2.213667e+02
  4.795046e+00,  2.236639e+02
  5.347841e+00,  2.264551e+02
  5.450770e+00,  2.300517e+02
  5.116058e+00,  2.349746e+02
  4.421295e+00,  2.422047e+02
  3.515962e+00,  2.537485e+02
  2.644647e+00,  2.735307e+02
  2.166580e+00,  3.047660e+02
  2.279054e+00,  3.371654e+02
  2.649280e+00,  3.590729e+02
  2.886704e+00,  1.331085e+01
  2.812608e+00,  2.469538e+01
  2.398384e+00,  3.716772e+01
  1.751376e+00,  5.727002e+01
  1.282439e+00,  1.002798e+02
  1.710210e+00,  1.500982e+02
  2.688946e+00,  1.735431e+02
  3.677543e+00,  1.849882e+02
  4.450637e+00,  1.922083e+02
  4.895595e+00,  1.977622e+02
  4.965528e+00,  2.027511e+02
  4.671497e+00,  2.078548e+02
  4.077315e+00,  2.137025e+02
  3.290221e+00,  2.210975e+02
  2.445764e+00,  2.312242e+02
  1.683069e+00,  2.456087e+02
  1.095260e+00,  2.645220e+02
  6.461218e-01,  2.818955e+02
  2.148838e-01,  2.576870e+02
  6.674274e-01,  1.684503e+02
  1.689319e+00,  1.674071e+02
  2.975244e+00,  1.707196e+02
  4.407015e+00,  1.738657e+02
  5.837343e+00,  1.764481e+02
  7.104296e+00,  1.785095e+02
  8.052571e+00,  1.801342e+02
  8.554674e+00,  1.813778e+02
  8.528317e+00,  1.822446e+02
  7.947626e+00,  1.826556e+02
  6.846984e+00,  1.823632e+02
  5.318898e+00,  1.806760e+02
  3.514938e+00,  1.752784e+02
  1.725998e+00,  1.539900e+02
  1.359875e+00,  7.404205e+01
  2.844041e+00,  4.178976e+01
  4.333870e+00,  3.466809e+01
  5.487258e+00,  3.262275e+01
  6.215525e+00,  3.225610e+01
  6.502020e+00,  3.249578e+01
  6.380294e+00,  3.272799e+01
  5.923805e+00,  3.231577e+01
  5.239009e+00,  3.031432e+01
  4.468081e+00,  2.518884e+01
  3.809331e+00,  1.486467e+01
  3.525745e+00,  3.588088e+02
  3.808727e+00,  3.419266e+02
  4.577576e+00,  3.302396e+02
  5.599532e+00,  3.242756e+02
  6.676174e+00,  3.220477e+02
  7.661867e+00,  3.218941e+02
  8.441553e+00,  3.228045e+02
  8.921952e+00,  3.241910e+02
  9.033937e+00,  3.256914e+02
  8.739148e+00,  3.270419e+02
  8.036360e+00,  3.279737e+02
  6.965530e+00,  3.280819e+02
  5.610281e+00,  3.265479e+02
  4.106557e+00,  3.213319e+02
  2.695571e+00,  3.064771e+02
  1.946227e+00,  2.699081e+02
  2.433604e+00,  2.324059e+02
  3.454522e+00,  2.177389e+02
  4.422914e+00,  2.140965e+02
  5.172656e+00,  2.151087e+02
  5.671018e+00,  2.185550e+02
  5.935543e+00,  2.234453e+02
  6.002703e+00,  2.291198e+02
  5.907500e+00,  2.349433e+02
  5.670964e+00,  2.401921e+02
  5.299645e+00,  2.439958e+02
  4.800477e+00,  2.452259e+02
  4.212934e+00,  2.422426e+02
  3.662649e+00,  2.327164e+02
  3.415140e+00,  2.153449e+02
  3.754591e+00,  1.951290e+02
  4.656502e+00,  1.799403e+02
  5.843952e+00,  1.709733e+02
  7.049615e+00,  1.659879e+02
  8.073700e+00,  1.631332e+02
  8.769023e+00,  1.613066e+02
  9.033990e+00,  1.598257e+02
  8.814280e+00,  1.581710e+02
  8.107444e+00,  1.557895e+02
  6.969157e+00,  1.518405e+02
  5.526803e+00,  1.446419e+02
  4.026391e+00,  1.302308e+02
  2.983169e+00,  1.010514e+02
  3.102967e+00,  6.291370e+01
  4.095851e+00,  3.892086e+01
  5.163664e+00,  2.706431e+01
  5.906420e+00,  2.061758e+01
  6.156779e+00,  1.657013e+01
  5.858155e+00,  1.358389e+01
  5.030157e+00,  1.086866e+01
  3.755104e+00,  7.551126e+00
  2.171223e+00,  1.088300e+00
  5.787795e-01,  3.202409e+02
  1.458314e+00,  2.086523e+02
  2.971489e+00,  1.977452e+02
  4.165612e+00,  1.932620e+02
  4.909032e+00,  1.896907e+02
  5.144114e+00,  1.856823e+02
  4.884496e+00,  1.801417e+02
  4.229715e+00,  1.712709e+02
  3.407676e+00,  1.554660e+02
  2.869856e+00,  1.280961e+02
  3.136059e+00,  9.624740e+01
  4.069401e+00,  7.524259e+01
  5.163096e+00,  6.445950e+01
  6.100819e+00,  5.923638e+01
  6.731329e+00,  5.711008e+01
  6.998053e+00,  5.698101e+01
  6.908864e+00,  5.834963e+01
  6.517448e+00,  6.096926e+01
  5.904972e+00,  6.466280e+01
  5.160116e+00,  6.917695e+01
  4.359746e+00,  7.401804e+01
  3.555959e+00,  7.823733e+01
  2.778496e+00,  8.007109e+01
  2.064453e+00,  7.607283e+01
  1.535876e+00,  5.983945e+01
  1.466836e+00,  3.091882e+01
  1.908683e+00,  9.685573e+00
  2.547615e+00,  1.429737e+00
  3.156188e+00,  8.093874e-02
  3.625362e+00,  2.438993e+00
  3.914329e+00,  7.455176e+00
  4.041558e+00,  1.494786e+01
  4.082077e+00,  2.486803e+01
  4.144705e+00,  3.659510e+01
  4.314250e+00,  4.848259e+01
  4.588719e+00,  5.842087e+01
  4.876949e+00,  6.494028e+01
  5.058878e+00,  6.740951e+01
  5.053591e+00,  6.541354e+01
  4.873518e+00,  5.819182e+01
  4.672030e+00,  4.475112e+01
  4.745327e+00,  2.565747e+01
  5.354688e+00,  5.292088e+00
  6.468368e+00,  3.484198e+02
  7.818704e+00,  3.358854e+02
  9.108452e+00,  3.263822e+02
  1.009598e+01,  3.185521e+02
  1.061074e+01,  3.113998e+02
  1.055923e+01,  3.041512e+02
  9.931952e+00,  2.960414e+02
  8.811970e+00,  2.860659e+02
  7.389741e+00,  2.726247e+02
  5.994376e+00,  2.532096e+02
  5.106430e+00,  2.259202e+02
  5.100879e+00,  1.953100e+02
  5.760920e+00,  1.698033e+02
  6.544315e+00,  1.505486e+02
  7.087909e+00,  1.345922e+02
  7.272233e+00,  1.192369e+02
  7.173458e+00,  1.024818e+02
  7.030078e+00,  8.311528e+01
  7.160490e+00,  6.164323e+01
  7.764080e+00,  4.073935e+01
  8.758707e+00,  2.306302e+01
  9.866081e+00,  9.261725e+00
  1.079033e+01,  3.586610e+02
  1.130853e+01,  3.503964e+02
  1.129158e+01,  3.438251e+02
  1.070196e+01,  3.385652e+02
  9.584135e+00,  3.344724e+02
  8.050986e+00,  3.316741e+02
  6.268816e+00,  3.307637e+02
  4.448044e+00,  3.334494e+02
  2.865296e+00,  3.445263e+02
  1.967993e+00,  1.278617e+01
  2.087267e+00,  4.409767e+01
  2.627747e+00,  5.540008e+01
  3.100755e+00,  5.358029e+01
  3.455775e+00,  4.483786e+01
  3.796566e+00,  3.240438e+01
  4.221029e+00,  1.917157e+01
  4.731541e+00,  7.573641e+00
  5.239077e+00,  3.588268e+02
  5.628681e+00,  3.531655e+02
  5.818824e+00,  3.505178e+02
  5.793811e+00,  3.508941e+02
  5.614442e+00,  3.544078e+02
  5.404900e+00,  9.392626e-01
  5.301141e+00,  9.519562e+00
  5.363957e+00,  1.813344e+01
  5.525136e+00,  2.468018e+01
  5.629779e+00,  2.799832e+01
  5.524404e+00,  2.768923e+01
  5.121474e+00,  2.330142e+01
  4.441576e+00,  1.346370e+01
  3.674653e+00,  3.549696e+02
  3.275723e+00,  3.246969e+02
  3.724969e+00,  2.911078e+02
  4.735693e+00,  2.664323e+02
  4.253560e+00,  2.482553e+02
##END=
