##TITLE= E:\桌面\nmr\ogm\sjd\matlabcod\1\4_22_xjhsjd
##JCAMP-DX= 5.00 Bruker JCAMP library
##DATA TYPE= Shape Data
##ORIGIN= Colm's GRAPE Pulses 
##OWNER= Dawei.Lu
##DATE= 02-Aug-2025
##TIME= 11:46
##MINX= 1.768328e-01
##MAXX= 1.163703e+01
##MINY= 2.295413e-02
##MAXY= 3.593398e+02
##$SHAPE_EXMODE= None
##$SHAPE_TOTROT= 9.000000e+01
##$SHAPE_BWFAC= 1.000000e+00
##$SHAPE_INTEGFAC= 1.000000e+00
##$SHAPE_MODE= 1
##PULSE_WIDTH= 5000
##Calibration_Power= 12500
##NPOINTS= 1000
##XYPOINTS= (XY..XY)
  1.213079e+00,  1.532194e+02
  2.704624e+00,  1.374423e+02
  4.994893e+00,  1.291714e+02
  6.357950e+00,  1.230383e+02
  7.009157e+00,  1.185445e+02
  6.959082e+00,  1.146126e+02
  6.270607e+00,  1.105783e+02
  5.082116e+00,  1.056752e+02
  3.599885e+00,  9.824945e+01
  2.104564e+00,  8.275025e+01
  1.131197e+00,  3.754804e+01
  1.400446e+00,  3.421567e+02
  1.918397e+00,  3.246652e+02
  2.048732e+00,  3.220546e+02
  1.760546e+00,  3.305287e+02
  1.378151e+00,  2.322042e-01
  1.721896e+00,  4.510112e+01
  2.812806e+00,  6.701935e+01
  4.045289e+00,  7.479779e+01
  5.078898e+00,  7.734216e+01
  5.707713e+00,  7.746314e+01
  5.808609e+00,  7.603524e+01
  5.340440e+00,  7.312214e+01
  4.349150e+00,  6.797784e+01
  2.980541e+00,  5.763342e+01
  1.599681e+00,  2.778209e+01
  1.521271e+00,  3.154941e+02
  2.762723e+00,  2.831339e+02
  3.918989e+00,  2.713733e+02
  4.608669e+00,  2.644561e+02
  4.694126e+00,  2.588644e+02
  4.143041e+00,  2.530617e+02
  3.016884e+00,  2.449774e+02
  1.508905e+00,  2.249970e+02
  1.003748e+00,  1.242925e+02
  2.722245e+00,  8.565644e+01
  4.505493e+00,  7.468317e+01
  5.967221e+00,  6.734425e+01
  6.940373e+00,  6.044386e+01
  7.350706e+00,  5.274111e+01
  7.227807e+00,  4.317760e+01
  6.725015e+00,  3.044890e+01
  6.135711e+00,  1.317203e+01
  5.848336e+00,  3.514752e+02
  6.117292e+00,  3.291126e+02
  6.814677e+00,  3.105970e+02
  7.572188e+00,  2.969419e+02
  8.053700e+00,  2.869645e+02
  8.047432e+00,  2.793492e+02
  7.462087e+00,  2.731397e+02
  6.308506e+00,  2.676092e+02
  4.681538e+00,  2.619239e+02
  2.744750e+00,  2.539003e+02
  7.951446e-01,  2.213755e+02
  1.498787e+00,  9.840861e+01
  3.209194e+00,  8.473804e+01
  4.548479e+00,  7.914369e+01
  5.391285e+00,  7.512923e+01
  5.700458e+00,  7.153862e+01
  5.507115e+00,  6.786899e+01
  4.901998e+00,  6.366930e+01
  4.022685e+00,  5.827001e+01
  3.038611e+00,  5.041751e+01
  2.138602e+00,  3.770931e+01
  1.515136e+00,  1.731295e+01
  1.266975e+00,  3.538137e+02
  1.244324e+00,  3.408727e+02
  1.268672e+00,  3.432767e+02
  1.370476e+00,  3.577013e+02
  1.661478e+00,  1.545132e+01
  2.116726e+00,  2.908762e+01
  2.592696e+00,  3.818775e+01
  2.943059e+00,  4.486251e+01
  3.065857e+00,  5.110285e+01
  2.923876e+00,  5.893292e+01
  2.574721e+00,  7.133298e+01
  2.234645e+00,  9.265357e+01
  2.296418e+00,  1.217747e+02
  2.925988e+00,  1.449216e+02
  3.842012e+00,  1.569986e+02
  4.739097e+00,  1.618381e+02
  5.424941e+00,  1.623173e+02
  5.794388e+00,  1.596337e+02
  5.819194e+00,  1.540151e+02
  5.551838e+00,  1.450664e+02
  5.131313e+00,  1.320133e+02
  4.771663e+00,  1.144146e+02
  4.684116e+00,  9.368776e+01
  4.923367e+00,  7.331531e+01
  5.335820e+00,  5.583807e+01
  5.694364e+00,  4.126333e+01
  5.825537e+00,  2.832610e+01
  5.651170e+00,  1.549066e+01
  5.197538e+00,  1.038095e+00
  4.607396e+00,  3.428990e+02
  4.149378e+00,  3.193626e+02
  4.127475e+00,  2.922555e+02
  4.604971e+00,  2.676758e+02
  5.331007e+00,  2.488974e+02
  6.002730e+00,  2.348273e+02
  6.412902e+00,  2.235207e+02
  6.455674e+00,  2.134635e+02
  6.110426e+00,  2.034672e+02
  5.431454e+00,  1.922980e+02
  4.547045e+00,  1.782409e+02
  3.670394e+00,  1.587492e+02
  3.100111e+00,  1.319049e+02
  3.059766e+00,  1.022244e+02
  3.406161e+00,  7.824755e+01
  3.797060e+00,  6.138111e+01
  3.995981e+00,  4.896717e+01
  3.900756e+00,  3.866580e+01
  3.500232e+00,  2.871640e+01
  2.849427e+00,  1.713086e+01
  2.070055e+00,  2.295413e-02
  1.417212e+00,  3.279606e+02
  1.370931e+00,  2.792434e+02
  1.919563e+00,  2.463240e+02
  2.570209e+00,  2.291131e+02
  3.101768e+00,  2.178986e+02
  3.451886e+00,  2.087100e+02
  3.625547e+00,  1.997801e+02
  3.670910e+00,  1.900841e+02
  3.667530e+00,  1.790340e+02
  3.710389e+00,  1.666502e+02
  3.882024e+00,  1.537682e+02
  4.221736e+00,  1.416851e+02
  4.717755e+00,  1.313294e+02
  5.324170e+00,  1.228478e+02
  5.984199e+00,  1.158370e+02
  6.643637e+00,  1.097175e+02
  7.256064e+00,  1.039437e+02
  7.785682e+00,  9.807228e+01
  8.210149e+00,  9.176822e+01
  8.522979e+00,  8.479856e+01
  8.733893e+00,  7.703286e+01
  8.865409e+00,  6.845477e+01
  8.944789e+00,  5.917531e+01
  8.992450e+00,  4.942813e+01
  9.010696e+00,  3.952868e+01
  8.978068e+00,  2.980228e+01
  8.852524e+00,  2.051403e+01
  8.582049e+00,  1.183508e+01
  8.118010e+00,  3.854265e+00
  7.426763e+00,  3.566221e+02
  6.497296e+00,  3.502185e+02
  5.344942e+00,  3.448726e+02
  4.012972e+00,  3.412859e+02
  2.579731e+00,  3.419937e+02
  1.242249e+00,  1.021802e+00
  1.119776e+00,  7.577768e+01
  2.312102e+00,  9.912753e+01
  3.549412e+00,  1.003434e+02
  4.619553e+00,  9.660927e+01
  5.462918e+00,  9.091971e+01
  6.053956e+00,  8.412665e+01
  6.385584e+00,  7.654220e+01
  6.463647e+00,  6.827994e+01
  6.303653e+00,  5.934197e+01
  5.928870e+00,  4.962358e+01
  5.370042e+00,  3.886283e+01
  4.667855e+00,  2.651009e+01
  3.881182e+00,  1.144027e+01
  3.109256e+00,  3.514242e+02
  2.539487e+00,  3.231669e+02
  2.450567e+00,  2.877733e+02
  2.934194e+00,  2.563492e+02
  3.764239e+00,  2.343319e+02
  4.714700e+00,  2.189481e+02
  5.658277e+00,  2.073666e+02
  6.523220e+00,  1.980357e+02
  7.265401e+00,  1.901423e+02
  7.857306e+00,  1.832319e+02
  8.283030e+00,  1.770249e+02
  8.534902e+00,  1.713265e+02
  8.610806e+00,  1.659749e+02
  8.513311e+00,  1.608104e+02
  8.251702e+00,  1.556590e+02
  7.839838e+00,  1.503107e+02
  7.297001e+00,  1.444980e+02
  6.650167e+00,  1.378740e+02
  5.936520e+00,  1.299865e+02
  5.205992e+00,  1.202601e+02
  4.522812e+00,  1.080420e+02
  3.961984e+00,  9.285623e+01
  3.591069e+00,  7.499530e+01
  3.432867e+00,  5.598151e+01
  3.438885e+00,  3.781851e+01
  3.513452e+00,  2.158807e+01
  3.563310e+00,  7.178249e+00
  3.525709e+00,  3.538961e+02
  3.371978e+00,  3.409301e+02
  3.101497e+00,  3.274679e+02
  2.734251e+00,  3.126138e+02
  2.305359e+00,  2.951463e+02
  1.866701e+00,  2.730149e+02
  1.508229e+00,  2.427901e+02
  1.396059e+00,  2.029081e+02
  1.678761e+00,  1.634755e+02
  2.298735e+00,  1.342863e+02
  3.128937e+00,  1.135775e+02
  4.081421e+00,  9.794140e+01
  5.085487e+00,  8.538230e+01
  6.070497e+00,  7.483399e+01
  6.962101e+00,  6.568031e+01
  7.685770e+00,  5.752223e+01
  8.173325e+00,  5.007037e+01
  8.370418e+00,  4.308805e+01
  8.243684e+00,  3.635386e+01
  7.786404e+00,  2.962761e+01
  7.021525e+00,  2.260470e+01
  6.001554e+00,  1.482979e+01
  4.806301e+00,  5.491848e+00
  3.543287e+00,  3.528460e+02
  2.369603e+00,  3.323955e+02
  1.600688e+00,  2.938325e+02
  1.690079e+00,  2.440763e+02
  2.342699e+00,  2.128648e+02
  3.065748e+00,  1.940978e+02
  3.716270e+00,  1.798981e+02
  4.286270e+00,  1.674772e+02
  4.806353e+00,  1.559836e+02
  5.309722e+00,  1.453139e+02
  5.813579e+00,  1.356257e+02
  6.312886e+00,  1.270739e+02
  6.784243e+00,  1.196877e+02
  7.195022e+00,  1.133586e+02
  7.512532e+00,  1.078901e+02
  7.709083e+00,  1.030163e+02
  7.766402e+00,  9.842495e+01
  7.679079e+00,  9.377412e+01
  7.457400e+00,  8.870495e+01
  7.129439e+00,  8.286094e+01
  6.741135e+00,  7.593563e+01
  6.351594e+00,  6.777395e+01
  6.020156e+00,  5.852675e+01
  5.784926e+00,  4.876754e+01
  5.642147e+00,  3.940352e+01
  5.543138e+00,  3.136867e+01
  5.415055e+00,  2.537188e+01
  5.193214e+00,  2.192501e+01
  4.850970e+00,  2.158017e+01
  4.424714e+00,  2.516981e+01
  4.035623e+00,  3.367568e+01
  3.883733e+00,  4.686319e+01
  4.140405e+00,  6.121458e+01
  4.789713e+00,  7.206756e+01
  5.661872e+00,  7.785544e+01
  6.580153e+00,  7.936418e+01
  7.424062e+00,  7.767634e+01
  8.131720e+00,  7.355511e+01
  8.689927e+00,  6.749627e+01
  9.121883e+00,  5.987562e+01
  9.466727e+00,  5.108472e+01
  9.755188e+00,  4.157617e+01
  9.988763e+00,  3.181754e+01
  1.013170e+01,  2.219248e+01
  1.011975e+01,  1.291442e+01
  9.880815e+00,  3.992634e+00
  9.358622e+00,  3.552331e+02
  8.532970e+00,  3.462244e+02
  7.434941e+00,  3.362498e+02
  6.160300e+00,  3.240539e+02
  4.890272e+00,  3.074406e+02
  3.923145e+00,  2.835562e+02
  3.605277e+00,  2.536395e+02
  3.950044e+00,  2.270632e+02
  4.558906e+00,  2.088164e+02
  5.071096e+00,  1.967841e+02
  5.303833e+00,  1.883821e+02
  5.194492e+00,  1.820703e+02
  4.755157e+00,  1.769760e+02
  4.047719e+00,  1.725326e+02
  3.165930e+00,  1.682359e+02
  2.219345e+00,  1.633403e+02
  1.319699e+00,  1.559276e+02
  5.824106e-01,  1.371712e+02
  2.866440e-01,  6.023844e+01
  4.880245e-01,  1.498833e+01
  5.635569e-01,  4.312250e+00
  4.450387e-01,  3.593398e+02
  1.768328e-01,  3.488731e+02
  2.013661e-01,  2.013953e+02
  5.923153e-01,  1.953011e+02
  9.710433e-01,  1.987622e+02
  1.314299e+00,  2.052145e+02
  1.628778e+00,  2.135366e+02
  1.935839e+00,  2.226560e+02
  2.246407e+00,  2.313108e+02
  2.540253e+00,  2.384470e+02
  2.764829e+00,  2.434759e+02
  2.851498e+00,  2.461211e+02
  2.737957e+00,  2.460188e+02
  2.391986e+00,  2.420641e+02
  1.847851e+00,  2.306689e+02
  1.328650e+00,  2.008461e+02
  1.471522e+00,  1.517855e+02
  2.367098e+00,  1.231503e+02
  3.477395e+00,  1.100933e+02
  4.519197e+00,  1.023548e+02
  5.330931e+00,  9.643923e+01
  5.802140e+00,  9.094338e+01
  5.870157e+00,  8.501550e+01
  5.528086e+00,  7.781518e+01
  4.836166e+00,  6.808456e+01
  3.942489e+00,  5.349664e+01
  3.130113e+00,  3.010263e+01
  2.828407e+00,  3.568446e+02
  3.218429e+00,  3.252758e+02
  3.929496e+00,  3.031885e+02
  4.571817e+00,  2.872249e+02
  4.960895e+00,  2.734615e+02
  5.067116e+00,  2.593514e+02
  4.987028e+00,  2.431078e+02
  4.924354e+00,  2.238984e+02
  5.109348e+00,  2.029832e+02
  5.634132e+00,  1.835353e+02
  6.375105e+00,  1.678184e+02
  7.100820e+00,  1.559314e+02
  7.594398e+00,  1.470063e+02
  7.702249e+00,  1.401832e+02
  7.343886e+00,  1.348576e+02
  6.510308e+00,  1.306677e+02
  5.257351e+00,  1.274799e+02
  3.694621e+00,  1.255380e+02
  1.972734e+00,  1.266744e+02
  3.705068e-01,  1.699332e+02
  1.397917e+00,  2.799468e+02
  2.662765e+00,  2.833913e+02
  3.541424e+00,  2.824795e+02
  3.974146e+00,  2.803867e+02
  3.963068e+00,  2.775204e+02
  3.564700e+00,  2.737197e+02
  2.882152e+00,  2.683387e+02
  2.055452e+00,  2.596655e+02
  1.260491e+00,  2.426691e+02
  7.508613e-01,  2.044669e+02
  7.287204e-01,  1.567289e+02
  8.035578e-01,  1.320797e+02
  6.548787e-01,  1.176657e+02
  2.539373e-01,  8.688738e+01
  5.084427e-01,  3.206944e+02
  1.329855e+00,  3.078664e+02
  2.212206e+00,  3.050416e+02
  3.038716e+00,  3.051740e+02
  3.723732e+00,  3.073555e+02
  4.225768e+00,  3.115561e+02
  4.562286e+00,  3.179518e+02
  4.812242e+00,  3.265386e+02
  5.091159e+00,  3.366831e+02
  5.491156e+00,  3.469527e+02
  6.020016e+00,  3.557067e+02
  6.596545e+00,  1.910062e+00
  7.097251e+00,  5.260097e+00
  7.411265e+00,  5.798892e+00
  7.477682e+00,  3.558957e+00
  7.305964e+00,  3.584169e+02
  6.982530e+00,  3.501515e+02
  6.656112e+00,  3.387718e+02
  6.482850e+00,  3.250944e+02
  6.532157e+00,  3.109369e+02
  6.726159e+00,  2.982048e+02
  6.883526e+00,  2.878387e+02
  6.813993e+00,  2.798484e+02
  6.382065e+00,  2.739074e+02
  5.529959e+00,  2.698062e+02
  4.280001e+00,  2.678484e+02
  2.734377e+00,  2.701849e+02
  1.156651e+00,  2.931006e+02
  1.237579e+00,  2.670294e+01
  2.703839e+00,  4.623773e+01
  3.980127e+00,  4.846790e+01
  4.836738e+00,  4.694400e+01
  5.187354e+00,  4.351351e+01
  5.023603e+00,  3.823638e+01
  4.416795e+00,  3.023509e+01
  3.531948e+00,  1.719539e+01
  2.674631e+00,  3.542349e+02
  2.332034e+00,  3.187426e+02
  2.700573e+00,  2.861726e+02
  3.301676e+00,  2.660648e+02
  3.698247e+00,  2.531836e+02
  3.693760e+00,  2.429299e+02
  3.241224e+00,  2.320823e+02
  2.428100e+00,  2.156728e+02
  1.634747e+00,  1.794617e+02
  1.892386e+00,  1.229893e+02
  3.147338e+00,  9.446638e+01
  4.553759e+00,  8.225909e+01
  5.761934e+00,  7.563732e+01
  6.599090e+00,  7.149376e+01
  6.973353e+00,  6.878603e+01
  6.861131e+00,  6.715998e+01
  6.303580e+00,  6.660730e+01
  5.400247e+00,  6.743323e+01
  4.299239e+00,  7.042159e+01
  3.187422e+00,  7.723561e+01
  2.283207e+00,  9.063656e+01
  1.789548e+00,  1.108767e+02
  1.694546e+00,  1.278376e+02
  1.749777e+00,  1.318858e+02
  1.840900e+00,  1.229777e+02
  2.083261e+00,  1.056685e+02
  2.604172e+00,  8.811591e+01
  3.344111e+00,  7.538855e+01
  4.125028e+00,  6.732073e+01
  4.765511e+00,  6.250154e+01
  5.123016e+00,  6.002287e+01
  5.109833e+00,  5.962033e+01
  4.706098e+00,  6.170093e+01
  3.977590e+00,  6.773906e+01
  3.118814e+00,  8.136859e+01
  2.552847e+00,  1.078937e+02
  2.779881e+00,  1.396037e+02
  3.613071e+00,  1.593311e+02
  4.519746e+00,  1.684115e+02
  5.184903e+00,  1.718886e+02
  5.461388e+00,  1.721114e+02
  5.304265e+00,  1.698268e+02
  4.751606e+00,  1.648165e+02
  3.922336e+00,  1.558114e+02
  3.030225e+00,  1.398777e+02
  2.409894e+00,  1.133228e+02
  2.358690e+00,  8.152071e+01
  2.691937e+00,  5.782125e+01
  2.983726e+00,  4.314903e+01
  2.984065e+00,  3.324721e+01
  2.607735e+00,  2.505161e+01
  1.877632e+00,  1.547648e+01
  9.323162e-01,  3.532529e+02
  6.826078e-01,  2.569545e+02
  1.686565e+00,  2.213134e+02
  2.653243e+00,  2.123816e+02
  3.316520e+00,  2.083766e+02
  3.552201e+00,  2.066170e+02
  3.302046e+00,  2.070191e+02
  2.585516e+00,  2.115024e+02
  1.573402e+00,  2.297701e+02
  1.220087e+00,  2.948894e+02
  2.493127e+00,  3.334534e+02
  4.147876e+00,  3.424088e+02
  5.710169e+00,  3.444223e+02
  6.979931e+00,  3.438642e+02
  7.831567e+00,  3.418593e+02
  8.202553e+00,  3.387015e+02
  8.096728e+00,  3.343471e+02
  7.584320e+00,  3.285375e+02
  6.795181e+00,  3.208456e+02
  5.902115e+00,  3.107991e+02
  5.085903e+00,  2.983054e+02
  4.470982e+00,  2.844494e+02
  4.055757e+00,  2.718036e+02
  3.723335e+00,  2.633151e+02
  3.358162e+00,  2.613480e+02
  2.979967e+00,  2.682786e+02
  2.827005e+00,  2.853415e+02
  3.212939e+00,  3.059549e+02
  4.109420e+00,  3.203817e+02
  5.209472e+00,  3.277337e+02
  6.229527e+00,  3.306125e+02
  6.970313e+00,  3.307670e+02
  7.307295e+00,  3.289689e+02
  7.189011e+00,  3.253615e+02
  6.641656e+00,  3.195737e+02
  5.777187e+00,  3.106056e+02
  4.808625e+00,  2.966224e+02
  4.061855e+00,  2.757089e+02
  3.863057e+00,  2.501504e+02
  4.198468e+00,  2.278477e+02
  4.704284e+00,  2.125511e+02
  5.041822e+00,  2.027282e+02
  5.028294e+00,  1.964009e+02
  4.604826e+00,  1.924574e+02
  3.801195e+00,  1.905942e+02
  2.713992e+00,  1.916076e+02
  1.502785e+00,  2.003661e+02
  6.156661e-01,  2.562472e+02
  1.215674e+00,  3.233964e+02
  2.018646e+00,  3.351069e+02
  2.508385e+00,  3.384975e+02
  2.606203e+00,  3.400262e+02
  2.316487e+00,  3.415050e+02
  1.703802e+00,  3.447844e+02
  8.990061e-01,  3.571681e+02
  4.435135e-01,  7.848079e+01
  1.137108e+00,  1.247572e+02
  1.829490e+00,  1.305656e+02
  2.257529e+00,  1.296997e+02
  2.349646e+00,  1.251332e+02
  2.116476e+00,  1.155978e+02
  1.697812e+00,  9.574730e+01
  1.511681e+00,  5.807686e+01
  2.022955e+00,  2.140201e+01
  2.961907e+00,  2.440647e+00
  3.935641e+00,  3.531827e+02
  4.727852e+00,  3.483752e+02
  5.215720e+00,  3.461250e+02
  5.344018e+00,  3.458864e+02
  5.125246e+00,  3.478104e+02
  4.645391e+00,  3.526169e+02
  4.070338e+00,  1.489319e+00
  3.635103e+00,  1.506969e+01
  3.548124e+00,  3.076597e+01
  3.810887e+00,  4.292138e+01
  4.235015e+00,  4.836935e+01
  4.653707e+00,  4.730913e+01
  5.030142e+00,  4.076956e+01
  5.451605e+00,  2.995957e+01
  6.060553e+00,  1.673425e+01
  6.943174e+00,  3.401029e+00
  8.056278e+00,  3.516199e+02
  9.250594e+00,  3.418798e+02
  1.033813e+01,  3.339343e+02
  1.114439e+01,  3.273301e+02
  1.153740e+01,  3.216486e+02
  1.144251e+01,  3.165606e+02
  1.084818e+01,  3.118171e+02
  9.804271e+00,  3.072323e+02
  8.413388e+00,  3.026809e+02
  6.816001e+00,  2.981335e+02
  5.170919e+00,  2.937986e+02
  3.634697e+00,  2.905917e+02
  2.353099e+00,  2.916688e+02
  1.518768e+00,  3.059069e+02
  1.474336e+00,  3.340770e+02
  2.166218e+00,  3.467963e+02
  3.232753e+00,  3.458234e+02
  4.523452e+00,  3.407318e+02
  5.928954e+00,  3.349939e+02
  7.313510e+00,  3.295729e+02
  8.527273e+00,  3.246276e+02
  9.430733e+00,  3.200746e+02
  9.916236e+00,  3.157612e+02
  9.923368e+00,  3.115088e+02
  9.447200e+00,  3.071060e+02
  8.539279e+00,  3.022728e+02
  7.302264e+00,  2.965843e+02
  5.880274e+00,  2.893181e+02
  4.448652e+00,  2.791572e+02
  3.207286e+00,  2.638104e+02
  2.363529e+00,  2.409925e+02
  2.009702e+00,  2.144426e+02
  1.938696e+00,  1.941679e+02
  1.849550e+00,  1.836116e+02
  1.614836e+00,  1.819160e+02
  1.279436e+00,  1.906715e+02
  1.033311e+00,  2.143210e+02
  1.096140e+00,  2.444547e+02
  1.361103e+00,  2.628372e+02
  1.574424e+00,  2.708260e+02
  1.597438e+00,  2.734319e+02
  1.384275e+00,  2.725769e+02
  9.530240e-01,  2.671426e+02
  4.048931e-01,  2.413254e+02
  4.649660e-01,  1.366679e+02
  1.060743e+00,  1.149514e+02
  1.543059e+00,  1.091077e+02
  1.780677e+00,  1.067418e+02
  1.701125e+00,  1.068118e+02
  1.286258e+00,  1.118934e+02
  6.673314e-01,  1.416399e+02
  9.331613e-01,  2.238839e+02
  2.118489e+00,  2.427463e+02
  3.471209e+00,  2.454400e+02
  4.796715e+00,  2.441059e+02
  5.962821e+00,  2.408605e+02
  6.870476e+00,  2.362253e+02
  7.462825e+00,  2.302716e+02
  7.733770e+00,  2.228931e+02
  7.729712e+00,  2.139255e+02
  7.540078e+00,  2.032744e+02
  7.272023e+00,  1.910940e+02
  7.009257e+00,  1.779436e+02
  6.770368e+00,  1.647257e+02
  6.496058e+00,  1.523431e+02
  6.078282e+00,  1.413628e+02
  5.408775e+00,  1.319833e+02
  4.417060e+00,  1.242733e+02
  3.089866e+00,  1.186964e+02
  1.482551e+00,  1.192272e+02
  5.425282e-01,  2.362938e+02
  2.353664e+00,  2.633446e+02
  4.212054e+00,  2.610622e+02
  5.895082e+00,  2.560904e+02
  7.291437e+00,  2.500211e+02
  8.335273e+00,  2.430771e+02
  9.012243e+00,  2.352170e+02
  9.359770e+00,  2.263538e+02
  9.456706e+00,  2.164655e+02
  9.400753e+00,  2.056956e+02
  9.276319e+00,  1.944209e+02
  9.123591e+00,  1.832176e+02
  8.925520e+00,  1.727101e+02
  8.621744e+00,  1.634030e+02
  8.140580e+00,  1.556258e+02
  7.431352e+00,  1.496165e+02
  6.486010e+00,  1.457059e+02
  5.350395e+00,  1.446196e+02
  4.135099e+00,  1.480763e+02
  3.048745e+00,  1.598486e+02
  2.456053e+00,  1.839031e+02
  2.632390e+00,  2.102556e+02
  3.261851e+00,  2.250498e+02
  3.924238e+00,  2.305459e+02
  4.432791e+00,  2.311334e+02
  4.739728e+00,  2.290366e+02
  4.864548e+00,  2.253596e+02
  4.860140e+00,  2.208263e+02
  4.790486e+00,  2.161169e+02
  4.714892e+00,  2.119711e+02
  4.681243e+00,  2.090990e+02
  4.728213e+00,  2.079508e+02
  4.888350e+00,  2.084796e+02
  5.181687e+00,  2.100939e+02
  5.600756e+00,  2.119107e+02
  6.101235e+00,  2.131478e+02
  6.608402e+00,  2.133440e+02
  7.034906e+00,  2.123253e+02
  7.300039e+00,  2.100639e+02
  7.344915e+00,  2.065603e+02
  7.142085e+00,  2.017762e+02
  6.699488e+00,  1.956025e+02
  6.058668e+00,  1.878493e+02
  5.286942e+00,  1.782594e+02
  4.462909e+00,  1.665692e+02
  3.655188e+00,  1.526343e+02
  2.897638e+00,  1.365497e+02
  2.172957e+00,  1.183964e+02
  1.430077e+00,  9.639310e+01
  6.917619e-01,  5.402438e+01
  8.200389e-01,  3.146755e+02
  1.899393e+00,  2.791524e+02
  3.183260e+00,  2.624102e+02
  4.524916e+00,  2.500217e+02
  5.828318e+00,  2.392059e+02
  7.012584e+00,  2.289394e+02
  8.021579e+00,  2.186805e+02
  8.833364e+00,  2.080984e+02
  9.462311e+00,  1.970178e+02
  9.950471e+00,  1.854290e+02
  1.034807e+01,  1.735012e+02
  1.068865e+01,  1.615518e+02
  1.096989e+01,  1.499538e+02
  1.115002e+01,  1.390243e+02
  1.116100e+01,  1.289541e+02
  1.093063e+01,  1.198069e+02
  1.040366e+01,  1.115639e+02
  9.556063e+00,  1.041841e+02
  8.401011e+00,  9.766898e+01
  6.987734e+00,  9.215573e+01
  5.396373e+00,  8.812905e+01
  3.735872e+00,  8.713055e+01
  2.174388e+00,  9.508647e+01
  1.223256e+00,  1.363645e+02
  1.788003e+00,  1.840319e+02
  2.849089e+00,  1.938893e+02
  3.801223e+00,  1.925042e+02
  4.551816e+00,  1.873912e+02
  5.096633e+00,  1.806270e+02
  5.453482e+00,  1.731122e+02
  5.641313e+00,  1.654237e+02
  5.670975e+00,  1.580169e+02
  5.544689e+00,  1.512702e+02
  5.262232e+00,  1.455000e+02
  4.829883e+00,  1.409908e+02
  4.267958e+00,  1.380492e+02
  3.614215e+00,  1.370816e+02
  2.922179e+00,  1.386933e+02
  2.254440e+00,  1.437964e+02
  1.670914e+00,  1.536504e+02
  1.212172e+00,  1.697032e+02
  8.870545e-01,  1.936358e+02
  7.055857e-01,  2.286277e+02
  7.657864e-01,  2.714966e+02
  1.133243e+00,  3.020571e+02
  1.718015e+00,  3.170451e+02
  2.426672e+00,  3.231573e+02
  3.190421e+00,  3.242477e+02
  3.953940e+00,  3.221141e+02
  4.676048e+00,  3.176735e+02
  5.331586e+00,  3.114762e+02
  5.909005e+00,  3.039348e+02
  6.402830e+00,  2.954223e+02
  6.803525e+00,  2.862924e+02
  7.089491e+00,  2.768517e+02
  7.225328e+00,  2.673159e+02
  7.167345e+00,  2.577760e+02
  6.873935e+00,  2.481776e+02
  6.317376e+00,  2.382888e+02
  5.494767e+00,  2.275995e+02
  4.439120e+00,  2.149949e+02
  3.241382e+00,  1.976358e+02
  2.142419e+00,  1.671162e+02
  1.825986e+00,  1.129262e+02
  2.665431e+00,  6.975537e+01
  3.894023e+00,  4.689907e+01
  5.091337e+00,  3.158418e+01
  6.118466e+00,  1.891045e+01
  6.925595e+00,  7.117251e+00
  7.508600e+00,  3.554524e+02
  7.892516e+00,  3.435868e+02
  8.116450e+00,  3.314373e+02
  8.217141e+00,  3.190960e+02
  8.214378e+00,  3.067525e+02
  8.105830e+00,  2.946036e+02
  7.872708e+00,  2.827737e+02
  7.492270e+00,  2.712732e+02
  6.950883e+00,  2.599901e+02
  6.252973e+00,  2.486963e+02
  5.424300e+00,  2.370378e+02
  4.510280e+00,  2.244827e+02
  3.571320e+00,  2.101844e+02
  2.678483e+00,  1.926541e+02
  1.915965e+00,  1.690912e+02
  1.398388e+00,  1.352476e+02
  1.252649e+00,  9.254309e+01
  1.439974e+00,  5.470609e+01
  1.780086e+00,  2.680019e+01
  2.170194e+00,  5.421443e+00
  2.577435e+00,  3.480946e+02
  2.985569e+00,  3.337584e+02
  3.375530e+00,  3.219244e+02
  3.724882e+00,  3.122794e+02
  4.013687e+00,  3.045647e+02
  4.230453e+00,  2.985491e+02
  4.375340e+00,  2.940160e+02
  4.459603e+00,  2.907358e+02
  4.501406e+00,  2.884211e+02
  4.519932e+00,  2.867260e+02
  4.528684e+00,  2.852654e+02
  4.530775e+00,  2.836673e+02
  4.517774e+00,  2.816421e+02
  4.471678e+00,  2.790353e+02
  4.368275e+00,  2.758404e+02
  4.180475e+00,  2.721834e+02
  3.881402e+00,  2.683050e+02
  3.447895e+00,  2.645840e+02
  2.865299e+00,  2.616967e+02
  2.135766e+00,  2.612916e+02
  1.307735e+00,  2.695926e+02
  7.414653e-01,  3.182691e+02
  1.385699e+00,  1.033319e+01
  2.529841e+00,  1.917838e+01
  3.759109e+00,  1.817416e+01
  4.972614e+00,  1.405937e+01
  6.108124e+00,  8.463394e+00
  7.117947e+00,  1.933562e+00
  7.968162e+00,  3.546926e+02
  8.639691e+00,  3.468504e+02
  9.127518e+00,  3.384839e+02
  9.437268e+00,  3.296722e+02
  9.580129e+00,  3.205143e+02
  9.567455e+00,  3.111401e+02
  9.404346e+00,  3.016903e+02
  9.088417e+00,  2.922911e+02
  8.613508e+00,  2.830298e+02
  7.976675e+00,  2.739406e+02
  7.185738e+00,  2.650020e+02
  6.264376e+00,  2.561523e+02
  5.252604e+00,  2.473257e+02
  4.202051e+00,  2.385307e+02
  3.167109e+00,  2.300448e+02
  2.195443e+00,  2.229943e+02
  1.330352e+00,  2.216936e+02
  7.113586e-01,  2.455936e+02
  8.932144e-01,  2.961313e+02
  1.644873e+00,  3.064933e+02
  2.557000e+00,  3.028737e+02
  3.554571e+00,  2.962718e+02
  4.590448e+00,  2.892329e+02
  5.606793e+00,  2.824413e+02
  6.540155e+00,  2.760320e+02
  7.331747e+00,  2.699530e+02
  7.936424e+00,  2.640851e+02
  8.328779e+00,  2.582830e+02
  8.506120e+00,  2.523882e+02
  8.489076e+00,  2.462334e+02
  8.320886e+00,  2.396510e+02
  8.060066e+00,  2.325103e+02
  7.770993e+00,  2.247658e+02
  7.512261e+00,  2.165103e+02
  7.323987e+00,  2.079941e+02
  7.218228e+00,  1.995683e+02
  7.177232e+00,  1.915596e+02
  7.160662e+00,  1.841469e+02
  7.117987e+00,  1.773132e+02
  7.001004e+00,  1.708666e+02
  6.774004e+00,  1.644871e+02
  6.421565e+00,  1.577599e+02
  5.954446e+00,  1.501882e+02
  5.413112e+00,  1.412133e+02
  4.866376e+00,  1.303188e+02
  4.398709e+00,  1.173399e+02
  4.077704e+00,  1.029608e+02
  3.909131e+00,  8.882622e+01
  3.820594e+00,  7.671661e+01
  3.699344e+00,  6.767401e+01
  3.447429e+00,  6.213827e+01
  3.017632e+00,  6.075755e+01
  2.438955e+00,  6.558783e+01
  1.873928e+00,  8.196181e+01
  1.719003e+00,  1.133943e+02
  2.231242e+00,  1.404236e+02
  3.072459e+00,  1.527235e+02
  3.913481e+00,  1.568013e+02
  4.585435e+00,  1.567657e+02
  5.001268e+00,  1.541539e+02
  5.130099e+00,  1.493827e+02
  4.994138e+00,  1.422964e+02
  4.669765e+00,  1.323783e+02
  4.283853e+00,  1.190278e+02
  3.988974e+00,  1.022905e+02
  3.894760e+00,  8.382226e+01
  3.987066e+00,  6.633374e+01
  4.137490e+00,  5.142952e+01
  4.195616e+00,  3.891449e+01
  4.057911e+00,  2.761733e+01
  3.691619e+00,  1.586487e+01
  3.148511e+00,  1.162606e+00
  2.601597e+00,  3.395821e+02
  2.388850e+00,  3.089318e+02
  2.777764e+00,  2.789641e+02
  3.587070e+00,  2.592945e+02
  4.501437e+00,  2.477651e+02
  5.322239e+00,  2.407175e+02
  5.940580e+00,  2.360688e+02
  6.301588e+00,  2.326783e+02
  6.389941e+00,  2.298136e+02
  6.221164e+00,  2.268539e+02
  5.837850e+00,  2.231196e+02
  5.310405e+00,  2.177509e+02
  4.743026e+00,  2.096762e+02
  4.279822e+00,  1.979642e+02
  4.082821e+00,  1.830420e+02
  4.243221e+00,  1.677390e+02
  4.698447e+00,  1.552700e+02
  5.283553e+00,  1.466274e+02
  5.831368e+00,  1.411651e+02
  6.214144e+00,  1.379766e+02
  6.347958e+00,  1.364140e+02
  6.191461e+00,  1.361385e+02
  5.746044e+00,  1.370934e+02
  5.056246e+00,  1.395274e+02
  4.209390e+00,  1.441178e+02
  3.335311e+00,  1.521836e+02
  2.604036e+00,  1.655204e+02
  2.186457e+00,  1.837905e+02
  2.111509e+00,  2.003845e+02
  2.209803e+00,  2.082732e+02
  2.333372e+00,  2.062734e+02
  2.498233e+00,  1.959052e+02
  2.837623e+00,  1.806286e+02
  3.447599e+00,  1.654975e+02
  4.277144e+00,  1.535690e+02
  5.175015e+00,  1.449223e+02
  5.970159e+00,  1.385886e+02
  6.510730e+00,  1.336651e+02
  6.681116e+00,  1.294792e+02
  6.412881e+00,  1.254726e+02
  5.692873e+00,  1.209994e+02
  4.570216e+00,  1.148922e+02
  3.174489e+00,  1.039439e+02
  1.841666e+00,  7.557187e+01
  1.698078e+00,  1.285553e+01
  2.913093e+00,  3.399216e+02
  4.249713e+00,  3.285413e+02
  5.313072e+00,  3.234608e+02
  5.970770e+00,  3.209985e+02
  6.180127e+00,  3.200846e+02
  5.962993e+00,  3.204319e+02
  5.395936e+00,  3.221272e+02
  4.599440e+00,  3.255596e+02
  3.723992e+00,  3.314296e+02
  2.930798e+00,  3.405335e+02
  2.355354e+00,  3.525674e+02
  2.042627e+00,  4.010644e+00
  1.926817e+00,  9.241020e+00
  1.949846e+00,  5.300407e+00
  2.161633e+00,  3.542893e+02
  2.633695e+00,  3.421953e+02
  3.328261e+00,  3.334334e+02
  4.120232e+00,  3.286135e+02
  4.874670e+00,  3.269525e+02
  5.487091e+00,  3.278004e+02
  5.901756e+00,  3.308739e+02
  6.121917e+00,  3.361304e+02
  6.210035e+00,  3.435445e+02
  6.268680e+00,  3.527948e+02
  6.394481e+00,  2.994958e+00
  6.620083e+00,  1.281826e+01
  6.887999e+00,  2.106662e+01
  7.079977e+00,  2.709153e+01
  7.072435e+00,  3.070376e+01
  6.781359e+00,  3.183784e+01
  6.187809e+00,  3.024099e+01
  5.351268e+00,  2.519430e+01
  4.419815e+00,  1.524286e+01
  3.635007e+00,  3.585389e+02
  3.261742e+00,  3.360120e+02
  3.334429e+00,  3.145241e+02
  3.563200e+00,  2.993392e+02
  3.629467e+00,  2.899677e+02
  3.352366e+00,  2.846713e+02
  2.679197e+00,  2.828047e+02
  1.661614e+00,  2.866859e+02
  5.725766e-01,  3.278532e+02
  1.234131e+00,  6.170260e+01
  2.511924e+00,  7.308540e+01
  3.577429e+00,  7.600685e+01
  4.246407e+00,  7.738687e+01
  4.405560e+00,  7.871858e+01
  4.008431e+00,  8.101871e+01
  3.090539e+00,  8.637256e+01
  1.833437e+00,  1.034992e+02
  1.233108e+00,  1.709092e+02
  2.600018e+00,  2.153251e+02
  4.376231e+00,  2.255053e+02
  5.986171e+00,  2.284426e+02
  7.211777e+00,  2.288221e+02
  7.923889e+00,  2.277902e+02
  8.067756e+00,  2.256154e+02
  7.665934e+00,  2.221695e+02
  6.818587e+00,  2.169680e+02
  5.700290e+00,  2.090307e+02
  4.555296e+00,  1.967392e+02
  3.675772e+00,  1.786672e+02
  3.276692e+00,  1.573160e+02
  3.265610e+00,  1.401350e+02
  3.330277e+00,  1.314626e+02
  3.273586e+00,  1.314720e+02
  3.132542e+00,  1.401442e+02
  3.144354e+00,  1.564453e+02
  3.543941e+00,  1.745457e+02
  4.278359e+00,  1.879744e+02
  5.077324e+00,  1.957301e+02
  5.672742e+00,  1.992950e+02
  5.875126e+00,  1.997790e+02
  5.586897e+00,  1.973802e+02
  4.817631e+00,  1.910703e+02
  3.734973e+00,  1.772451e+02
  2.851768e+00,  1.474609e+02
  3.115079e+00,  1.059865e+02
  4.470308e+00,  8.015291e+01
  6.066766e+00,  6.769531e+01
  7.425035e+00,  6.101581e+01
  8.302959e+00,  5.705607e+01
  8.578628e+00,  5.467662e+01
  8.224904e+00,  5.350393e+01
  7.301934e+00,  5.361961e+01
  5.949907e+00,  5.564744e+01
  4.384464e+00,  6.136423e+01
  2.920536e+00,  7.556420e+01
  2.064793e+00,  1.063014e+02
  2.166974e+00,  1.394916e+02
  2.606657e+00,  1.535208e+02
  2.836315e+00,  1.537660e+02
  2.786657e+00,  1.438963e+02
  2.697487e+00,  1.236488e+02
  2.977465e+00,  9.729580e+01
  3.760790e+00,  7.550855e+01
  4.764923e+00,  6.151760e+01
  5.644699e+00,  5.276076e+01
  6.140744e+00,  4.699102e+01
  6.085151e+00,  4.301803e+01
  5.399254e+00,  4.032899e+01
  4.093480e+00,  3.900209e+01
  2.266157e+00,  4.097746e+01
  3.675606e-01,  1.158492e+02
  2.377474e+00,  1.991368e+02
  4.670532e+00,  2.019520e+02
  6.684551e+00,  2.019128e+02
  8.225562e+00,  2.012664e+02
  9.163648e+00,  2.004813e+02
  9.444034e+00,  1.997523e+02
  9.093281e+00,  1.992354e+02
  8.216283e+00,  1.991390e+02
  6.984362e+00,  1.998122e+02
  5.616543e+00,  2.018621e+02
  4.356645e+00,  2.062030e+02
  3.441898e+00,  2.134060e+02
  3.038015e+00,  2.213254e+02
  3.164952e+00,  2.247602e+02
  3.765075e+00,  2.218240e+02
  4.798746e+00,  2.155093e+02
  6.188782e+00,  2.089033e+02
  7.774379e+00,  2.032272e+02
  9.335511e+00,  1.985893e+02
  1.063535e+01,  1.947804e+02
  1.145767e+01,  1.915802e+02
  1.163703e+01,  1.888278e+02
  1.108112e+01,  1.864279e+02
  9.783624e+00,  1.843551e+02
  7.826533e+00,  1.826987e+02
  5.372160e+00,  1.818785e+02
  2.650313e+00,  1.842625e+02
  4.374675e-01,  2.823844e+02
  2.703200e+00,  3.422108e+02
  4.744758e+00,  3.438901e+02
  6.026648e+00,  3.428974e+02
  4.937258e+00,  3.400432e+02
##END=
