##TITLE= E:\桌面\nmr\ogm\sjd\matlabcod\1_unitary\4_23_xjhsjd
##JCAMP-DX= 5.00 Bruker JCAMP library
##DATA TYPE= Shape Data
##ORIGIN= Colm's GRAPE Pulses 
##OWNER= Dawei.Lu
##DATE= 02-Aug-2025
##TIME= 13:30
##MINX= 3.114220e-01
##MAXX= 2.166399e+01
##MINY= 2.511093e-02
##MAXY= 3.570793e+02
##$SHAPE_EXMODE= None
##$SHAPE_TOTROT= 9.000000e+01
##$SHAPE_BWFAC= 1.000000e+00
##$SHAPE_INTEGFAC= 1.000000e+00
##$SHAPE_MODE= 1
##PULSE_WIDTH= 2000
##Calibration_Power= 12500
##NPOINTS= 200
##XYPOINTS= (XY..XY)
  3.864523e+00,  1.633213e+02
  4.425185e+00,  1.357264e+02
  5.258226e+00,  1.031928e+02
  3.825077e+00,  8.240099e+01
  3.114220e-01,  1.187546e+02
  4.411949e+00,  2.243336e+02
  8.251758e+00,  2.092440e+02
  1.052535e+01,  1.885793e+02
  1.182469e+01,  1.626215e+02
  1.312878e+01,  1.360775e+02
  1.394983e+01,  1.146949e+02
  1.284402e+01,  9.947097e+01
  9.200776e+00,  8.997331e+01
  3.982379e+00,  9.512168e+01
  2.989300e+00,  1.914931e+02
  6.984503e+00,  2.006107e+02
  9.759310e+00,  1.852985e+02
  1.186642e+01,  1.640960e+02
  1.397246e+01,  1.444470e+02
  1.546763e+01,  1.306280e+02
  1.535235e+01,  1.228484e+02
  1.341211e+01,  1.203886e+02
  1.040040e+01,  1.232865e+02
  7.534360e+00,  1.321167e+02
  5.774969e+00,  1.450310e+02
  5.369322e+00,  1.548675e+02
  6.231010e+00,  1.581006e+02
  8.378684e+00,  1.589931e+02
  1.163612e+01,  1.598542e+02
  1.535565e+01,  1.596930e+02
  1.847312e+01,  1.572380e+02
  1.995465e+01,  1.515199e+02
  1.942909e+01,  1.415507e+02
  1.751413e+01,  1.266103e+02
  1.527451e+01,  1.079869e+02
  1.292370e+01,  9.036696e+01
  9.569416e+00,  7.964635e+01
  4.952253e+00,  8.970174e+01
  4.575305e+00,  1.677671e+02
  1.008331e+01,  1.866346e+02
  1.454283e+01,  1.827024e+02
  1.660152e+01,  1.722154e+02
  1.670297e+01,  1.567192e+02
  1.616180e+01,  1.377446e+02
  1.571792e+01,  1.196396e+02
  1.480094e+01,  1.065026e+02
  1.258944e+01,  9.937784e+01
  9.031786e+00,  9.850922e+01
  4.919774e+00,  1.090587e+02
  2.480705e+00,  1.664141e+02
  4.330146e+00,  2.130344e+02
  6.461140e+00,  2.126604e+02
  8.321120e+00,  1.969406e+02
  1.086780e+01,  1.760522e+02
  1.417764e+01,  1.576583e+02
  1.696197e+01,  1.426176e+02
  1.775589e+01,  1.281931e+02
  1.603249e+01,  1.107357e+02
  1.280279e+01,  8.519108e+01
  1.038429e+01,  4.771188e+01
  9.860103e+00,  7.467488e+00
  9.287146e+00,  3.321350e+02
  7.800880e+00,  2.909180e+02
  7.932710e+00,  2.366994e+02
  1.064809e+01,  1.953888e+02
  1.271658e+01,  1.688649e+02
  1.231180e+01,  1.451234e+02
  1.010357e+01,  1.146577e+02
  8.699431e+00,  7.215005e+01
  9.275912e+00,  3.294430e+01
  9.443873e+00,  6.382272e+00
  7.727925e+00,  3.443911e+02
  4.910283e+00,  3.155677e+02
  3.180962e+00,  2.663376e+02
  2.983498e+00,  2.289371e+02
  2.219789e+00,  2.324784e+02
  2.337969e+00,  2.863424e+02
  4.133404e+00,  3.059399e+02
  4.863651e+00,  3.031694e+02
  3.655353e+00,  2.892976e+02
  1.526342e+00,  2.358350e+02
  2.501630e+00,  1.387517e+02
  3.762515e+00,  1.001254e+02
  4.365074e+00,  5.113173e+01
  6.885153e+00,  1.707212e+00
  1.083953e+01,  3.326746e+02
  1.371310e+01,  3.125868e+02
  1.403533e+01,  2.932402e+02
  1.203427e+01,  2.690496e+02
  9.520218e+00,  2.351199e+02
  8.093642e+00,  1.951927e+02
  6.676242e+00,  1.587330e+02
  4.028741e+00,  1.115100e+02
  4.326010e+00,  1.817822e+01
  8.572571e+00,  3.361747e+02
  1.143540e+01,  3.141767e+02
  1.140113e+01,  2.935737e+02
  9.105551e+00,  2.665239e+02
  6.775122e+00,  2.258348e+02
  5.847976e+00,  1.796456e+02
  4.626952e+00,  1.380463e+02
  3.031258e+00,  6.729597e+01
  5.568504e+00,  3.538465e+02
  8.998567e+00,  3.248606e+02
  1.011007e+01,  3.041432e+02
  8.347168e+00,  2.793691e+02
  5.611139e+00,  2.336723e+02
  6.008382e+00,  1.682111e+02
  8.050545e+00,  1.271042e+02
  8.748643e+00,  9.360973e+01
  8.881776e+00,  5.467465e+01
  1.008314e+01,  1.674205e+01
  1.125553e+01,  3.497393e+02
  1.029784e+01,  3.308343e+02
  6.631196e+00,  3.145808e+02
  1.417725e+00,  2.806682e+02
  3.908662e+00,  1.234419e+02
  7.265973e+00,  1.033487e+02
  8.627326e+00,  8.206235e+01
  9.067154e+00,  5.686161e+01
  9.669730e+00,  3.413468e+01
  1.016188e+01,  2.172242e+01
  1.016435e+01,  2.170321e+01
  1.043715e+01,  3.071711e+01
  1.156970e+01,  3.846582e+01
  1.268605e+01,  3.710752e+01
  1.296581e+01,  2.579036e+01
  1.274588e+01,  6.704430e+00
  1.247856e+01,  3.455734e+02
  1.138168e+01,  3.287721e+02
  8.298597e+00,  3.205821e+02
  3.831521e+00,  3.426579e+02
  5.702562e+00,  5.803288e+01
  1.128323e+01,  6.216754e+01
  1.537956e+01,  4.977467e+01
  1.780210e+01,  3.017206e+01
  1.966486e+01,  6.949841e+00
  2.135386e+01,  3.450548e+02
  2.166399e+01,  3.272738e+02
  1.926986e+01,  3.131978e+02
  1.412346e+01,  3.015187e+02
  7.543246e+00,  2.921302e+02
  1.590683e+00,  3.092275e+02
  3.713688e+00,  5.238383e+01
  7.312291e+00,  3.529240e+01
  1.109409e+01,  1.373346e+01
  1.522306e+01,  3.570793e+02
  1.864467e+01,  3.456873e+02
  2.030558e+01,  3.373299e+02
  1.988504e+01,  3.296087e+02
  1.786241e+01,  3.200880e+02
  1.526835e+01,  3.065952e+02
  1.311992e+01,  2.892407e+02
  1.145554e+01,  2.722740e+02
  9.160760e+00,  2.604380e+02
  5.308204e+00,  2.587219e+02
  1.948540e+00,  3.371704e+02
  6.778636e+00,  2.552508e+01
  1.137145e+01,  2.262371e+01
  1.368048e+01,  1.189501e+01
  1.375938e+01,  3.543997e+02
  1.299718e+01,  3.298150e+02
  1.261546e+01,  3.028680e+02
  1.189425e+01,  2.798755e+02
  9.390042e+00,  2.599128e+02
  5.103901e+00,  2.304480e+02
  3.607392e+00,  1.382788e+02
  7.713778e+00,  9.479817e+01
  1.059404e+01,  7.975137e+01
  1.100154e+01,  6.838251e+01
  9.544317e+00,  5.494085e+01
  7.707103e+00,  3.593033e+01
  6.756793e+00,  1.424793e+01
  6.444151e+00,  2.511093e-02
  5.652487e+00,  3.564784e+02
  3.734486e+00,  4.657055e+00
  1.693993e+00,  7.131029e+01
  4.820268e+00,  1.347942e+02
  9.028645e+00,  1.400483e+02
  1.223361e+01,  1.346342e+02
  1.390537e+01,  1.222208e+02
  1.459963e+01,  1.036474e+02
  1.518573e+01,  8.254681e+01
  1.533967e+01,  6.435829e+01
  1.371523e+01,  5.178471e+01
  9.652197e+00,  4.691575e+01
  4.592835e+00,  6.763861e+01
  5.332403e+00,  1.363560e+02
  9.506920e+00,  1.432203e+02
  1.217484e+01,  1.294215e+02
  1.369600e+01,  1.075388e+02
  1.489490e+01,  8.422452e+01
  1.512591e+01,  6.460420e+01
  1.308540e+01,  4.922069e+01
  8.566197e+00,  3.619034e+01
  2.914516e+00,  2.153796e+01
  1.762720e+00,  2.000504e+02
  3.755322e+00,  1.759541e+02
  3.435143e+00,  1.326452e+02
  3.824382e+00,  7.026636e+01
##END=
