##TITLE= E:\桌面\nmr\ogm\sjd\matlabcod\1_unitary\4_24_xjhsjd
##JCAMP-DX= 5.00 Bruker JCAMP library
##DATA TYPE= Shape Data
##ORIGIN= Colm's GRAPE Pulses 
##OWNER= Dawei.Lu
##DATE= 02-Aug-2025
##TIME= 13:30
##MINX= 1.988889e-01
##MAXX= 2.750463e+01
##MINY= 7.574576e-01
##MAXY= 3.582038e+02
##$SHAPE_EXMODE= None
##$SHAPE_TOTROT= 9.000000e+01
##$SHAPE_BWFAC= 1.000000e+00
##$SHAPE_INTEGFAC= 1.000000e+00
##$SHAPE_MODE= 1
##PULSE_WIDTH= 2000
##Calibration_Power= 12500
##NPOINTS= 200
##XYPOINTS= (XY..XY)
  4.315844e-01,  1.923893e+02
  4.603695e+00,  3.421221e+02
  9.717373e+00,  3.315447e+02
  8.241361e+00,  3.114457e+02
  3.962539e+00,  2.694876e+02
  4.816718e+00,  1.671371e+02
  8.936995e+00,  1.340354e+02
  1.023285e+01,  1.133493e+02
  8.561021e+00,  8.821577e+01
  6.132641e+00,  4.896285e+01
  4.788182e+00,  2.113089e+00
  2.427037e+00,  3.164243e+02
  3.860869e+00,  1.635992e+02
  1.203474e+01,  1.366668e+02
  2.027743e+01,  1.209936e+02
  2.585645e+01,  1.061153e+02
  2.750463e+01,  8.915525e+01
  2.605391e+01,  6.834063e+01
  2.357096e+01,  4.402157e+01
  2.104600e+01,  2.010419e+01
  1.743743e+01,  7.574576e-01
  1.171142e+01,  3.475428e+02
  4.564417e+00,  3.469891e+02
  3.094312e+00,  1.072431e+02
  7.651642e+00,  1.144949e+02
  9.385260e+00,  1.044787e+02
  8.733127e+00,  8.770286e+01
  7.338779e+00,  6.341873e+01
  6.470964e+00,  3.716855e+01
  5.715786e+00,  1.901926e+01
  4.212736e+00,  1.061542e+01
  1.852124e+00,  9.180771e+00
  1.072710e+00,  1.885489e+02
  4.283284e+00,  1.912339e+02
  7.480569e+00,  1.904346e+02
  1.023359e+01,  1.849949e+02
  1.221465e+01,  1.739175e+02
  1.354183e+01,  1.573243e+02
  1.459198e+01,  1.372831e+02
  1.526406e+01,  1.168197e+02
  1.482551e+01,  9.702644e+01
  1.272303e+01,  7.589236e+01
  9.425899e+00,  4.759764e+01
  6.916287e+00,  1.717162e+00
  7.396498e+00,  3.084077e+02
  9.312896e+00,  2.708315e+02
  1.092387e+01,  2.420105e+02
  1.216748e+01,  2.168286e+02
  1.309613e+01,  1.957697e+02
  1.322104e+01,  1.795587e+02
  1.198116e+01,  1.672149e+02
  9.269088e+00,  1.567761e+02
  5.506506e+00,  1.457440e+02
  1.425391e+00,  1.278385e+02
  2.400591e+00,  3.015576e+02
  6.000784e+00,  2.769386e+02
  1.016177e+01,  2.530875e+02
  1.516400e+01,  2.326495e+02
  1.998801e+01,  2.156620e+02
  2.296822e+01,  2.000026e+02
  2.299509e+01,  1.830277e+02
  2.042978e+01,  1.616941e+02
  1.714435e+01,  1.334129e+02
  1.489142e+01,  1.003697e+02
  1.299318e+01,  6.868922e+01
  9.814833e+00,  3.578024e+01
  6.682834e+00,  3.420867e+02
  8.494870e+00,  2.787148e+02
  1.203454e+01,  2.481145e+02
  1.284240e+01,  2.305637e+02
  1.019970e+01,  2.157803e+02
  5.620111e+00,  1.964698e+02
  1.981299e+00,  1.448302e+02
  1.539240e+00,  6.582123e+01
  1.988889e-01,  2.852389e+02
  3.546944e+00,  2.170868e+02
  6.679046e+00,  2.068101e+02
  7.320979e+00,  1.984400e+02
  4.520920e+00,  1.892423e+02
  9.226252e-01,  2.363593e+01
  6.546537e+00,  3.582038e+02
  9.964426e+00,  3.449826e+02
  9.928822e+00,  3.254796e+02
  7.978648e+00,  2.891879e+02
  8.159589e+00,  2.380481e+02
  9.667815e+00,  2.028280e+02
  8.419379e+00,  1.764159e+02
  4.489551e+00,  1.243748e+02
  7.442563e+00,  3.293991e+01
  1.403861e+01,  5.063000e+00
  1.752849e+01,  3.486947e+02
  1.649900e+01,  3.318834e+02
  1.236676e+01,  3.079523e+02
  8.548230e+00,  2.701740e+02
  6.563494e+00,  2.304835e+02
  3.122472e+00,  2.089366e+02
  3.671454e+00,  3.560663e+02
  1.189399e+01,  3.479917e+02
  1.836018e+01,  3.362008e+02
  2.041355e+01,  3.220167e+02
  1.777129e+01,  3.023493e+02
  1.310948e+01,  2.711018e+02
  1.026315e+01,  2.271572e+02
  8.543054e+00,  1.867332e+02
  4.649013e+00,  1.383029e+02
  6.095919e+00,  2.406930e+01
  1.436280e+01,  3.487725e+02
  2.056438e+01,  3.296910e+02
  2.214385e+01,  3.111380e+02
  1.959027e+01,  2.874216e+02
  1.611975e+01,  2.542994e+02
  1.448425e+01,  2.175212e+02
  1.273229e+01,  1.887906e+02
  8.003601e+00,  1.665158e+02
  1.129182e+00,  9.033238e+01
  7.441893e+00,  3.341613e+02
  1.260268e+01,  3.170283e+02
  1.383415e+01,  2.995518e+02
  1.211081e+01,  2.759092e+02
  1.022213e+01,  2.441568e+02
  9.572328e+00,  2.165863e+02
  8.631040e+00,  2.076553e+02
  7.655963e+00,  2.234554e+02
  9.398190e+00,  2.465527e+02
  1.232220e+01,  2.506323e+02
  1.351169e+01,  2.395531e+02
  1.283827e+01,  2.158878e+02
  1.221007e+01,  1.821277e+02
  1.216531e+01,  1.481613e+02
  1.066585e+01,  1.166261e+02
  7.207472e+00,  7.082482e+01
  7.923648e+00,  3.511523e+02
  1.441737e+01,  3.073378e+02
  2.006354e+01,  2.819058e+02
  2.262686e+01,  2.586247e+02
  2.258882e+01,  2.327952e+02
  2.163945e+01,  2.041738e+02
  2.045906e+01,  1.759900e+02
  1.807980e+01,  1.502067e+02
  1.382097e+01,  1.238394e+02
  8.930191e+00,  8.669684e+01
  7.030017e+00,  2.675316e+01
  8.837026e+00,  3.388946e+02
  1.038246e+01,  3.094037e+02
  1.072996e+01,  2.839077e+02
  1.074511e+01,  2.583865e+02
  1.101970e+01,  2.353803e+02
  1.113200e+01,  2.171016e+02
  1.041655e+01,  2.015190e+02
  8.739860e+00,  1.838292e+02
  6.778995e+00,  1.572471e+02
  5.810709e+00,  1.190703e+02
  5.960390e+00,  8.237147e+01
  5.837650e+00,  5.057465e+01
  5.249753e+00,  1.112630e+01
  5.912941e+00,  3.230254e+02
  7.995739e+00,  2.888874e+02
  9.449342e+00,  2.666435e+02
  9.142273e+00,  2.460218e+02
  7.618491e+00,  2.180092e+02
  6.924642e+00,  1.787732e+02
  7.822521e+00,  1.462933e+02
  8.292984e+00,  1.287602e+02
  7.070615e+00,  1.198955e+02
  4.456465e+00,  1.149145e+02
  1.574660e+00,  1.034726e+02
  1.004542e+00,  3.481999e+02
  2.089439e+00,  3.410588e+02
  2.132056e+00,  3.547082e+02
  9.798265e-01,  3.259678e+01
  2.390759e+00,  1.554209e+02
  6.464796e+00,  1.682217e+02
  1.038686e+01,  1.681057e+02
  1.242488e+01,  1.609130e+02
  1.189606e+01,  1.438398e+02
  1.067572e+01,  1.104915e+02
  1.210772e+01,  7.057235e+01
  1.452199e+01,  4.343774e+01
  1.391528e+01,  2.369201e+01
  9.204062e+00,  3.575659e+02
  5.718528e+00,  2.802249e+02
  1.159772e+01,  2.228843e+02
  1.650161e+01,  2.018734e+02
  1.661712e+01,  1.837186e+02
  1.313043e+01,  1.566165e+02
  1.102496e+01,  1.126012e+02
  1.237831e+01,  7.679449e+01
  1.203451e+01,  6.197622e+01
  7.855172e+00,  6.675239e+01
  4.952233e+00,  1.282627e+02
  9.401956e+00,  1.655641e+02
  1.165935e+01,  1.645434e+02
  9.328674e+00,  1.450863e+02
  7.384524e+00,  8.627043e+01
  1.216227e+01,  3.879532e+01
  1.595449e+01,  1.997782e+01
  1.428353e+01,  5.851948e+00
  7.833340e+00,  3.384756e+02
  6.147912e+00,  2.465357e+02
  6.207548e+00,  2.155495e+02
##END=
