##TITLE= E:\桌面\nmr\ogm\sjd\matlabcod\1_unitary\4_2_xjhsjd
##JCAMP-DX= 5.00 Bruker JCAMP library
##DATA TYPE= Shape Data
##ORIGIN= Colm's GRAPE Pulses 
##OWNER= Dawei.Lu
##DATE= 02-Aug-2025
##TIME= 13:34
##MINX= 1.137461e+00
##MAXX= 3.255250e+01
##MINY= 1.041518e+00
##MAXY= 3.599998e+02
##$SHAPE_EXMODE= None
##$SHAPE_TOTROT= 9.000000e+01
##$SHAPE_BWFAC= 1.000000e+00
##$SHAPE_INTEGFAC= 1.000000e+00
##$SHAPE_MODE= 1
##PULSE_WIDTH= 2000
##Calibration_Power= 12500
##NPOINTS= 200
##XYPOINTS= (XY..XY)
  8.938774e+00,  2.630026e+02
  6.990033e+00,  3.260864e+02
  1.088182e+01,  3.359737e+02
  1.404144e+01,  2.734149e+02
  2.120076e+01,  2.383189e+02
  2.305524e+01,  2.155531e+02
  1.869946e+01,  1.849196e+02
  1.635812e+01,  1.306480e+02
  2.260219e+01,  8.479119e+01
  2.820483e+01,  5.951195e+01
  2.728909e+01,  3.933944e+01
  2.059707e+01,  1.411707e+01
  1.398114e+01,  3.306558e+02
  1.345658e+01,  2.788238e+02
  1.321559e+01,  2.470984e+02
  7.785472e+00,  2.211245e+02
  3.378731e+00,  9.311705e+01
  1.174334e+01,  4.640351e+01
  1.577251e+01,  2.965351e+01
  1.327565e+01,  9.812429e+00
  7.809202e+00,  3.252797e+02
  8.460284e+00,  2.529062e+02
  1.044425e+01,  2.166302e+02
  7.495414e+00,  1.777632e+02
  7.756533e+00,  8.765484e+01
  1.613449e+01,  4.563825e+01
  2.161655e+01,  2.423930e+01
  2.114046e+01,  1.431212e+00
  1.753350e+01,  3.269841e+02
  1.667818e+01,  2.822131e+02
  1.762854e+01,  2.467457e+02
  1.490373e+01,  2.182985e+02
  8.479484e+00,  1.740571e+02
  8.661233e+00,  8.235599e+01
  1.545882e+01,  3.753963e+01
  1.943946e+01,  7.144492e+00
  2.076796e+01,  3.331025e+02
  2.275543e+01,  2.954112e+02
  2.608444e+01,  2.620454e+02
  2.794573e+01,  2.345857e+02
  2.637081e+01,  2.091424e+02
  2.197677e+01,  1.814076e+02
  1.716666e+01,  1.481841e+02
  1.378729e+01,  1.118009e+02
  1.082698e+01,  7.988055e+01
  6.374765e+00,  5.283482e+01
  1.137461e+00,  3.345666e+02
  5.019186e+00,  2.214599e+02
  7.383151e+00,  2.008820e+02
  6.102872e+00,  1.772684e+02
  3.473045e+00,  1.204335e+02
  4.690013e+00,  4.593686e+01
  5.493352e+00,  9.239795e+00
  4.134576e+00,  3.102749e+02
  7.625981e+00,  2.360899e+02
  1.376968e+01,  2.079118e+02
  1.732564e+01,  1.890670e+02
  1.688145e+01,  1.674286e+02
  1.456445e+01,  1.355621e+02
  1.418222e+01,  9.654524e+01
  1.502994e+01,  6.642246e+01
  1.345397e+01,  4.539753e+01
  8.598116e+00,  2.465118e+01
  3.020995e+00,  3.339390e+02
  3.982827e+00,  2.298066e+02
  5.028777e+00,  1.971253e+02
  2.960047e+00,  1.525778e+02
  3.808005e+00,  4.491856e+01
  7.963984e+00,  4.430756e+00
  1.067186e+01,  3.340976e+02
  1.230690e+01,  2.973610e+02
  1.546809e+01,  2.571036e+02
  2.087654e+01,  2.243401e+02
  2.618890e+01,  1.995753e+02
  2.898095e+01,  1.783333e+02
  2.846416e+01,  1.568719e+02
  2.589776e+01,  1.327474e+02
  2.342891e+01,  1.069272e+02
  2.150561e+01,  8.515011e+01
  1.870771e+01,  7.288319e+01
  1.490561e+01,  7.354218e+01
  1.259367e+01,  8.698797e+01
  1.316558e+01,  9.607892e+01
  1.474301e+01,  8.699628e+01
  1.728245e+01,  6.469932e+01
  2.143337e+01,  4.136784e+01
  2.507962e+01,  2.281870e+01
  2.545012e+01,  7.030440e+00
  2.186244e+01,  3.503334e+02
  1.625084e+01,  3.288249e+02
  1.166945e+01,  3.013723e+02
  9.077794e+00,  2.796630e+02
  7.469256e+00,  2.814936e+02
  8.386399e+00,  3.019368e+02
  1.157282e+01,  3.075648e+02
  1.393777e+01,  2.964870e+02
  1.469022e+01,  2.731353e+02
  1.545745e+01,  2.403230e+02
  1.763902e+01,  2.064479e+02
  2.011944e+01,  1.774833e+02
  2.106622e+01,  1.517061e+02
  1.992780e+01,  1.251065e+02
  1.784357e+01,  9.425387e+01
  1.663341e+01,  6.044585e+01
  1.616055e+01,  3.133636e+01
  1.422191e+01,  1.116679e+01
  9.673270e+00,  1.041518e+00
  4.326353e+00,  2.005398e+01
  5.347063e+00,  8.162557e+01
  9.105612e+00,  7.620447e+01
  1.252612e+01,  4.957641e+01
  1.726776e+01,  2.129174e+01
  2.244048e+01,  3.599450e+02
  2.539346e+01,  3.439507e+02
  2.478117e+01,  3.299085e+02
  2.153485e+01,  3.152631e+02
  1.802234e+01,  2.993662e+02
  1.620445e+01,  2.857632e+02
  1.657418e+01,  2.788537e+02
  1.875027e+01,  2.756878e+02
  2.155110e+01,  2.697241e+02
  2.350454e+01,  2.576425e+02
  2.425802e+01,  2.388797e+02
  2.467333e+01,  2.150096e+02
  2.523543e+01,  1.895354e+02
  2.517364e+01,  1.648203e+02
  2.359770e+01,  1.403362e+02
  2.058370e+01,  1.140220e+02
  1.711955e+01,  8.375101e+01
  1.437741e+01,  4.932077e+01
  1.258116e+01,  1.465840e+01
  1.059109e+01,  3.436984e+02
  7.334256e+00,  3.137581e+02
  3.465501e+00,  2.647374e+02
  3.471722e+00,  1.661492e+02
  5.432759e+00,  1.206756e+02
  5.686302e+00,  8.073802e+01
  6.308372e+00,  2.786058e+01
  8.879078e+00,  3.473933e+02
  1.066735e+01,  3.224964e+02
  9.750028e+00,  2.997702e+02
  7.024892e+00,  2.644184e+02
  6.342090e+00,  2.081098e+02
  7.752148e+00,  1.698244e+02
  7.175692e+00,  1.477980e+02
  4.005726e+00,  1.237698e+02
  1.470382e+00,  2.750330e+01
  2.963688e+00,  3.181629e+02
  2.437259e+00,  2.677490e+02
  4.051678e+00,  1.770239e+02
  8.432651e+00,  1.442281e+02
  1.108132e+01,  1.240131e+02
  1.047289e+01,  1.005730e+02
  7.926958e+00,  6.197306e+01
  7.164469e+00,  2.956231e+00
  8.480938e+00,  3.104981e+02
  9.767360e+00,  2.605949e+02
  1.325465e+01,  2.092596e+02
  2.006690e+01,  1.709250e+02
  2.728715e+01,  1.432832e+02
  3.189173e+01,  1.194875e+02
  3.255250e+01,  9.533950e+01
  3.017156e+01,  6.811427e+01
  2.705234e+01,  3.752976e+01
  2.405629e+01,  7.592318e+00
  1.918336e+01,  3.422000e+02
  1.063275e+01,  3.196788e+02
  1.372597e+00,  1.928769e+02
  1.088299e+01,  1.201399e+02
  1.641738e+01,  9.902269e+01
  1.667458e+01,  7.105470e+01
  1.609133e+01,  2.929433e+01
  1.887860e+01,  3.493411e+02
  2.052052e+01,  3.228195e+02
  1.643845e+01,  2.999805e+02
  8.421531e+00,  2.562025e+02
  9.682249e+00,  1.658885e+02
  1.570735e+01,  1.322562e+02
  1.575569e+01,  1.102915e+02
  1.087586e+01,  7.524013e+01
  9.725700e+00,  9.825786e+00
  1.318409e+01,  3.304560e+02
  1.203613e+01,  3.107594e+02
  4.630801e+00,  2.873405e+02
  6.360116e+00,  1.249176e+02
  1.486932e+01,  1.049049e+02
  1.754681e+01,  8.619944e+01
  1.482363e+01,  5.475358e+01
  1.422356e+01,  3.599998e+02
  2.010715e+01,  3.178496e+02
  2.411985e+01,  2.941337e+02
  2.120957e+01,  2.733924e+02
  1.291014e+01,  2.374338e+02
  1.185600e+01,  1.582688e+02
  1.988675e+01,  1.175796e+02
  2.275412e+01,  9.606657e+01
  1.817196e+01,  6.873400e+01
  1.437484e+01,  1.183026e+01
  1.783267e+01,  3.182997e+02
  8.238728e+00,  1.383479e+02
##END=
