##TITLE= E:\桌面\nmr\ogm\sjd\matlabcod\1\4_3_xjhsjd
##JCAMP-DX= 5.00 Bruker JCAMP library
##DATA TYPE= Shape Data
##ORIGIN= Colm's GRAPE Pulses 
##OWNER= Dawei.Lu
##DATE= 02-Aug-2025
##TIME= 11:52
##MINX= 9.185803e-02
##MAXX= 1.519742e+01
##MINY= 4.241826e-01
##MAXY= 3.591538e+02
##$SHAPE_EXMODE= None
##$SHAPE_TOTROT= 9.000000e+01
##$SHAPE_BWFAC= 1.000000e+00
##$SHAPE_INTEGFAC= 1.000000e+00
##$SHAPE_MODE= 1
##PULSE_WIDTH= 5000
##Calibration_Power= 12500
##NPOINTS= 1000
##XYPOINTS= (XY..XY)
  2.215416e+00,  3.095959e+02
  3.352662e+00,  3.187334e+02
  4.833422e+00,  3.226899e+02
  5.025712e+00,  3.206622e+02
  4.609366e+00,  3.191822e+02
  3.697178e+00,  3.183113e+02
  2.402544e+00,  3.180907e+02
  8.834780e-01,  3.200907e+02
  6.786417e-01,  1.309171e+02
  2.074516e+00,  1.344283e+02
  3.132028e+00,  1.355323e+02
  3.711031e+00,  1.369949e+02
  3.736086e+00,  1.397206e+02
  3.219072e+00,  1.455154e+02
  2.316572e+00,  1.601433e+02
  1.635996e+00,  2.015350e+02
  2.342392e+00,  2.499079e+02
  3.840732e+00,  2.676032e+02
  5.332487e+00,  2.730581e+02
  6.495840e+00,  2.737819e+02
  7.159468e+00,  2.716515e+02
  7.257384e+00,  2.668328e+02
  6.846828e+00,  2.585176e+02
  6.151089e+00,  2.449756e+02
  5.609097e+00,  2.244956e+02
  5.752276e+00,  1.996328e+02
  6.706044e+00,  1.780315e+02
  8.062550e+00,  1.630713e+02
  9.341781e+00,  1.531836e+02
  1.020870e+01,  1.463596e+02
  1.046978e+01,  1.413031e+02
  1.004923e+01,  1.372260e+02
  8.973932e+00,  1.335736e+02
  7.359382e+00,  1.297907e+02
  5.392816e+00,  1.249364e+02
  3.320773e+00,  1.162819e+02
  1.520847e+00,  8.994040e+01
  1.233296e+00,  1.127425e+01
  2.187727e+00,  3.412683e+02
  2.820382e+00,  3.347560e+02
  2.920833e+00,  3.353479e+02
  2.552688e+00,  3.422257e+02
  1.959066e+00,  4.773784e-01
  1.678502e+00,  3.724381e+01
  2.138250e+00,  7.195180e+01
  2.874082e+00,  8.946916e+01
  3.402088e+00,  9.853542e+01
  3.491810e+00,  1.048594e+02
  3.060933e+00,  1.118712e+02
  2.176164e+00,  1.255262e+02
  1.340744e+00,  1.691296e+02
  2.068102e+00,  2.289472e+02
  3.753100e+00,  2.472540e+02
  5.475773e+00,  2.525030e+02
  6.906863e+00,  2.533881e+02
  7.849340e+00,  2.518804e+02
  8.196709e+00,  2.483445e+02
  7.947170e+00,  2.424090e+02
  7.227404e+00,  2.330233e+02
  6.324914e+00,  2.184453e+02
  5.695994e+00,  1.975186e+02
  5.761200e+00,  1.736575e+02
  6.467621e+00,  1.537842e+02
  7.351355e+00,  1.402859e+02
  7.974004e+00,  1.317212e+02
  8.073748e+00,  1.265330e+02
  7.549836e+00,  1.239851e+02
  6.438808e+00,  1.242532e+02
  4.909302e+00,  1.290112e+02
  3.312936e+00,  1.438964e+02
  2.417364e+00,  1.801345e+02
  2.925087e+00,  2.176398e+02
  3.919555e+00,  2.332269e+02
  4.582291e+00,  2.376226e+02
  4.636649e+00,  2.364043e+02
  4.045089e+00,  2.299716e+02
  2.988666e+00,  2.136689e+02
  2.185519e+00,  1.724546e+02
  2.968437e+00,  1.228898e+02
  4.753517e+00,  1.000625e+02
  6.569583e+00,  8.882535e+01
  7.999742e+00,  8.130085e+01
  8.821057e+00,  7.488519e+01
  8.931066e+00,  6.830618e+01
  8.347173e+00,  6.046953e+01
  7.220579e+00,  4.983859e+01
  5.867759e+00,  3.379546e+01
  4.817908e+00,  9.137217e+00
  4.638812e+00,  3.387760e+02
  5.246784e+00,  3.139904e+02
  5.972726e+00,  2.981095e+02
  6.289579e+00,  2.880692e+02
  5.940707e+00,  2.813985e+02
  4.857539e+00,  2.769865e+02
  3.109340e+00,  2.751801e+02
  9.052511e-01,  2.883387e+02
  1.727769e+00,  6.970204e+01
  4.214382e+00,  7.380706e+01
  6.432585e+00,  7.259423e+01
  8.131218e+00,  7.037609e+01
  9.138291e+00,  6.768893e+01
  9.372647e+00,  6.459103e+01
  8.854308e+00,  6.097343e+01
  7.701676e+00,  5.657827e+01
  6.117181e+00,  5.089795e+01
  4.363185e+00,  4.288574e+01
  2.731367e+00,  3.022674e+01
  1.501050e+00,  8.268886e+00
  7.964059e-01,  3.363574e+02
  2.771290e-01,  3.319342e+02
  7.967617e-01,  7.871242e+01
  2.375356e+00,  7.678150e+01
  4.502492e+00,  7.154395e+01
  6.969230e+00,  6.671102e+01
  9.509177e+00,  6.228617e+01
  1.183626e+01,  5.805140e+01
  1.368463e+01,  5.379263e+01
  1.484553e+01,  4.929320e+01
  1.519742e+01,  4.429891e+01
  1.472653e+01,  3.847024e+01
  1.353631e+01,  3.131424e+01
  1.184624e+01,  2.209547e+01
  9.980037e+00,  9.797241e+00
  8.328772e+00,  3.534828e+02
  7.230963e+00,  3.337178e+02
  6.736722e+00,  3.139133e+02
  6.521393e+00,  2.979137e+02
  6.162635e+00,  2.870541e+02
  5.406874e+00,  2.813399e+02
  4.233989e+00,  2.819263e+02
  2.901262e+00,  2.947896e+02
  2.234868e+00,  3.325389e+02
  3.033267e+00,  7.770263e+00
  4.327119e+00,  1.976597e+01
  5.334343e+00,  2.162678e+01
  5.760068e+00,  1.860253e+01
  5.522999e+00,  1.137171e+01
  4.741498e+00,  3.578381e+02
  3.868483e+00,  3.324193e+02
  3.859506e+00,  2.940919e+02
  5.174826e+00,  2.627546e+02
  7.075364e+00,  2.446844e+02
  8.874495e+00,  2.334767e+02
  1.017931e+01,  2.252781e+02
  1.076682e+01,  2.183147e+02
  1.054423e+01,  2.115848e+02
  9.541193e+00,  2.042404e+02
  7.906796e+00,  1.951154e+02
  5.914213e+00,  1.818644e+02
  4.016699e+00,  1.587919e+02
  3.013467e+00,  1.177210e+02
  3.404788e+00,  7.595093e+01
  4.231312e+00,  5.101587e+01
  4.692515e+00,  3.428495e+01
  4.568667e+00,  1.873477e+01
  3.966773e+00,  3.590325e+02
  3.349144e+00,  3.286663e+02
  3.524027e+00,  2.895030e+02
  4.664609e+00,  2.596467e+02
  6.095609e+00,  2.417408e+02
  7.253179e+00,  2.300427e+02
  7.807625e+00,  2.211777e+02
  7.585454e+00,  2.134123e+02
  6.545847e+00,  2.054301e+02
  4.781429e+00,  1.950299e+02
  2.586728e+00,  1.731412e+02
  1.611234e+00,  8.940091e+01
  3.767727e+00,  4.106747e+01
  6.217368e+00,  2.644148e+01
  8.231180e+00,  1.720878e+01
  9.559230e+00,  9.051307e+00
  1.009483e+01,  4.732098e-01
  9.868927e+00,  3.503717e+02
  9.066925e+00,  3.374374e+02
  8.047606e+00,  3.200524e+02
  7.318099e+00,  2.973944e+02
  7.301611e+00,  2.722310e+02
  7.940561e+00,  2.499063e+02
  8.763909e+00,  2.325269e+02
  9.310959e+00,  2.189025e+02
  9.313277e+00,  2.072411e+02
  8.694052e+00,  1.959419e+02
  7.544116e+00,  1.833208e+02
  6.114496e+00,  1.670157e+02
  4.830140e+00,  1.437444e+02
  4.213799e+00,  1.131273e+02
  4.384144e+00,  8.434308e+01
  4.795186e+00,  6.448879e+01
  4.886461e+00,  5.196893e+01
  4.381131e+00,  4.435000e+01
  3.224915e+00,  4.155779e+01
  1.576558e+00,  5.296382e+01
  1.205692e+00,  1.511918e+02
  3.336255e+00,  1.761203e+02
  5.559020e+00,  1.773931e+02
  7.451285e+00,  1.749491e+02
  8.781562e+00,  1.710585e+02
  9.406752e+00,  1.661196e+02
  9.281936e+00,  1.599974e+02
  8.469337e+00,  1.521680e+02
  7.142082e+00,  1.415189e+02
  5.592513e+00,  1.258194e+02
  4.258099e+00,  1.013979e+02
  3.648953e+00,  6.774459e+01
  3.819349e+00,  3.561284e+01
  4.190669e+00,  1.169742e+01
  4.291652e+00,  3.522922e+02
  4.006982e+00,  3.321850e+02
  3.544690e+00,  3.060602e+02
  3.436483e+00,  2.715762e+02
  4.111645e+00,  2.386189e+02
  5.289576e+00,  2.157874e+02
  6.440892e+00,  2.005399e+02
  7.181687e+00,  1.892109e+02
  7.277688e+00,  1.795855e+02
  6.622767e+00,  1.700731e+02
  5.243096e+00,  1.585091e+02
  3.358797e+00,  1.384180e+02
  1.989141e+00,  8.113112e+01
  3.427866e+00,  1.876904e+01
  5.956082e+00,  3.570826e+02
  8.355299e+00,  3.452927e+02
  1.025785e+01,  3.360860e+02
  1.147627e+01,  3.274025e+02
  1.194530e+01,  3.182464e+02
  1.172186e+01,  3.078455e+02
  1.098408e+01,  2.954199e+02
  1.001468e+01,  2.802435e+02
  9.139752e+00,  2.621089e+02
  8.597448e+00,  2.420718e+02
  8.386712e+00,  2.222824e+02
  8.269825e+00,  2.043386e+02
  7.951326e+00,  1.882399e+02
  7.241989e+00,  1.727137e+02
  6.133755e+00,  1.554069e+02
  4.862515e+00,  1.320982e+02
  4.039660e+00,  9.741583e+01
  4.403936e+00,  5.845134e+01
  5.698180e+00,  3.103952e+01
  7.128677e+00,  1.394857e+01
  8.200147e+00,  2.072849e+00
  8.665510e+00,  3.526632e+02
  8.429435e+00,  3.442874e+02
  7.514059e+00,  3.359421e+02
  6.042321e+00,  3.264405e+02
  4.230635e+00,  3.132658e+02
  2.444858e+00,  2.877597e+02
  1.657270e+00,  2.261923e+02
  2.552376e+00,  1.765798e+02
  3.636256e+00,  1.551907e+02
  4.320032e+00,  1.407131e+02
  4.525091e+00,  1.268319e+02
  4.357822e+00,  1.106090e+02
  4.068718e+00,  9.002634e+01
  3.984355e+00,  6.552760e+01
  4.277784e+00,  4.186190e+01
  4.792091e+00,  2.346601e+01
  5.219904e+00,  1.070795e+01
  5.316017e+00,  2.407331e+00
  4.956561e+00,  3.579759e+02
  4.149176e+00,  3.583412e+02
  3.080744e+00,  7.926345e+00
  2.344297e+00,  3.729839e+01
  2.868955e+00,  7.382208e+01
  4.259229e+00,  8.938498e+01
  5.731461e+00,  9.254032e+01
  6.943676e+00,  9.023250e+01
  7.756823e+00,  8.472024e+01
  8.150023e+00,  7.664978e+01
  8.198258e+00,  6.612732e+01
  8.046245e+00,  5.322478e+01
  7.855088e+00,  3.839362e+01
  7.722129e+00,  2.266461e+01
  7.618339e+00,  7.293367e+00
  7.401010e+00,  3.530746e+02
  6.891285e+00,  3.399954e+02
  5.954755e+00,  3.272215e+02
  4.558253e+00,  3.125917e+02
  2.855487e+00,  2.887111e+02
  1.821886e+00,  2.262792e+02
  3.264003e+00,  1.681525e+02
  5.572297e+00,  1.469134e+02
  7.811691e+00,  1.349003e+02
  9.671946e+00,  1.256536e+02
  1.097199e+01,  1.173107e+02
  1.161653e+01,  1.090290e+02
  1.159629e+01,  1.002376e+02
  1.098693e+01,  9.039888e+01
  9.939671e+00,  7.890123e+01
  8.662407e+00,  6.502841e+01
  7.387658e+00,  4.808831e+01
  6.317978e+00,  2.785348e+01
  5.548676e+00,  5.109411e+00
  5.024386e+00,  3.412718e+02
  4.614321e+00,  3.168468e+02
  4.266674e+00,  2.906792e+02
  4.111183e+00,  2.614234e+02
  4.388802e+00,  2.310157e+02
  5.175347e+00,  2.045362e+02
  6.271837e+00,  1.842295e+02
  7.391928e+00,  1.688996e+02
  8.296394e+00,  1.567766e+02
  8.823432e+00,  1.465469e+02
  8.887726e+00,  1.372992e+02
  8.479168e+00,  1.283151e+02
  7.659707e+00,  1.188872e+02
  6.556368e+00,  1.081399e+02
  5.351669e+00,  9.485052e+01
  4.269604e+00,  7.753062e+01
  3.530360e+00,  5.581833e+01
  3.216774e+00,  3.330959e+01
  3.167157e+00,  1.573968e+01
  3.138795e+00,  5.542525e+00
  3.014216e+00,  2.713355e+00
  2.843520e+00,  7.212171e+00
  2.801871e+00,  1.799706e+01
  3.050471e+00,  3.037991e+01
  3.565054e+00,  3.885804e+01
  4.181091e+00,  4.194581e+01
  4.742010e+00,  4.060515e+01
  5.156254e+00,  3.589296e+01
  5.397441e+00,  2.846162e+01
  5.489800e+00,  1.873130e+01
  5.484573e+00,  7.141141e+00
  5.428038e+00,  3.543136e+02
  5.331109e+00,  3.410140e+02
  5.159006e+00,  3.279089e+02
  4.848894e+00,  3.153396e+02
  4.336781e+00,  3.031936e+02
  3.586549e+00,  2.907682e+02
  2.613499e+00,  2.760758e+02
  1.528711e+00,  2.515271e+02
  9.124892e-01,  1.831720e+02
  1.700763e+00,  1.237626e+02
  2.799472e+00,  1.019704e+02
  3.728412e+00,  8.795905e+01
  4.351869e+00,  7.545374e+01
  4.623892e+00,  6.219326e+01
  4.584179e+00,  4.646377e+01
  4.384861e+00,  2.648388e+01
  4.307994e+00,  1.395133e+00
  4.664390e+00,  3.339635e+02
  5.540398e+00,  3.094409e+02
  6.753997e+00,  2.899012e+02
  8.059791e+00,  2.742780e+02
  9.265912e+00,  2.610459e+02
  1.024815e+01,  2.491106e+02
  1.094051e+01,  2.377883e+02
  1.132278e+01,  2.266717e+02
  1.140590e+01,  2.155380e+02
  1.121563e+01,  2.042916e+02
  1.077913e+01,  1.929152e+02
  1.011955e+01,  1.814220e+02
  9.251493e+00,  1.698086e+02
  8.185540e+00,  1.579810e+02
  6.938988e+00,  1.456407e+02
  5.549229e+00,  1.320447e+02
  4.092809e+00,  1.153216e+02
  2.737833e+00,  9.023704e+01
  1.933930e+00,  4.542325e+01
  2.272653e+00,  3.548823e+02
  3.230454e+00,  3.259027e+02
  4.185958e+00,  3.087385e+02
  4.921491e+00,  2.962520e+02
  5.358334e+00,  2.858908e+02
  5.474087e+00,  2.766299e+02
  5.281415e+00,  2.680036e+02
  4.818098e+00,  2.598092e+02
  4.138789e+00,  2.520265e+02
  3.307414e+00,  2.448566e+02
  2.391506e+00,  2.389758e+02
  1.462296e+00,  2.367759e+02
  6.340489e-01,  2.524564e+02
  5.491238e-01,  3.340376e+02
  1.149562e+00,  3.533925e+02
  1.669016e+00,  3.517608e+02
  2.006760e+00,  3.459678e+02
  2.136870e+00,  3.385957e+02
  2.054877e+00,  3.302060e+02
  1.774091e+00,  3.206219e+02
  1.327443e+00,  3.086600e+02
  7.772676e-01,  2.889812e+02
  3.543213e-01,  2.234249e+02
  7.183056e-01,  1.484250e+02
  1.274895e+00,  1.259212e+02
  1.739570e+00,  1.115576e+02
  2.048245e+00,  9.848375e+01
  2.177513e+00,  8.460702e+01
  2.139406e+00,  6.838866e+01
  1.989945e+00,  4.798608e+01
  1.842242e+00,  2.147736e+01
  1.855607e+00,  3.495021e+02
  2.135673e+00,  3.177162e+02
  2.649001e+00,  2.907781e+02
  3.309334e+00,  2.684857e+02
  4.061767e+00,  2.492221e+02
  4.885442e+00,  2.319223e+02
  5.770428e+00,  2.161320e+02
  6.695918e+00,  2.017052e+02
  7.617732e+00,  1.885704e+02
  8.467408e+00,  1.766166e+02
  9.161324e+00,  1.656690e+02
  9.615817e+00,  1.555079e+02
  9.760266e+00,  1.458808e+02
  9.550279e+00,  1.365028e+02
  8.977869e+00,  1.270445e+02
  8.076379e+00,  1.170995e+02
  6.919497e+00,  1.061174e+02
  5.614948e+00,  9.327046e+01
  4.295145e+00,  7.718319e+01
  3.109919e+00,  5.542385e+01
  2.229015e+00,  2.415735e+01
  1.828703e+00,  3.419093e+02
  1.943774e+00,  2.982461e+02
  2.416930e+00,  2.623386e+02
  3.143824e+00,  2.341052e+02
  4.086758e+00,  2.118982e+02
  5.182519e+00,  1.944021e+02
  6.324506e+00,  1.804148e+02
  7.384066e+00,  1.689168e+02
  8.235431e+00,  1.591230e+02
  8.775678e+00,  1.504466e+02
  8.939217e+00,  1.424356e+02
  8.706701e+00,  1.347129e+02
  8.107799e+00,  1.269280e+02
  7.217424e+00,  1.187171e+02
  6.145475e+00,  1.096753e+02
  5.020838e+00,  9.936726e+01
  3.967817e+00,  8.749261e+01
  3.074735e+00,  7.435209e+01
  2.362130e+00,  6.160714e+01
  1.781823e+00,  5.286687e+01
  1.289035e+00,  5.453804e+01
  1.003312e+00,  7.670559e+01
  1.216650e+00,  1.077155e+02
  1.786537e+00,  1.221513e+02
  2.391713e+00,  1.265058e+02
  2.846027e+00,  1.273524e+02
  3.034487e+00,  1.272741e+02
  2.892773e+00,  1.276807e+02
  2.413956e+00,  1.303599e+02
  1.677087e+00,  1.403757e+02
  1.034569e+00,  1.778538e+02
  1.436778e+00,  2.329265e+02
  2.493498e+00,  2.501149e+02
  3.548153e+00,  2.534415e+02
  4.380985e+00,  2.520153e+02
  4.882632e+00,  2.479220e+02
  5.012291e+00,  2.414992e+02
  4.801230e+00,  2.323192e+02
  4.360465e+00,  2.193965e+02
  3.880381e+00,  2.015837e+02
  3.584078e+00,  1.791724e+02
  3.578205e+00,  1.556913e+02
  3.733273e+00,  1.350966e+02
  3.802096e+00,  1.178907e+02
  3.594232e+00,  1.019739e+02
  3.054573e+00,  8.352196e+01
  2.362960e+00,  5.463487e+01
  2.217072e+00,  7.240518e+00
  3.244919e+00,  3.273806e+02
  4.894595e+00,  3.062496e+02
  6.627584e+00,  2.935815e+02
  8.144185e+00,  2.843748e+02
  9.243465e+00,  2.766493e+02
  9.795587e+00,  2.694223e+02
  9.745779e+00,  2.620223e+02
  9.121196e+00,  2.537948e+02
  8.034042e+00,  2.438871e+02
  6.681103e+00,  2.310040e+02
  5.340396e+00,  2.132492e+02
  4.340285e+00,  1.890759e+02
  3.894874e+00,  1.608795e+02
  3.847222e+00,  1.348857e+02
  3.807908e+00,  1.131810e+02
  3.521510e+00,  9.272548e+01
  3.009101e+00,  6.786864e+01
  2.669839e+00,  3.192186e+01
  3.146538e+00,  3.521520e+02
  4.394422e+00,  3.253056e+02
  5.876437e+00,  3.093804e+02
  7.199073e+00,  2.989682e+02
  8.112368e+00,  2.913696e+02
  8.462137e+00,  2.853365e+02
  8.180195e+00,  2.802373e+02
  7.282570e+00,  2.757234e+02
  5.863355e+00,  2.716039e+02
  4.080772e+00,  2.678457e+02
  2.135948e+00,  2.649681e+02
  2.638020e-01,  2.822893e+02
  1.404762e+00,  6.791066e+01
  2.630454e+00,  6.415824e+01
  3.356513e+00,  5.738301e+01
  3.585246e+00,  4.772876e+01
  3.438133e+00,  3.362020e+01
  3.182916e+00,  1.299168e+01
  3.185292e+00,  3.469906e+02
  3.613102e+00,  3.230964e+02
  4.246776e+00,  3.063832e+02
  4.756758e+00,  2.960032e+02
  4.911110e+00,  2.902183e+02
  4.605774e+00,  2.885157e+02
  3.876451e+00,  2.923011e+02
  2.971587e+00,  3.067012e+02
  2.560870e+00,  3.385100e+02
  3.285667e+00,  9.158187e+00
  4.612447e+00,  2.253309e+01
  5.892376e+00,  2.603134e+01
  6.800539e+00,  2.451569e+01
  7.191273e+00,  1.945820e+01
  7.063503e+00,  1.074538e+01
  6.582775e+00,  3.572709e+02
  6.113790e+00,  3.377452e+02
  6.139454e+00,  3.135259e+02
  6.885504e+00,  2.903258e+02
  8.080029e+00,  2.722267e+02
  9.263901e+00,  2.587861e+02
  1.006954e+01,  2.482140e+02
  1.027435e+01,  2.390162e+02
  9.794418e+00,  2.300139e+02
  8.679216e+00,  2.199896e+02
  7.114870e+00,  2.071451e+02
  5.450954e+00,  1.882332e+02
  4.257756e+00,  1.589419e+02
  4.095977e+00,  1.235142e+02
  4.683916e+00,  9.601957e+01
  5.239725e+00,  7.790565e+01
  5.293732e+00,  6.438672e+01
  4.689998e+00,  5.155811e+01
  3.504313e+00,  3.443828e+01
  2.210175e+00,  3.581927e+02
  2.406677e+00,  2.935111e+02
  4.206405e+00,  2.605596e+02
  6.182500e+00,  2.459889e+02
  7.784970e+00,  2.367954e+02
  8.745903e+00,  2.294672e+02
  8.925555e+00,  2.226242e+02
  8.300395e+00,  2.153234e+02
  6.966761e+00,  2.063357e+02
  5.155318e+00,  1.929780e+02
  3.328242e+00,  1.672977e+02
  2.576153e+00,  1.158737e+02
  3.551407e+00,  7.223488e+01
  4.885706e+00,  5.060488e+01
  5.801046e+00,  3.633989e+01
  6.092976e+00,  2.320176e+01
  5.817848e+00,  7.749126e+00
  5.288024e+00,  3.466640e+02
  5.099847e+00,  3.185376e+02
  5.781817e+00,  2.898555e+02
  7.177689e+00,  2.684829e+02
  8.735042e+00,  2.542948e+02
  9.996747e+00,  2.446219e+02
  1.067778e+01,  2.376485e+02
  1.063966e+01,  2.324286e+02
  9.873061e+00,  2.285535e+02
  8.484038e+00,  2.260250e+02
  6.677128e+00,  2.253912e+02
  4.740078e+00,  2.283958e+02
  3.056349e+00,  2.398251e+02
  2.157609e+00,  2.662125e+02
  2.246913e+00,  2.900885e+02
  2.669957e+00,  2.921543e+02
  3.165388e+00,  2.782697e+02
  4.028811e+00,  2.573781e+02
  5.503572e+00,  2.383935e+02
  7.467625e+00,  2.243521e+02
  9.604773e+00,  2.140799e+02
  1.157462e+01,  2.060140e+02
  1.307675e+01,  1.990852e+02
  1.388505e+01,  1.925769e+02
  1.387449e+01,  1.859122e+02
  1.304051e+01,  1.784752e+02
  1.151021e+01,  1.694083e+02
  9.550478e+00,  1.573089e+02
  7.582561e+00,  1.399134e+02
  6.171912e+00,  1.151381e+02
  5.748095e+00,  8.634087e+01
  6.041750e+00,  6.208520e+01
  6.339175e+00,  4.486568e+01
  6.134690e+00,  3.221466e+01
  5.231474e+00,  2.137105e+01
  3.659590e+00,  8.909128e+00
  1.714008e+00,  3.404771e+02
  1.609875e+00,  2.383966e+02
  3.841079e+00,  2.069395e+02
  6.012263e+00,  1.959840e+02
  7.687374e+00,  1.886601e+02
  8.656319e+00,  1.822683e+02
  8.824949e+00,  1.757650e+02
  8.218510e+00,  1.682902e+02
  6.988091e+00,  1.585838e+02
  5.423351e+00,  1.441898e+02
  3.998038e+00,  1.204302e+02
  3.356307e+00,  8.526421e+01
  3.625223e+00,  5.304890e+01
  4.047910e+00,  3.275461e+01
  3.998231e+00,  1.975139e+01
  3.222530e+00,  9.459848e+00
  1.701376e+00,  3.557876e+02
  7.117432e-01,  2.229145e+02
  3.251330e+00,  1.881533e+02
  6.075057e+00,  1.801750e+02
  8.788071e+00,  1.746442e+02
  1.110114e+01,  1.697413e+02
  1.278231e+01,  1.649027e+02
  1.368406e+01,  1.597852e+02
  1.376391e+01,  1.540607e+02
  1.309328e+01,  1.473289e+02
  1.185363e+01,  1.390637e+02
  1.031784e+01,  1.286224e+02
  8.808053e+00,  1.154947e+02
  7.605767e+00,  1.000589e+02
  6.809469e+00,  8.442995e+01
  6.261928e+00,  7.176475e+01
  5.693788e+00,  6.455741e+01
  4.961479e+00,  6.484186e+01
  4.226493e+00,  7.567758e+01
  4.046345e+00,  9.788687e+01
  4.880584e+00,  1.199601e+02
  6.379663e+00,  1.325499e+02
  7.948636e+00,  1.379950e+02
  9.173331e+00,  1.395444e+02
  9.800468e+00,  1.388106e+02
  9.703763e+00,  1.363997e+02
  8.875292e+00,  1.322976e+02
  7.423077e+00,  1.258267e+02
  5.576383e+00,  1.149599e+02
  3.743661e+00,  9.391893e+01
  2.737817e+00,  5.231475e+01
  3.221737e+00,  8.897879e+00
  4.219083e+00,  3.448294e+02
  4.892349e+00,  3.295672e+02
  5.004806e+00,  3.158449e+02
  4.621454e+00,  2.991725e+02
  4.102650e+00,  2.749315e+02
  4.128054e+00,  2.426707e+02
  5.112318e+00,  2.139869e+02
  6.665310e+00,  1.955782e+02
  8.231140e+00,  1.843557e+02
  9.432468e+00,  1.771603e+02
  1.004491e+01,  1.723747e+02
  9.966420e+00,  1.692836e+02
  9.206184e+00,  1.676986e+02
  7.876365e+00,  1.679024e+02
  6.183365e+00,  1.709253e+02
  4.430309e+00,  1.794447e+02
  3.061579e+00,  1.990442e+02
  2.604509e+00,  2.296169e+02
  2.907548e+00,  2.510162e+02
  3.244637e+00,  2.569191e+02
  3.298504e+00,  2.515876e+02
  3.179120e+00,  2.358509e+02
  3.295606e+00,  2.111636e+02
  3.994067e+00,  1.865776e+02
  5.125340e+00,  1.692372e+02
  6.299194e+00,  1.580778e+02
  7.181946e+00,  1.505279e+02
  7.542510e+00,  1.449724e+02
  7.248949e+00,  1.405208e+02
  6.266955e+00,  1.366317e+02
  4.655898e+00,  1.328374e+02
  2.558514e+00,  1.280900e+02
  2.401869e-01,  8.381446e+01
  2.262516e+00,  3.103089e+02
  4.479115e+00,  3.050446e+02
  6.269876e+00,  3.009953e+02
  7.465028e+00,  2.968137e+02
  7.973742e+00,  2.919739e+02
  7.799120e+00,  2.858883e+02
  7.048822e+00,  2.776094e+02
  5.947059e+00,  2.654679e+02
  4.854866e+00,  2.469336e+02
  4.237075e+00,  2.211451e+02
  4.327209e+00,  1.947412e+02
  4.788958e+00,  1.753545e+02
  5.122881e+00,  1.629452e+02
  5.026156e+00,  1.550866e+02
  4.388802e+00,  1.503021e+02
  3.238789e+00,  1.485337e+02
  1.719275e+00,  1.539424e+02
  5.723579e-01,  2.374447e+02
  1.999928e+00,  2.936554e+02
  3.506867e+00,  2.983461e+02
  4.606369e+00,  2.984589e+02
  5.133233e+00,  2.972905e+02
  5.005094e+00,  2.954457e+02
  4.221666e+00,  2.928754e+02
  2.864222e+00,  2.886889e+02
  1.104684e+00,  2.750213e+02
  1.049028e+00,  1.317129e+02
  3.052125e+00,  1.162564e+02
  4.882603e+00,  1.112031e+02
  6.321183e+00,  1.073355e+02
  7.227284e+00,  1.034379e+02
  7.533935e+00,  9.893395e+01
  7.258064e+00,  9.321432e+01
  6.507630e+00,  8.534433e+01
  5.489323e+00,  7.375435e+01
  4.518935e+00,  5.625942e+01
  3.976725e+00,  3.251033e+01
  4.034435e+00,  8.578482e+00
  4.422613e+00,  3.512295e+02
  4.748435e+00,  3.408174e+02
  4.780717e+00,  3.354543e+02
  4.456582e+00,  3.340322e+02
  3.836851e+00,  3.365742e+02
  3.075622e+00,  3.442167e+02
  2.389357e+00,  3.586740e+02
  1.962121e+00,  1.873285e+01
  1.741535e+00,  3.667793e+01
  1.441428e+00,  4.562265e+01
  8.450313e-01,  3.727370e+01
  6.384115e-01,  3.033928e+02
  2.046253e+00,  2.699021e+02
  3.924163e+00,  2.635574e+02
  5.991324e+00,  2.604262e+02
  8.033553e+00,  2.578596e+02
  9.839930e+00,  2.552105e+02
  1.122446e+01,  2.522109e+02
  1.205018e+01,  2.486643e+02
  1.224819e+01,  2.443488e+02
  1.182923e+01,  2.389621e+02
  1.088697e+01,  2.320688e+02
  9.592697e+00,  2.230547e+02
  8.178968e+00,  2.111567e+02
  6.902449e+00,  1.958041e+02
  5.960722e+00,  1.775523e+02
  5.362037e+00,  1.587143e+02
  4.898122e+00,  1.418370e+02
  4.298949e+00,  1.276833e+02
  3.391612e+00,  1.151688e+02
  2.152600e+00,  1.008198e+02
  8.061427e-01,  6.042116e+01
  1.310592e+00,  3.137795e+02
  2.799894e+00,  2.932619e+02
  4.052866e+00,  2.845940e+02
  4.827598e+00,  2.785678e+02
  4.975568e+00,  2.734258e+02
  4.424737e+00,  2.683334e+02
  3.187564e+00,  2.620587e+02
  1.382178e+00,  2.473121e+02
  1.089188e+00,  1.076858e+02
  3.546897e+00,  8.672946e+01
  6.060725e+00,  7.995710e+01
  8.346091e+00,  7.487340e+01
  1.019468e+01,  7.008582e+01
  1.145759e+01,  6.511621e+01
  1.206113e+01,  5.965421e+01
  1.201610e+01,  5.340125e+01
  1.141690e+01,  4.601981e+01
  1.043013e+01,  3.713459e+01
  9.271346e+00,  2.643475e+01
  8.153176e+00,  1.394753e+01
  7.215823e+00,  4.241826e-01
  6.467960e+00,  3.474202e+02
  5.797479e+00,  3.367289e+02
  5.064302e+00,  3.298439e+02
  4.205931e+00,  3.283335e+02
  3.314062e+00,  3.350388e+02
  2.702297e+00,  3.538135e+02
  2.764513e+00,  1.912421e+01
  3.366917e+00,  3.604807e+01
  4.015662e+00,  4.325822e+01
  4.379035e+00,  4.480923e+01
  4.301806e+00,  4.279821e+01
  3.750822e+00,  3.740226e+01
  2.808209e+00,  2.630199e+01
  1.759054e+00,  3.591538e+02
  1.533838e+00,  2.991011e+02
  2.531365e+00,  2.602749e+02
  3.684826e+00,  2.437936e+02
  4.525298e+00,  2.334573e+02
  4.866544e+00,  2.245360e+02
  4.640015e+00,  2.147662e+02
  3.894361e+00,  2.013693e+02
  2.879691e+00,  1.777323e+02
  2.369920e+00,  1.324496e+02
  3.262089e+00,  8.821084e+01
  4.891717e+00,  6.507378e+01
  6.529243e+00,  5.141247e+01
  7.843564e+00,  4.111849e+01
  8.664593e+00,  3.188899e+01
  8.924409e+00,  2.258435e+01
  8.646412e+00,  1.239357e+01
  7.937603e+00,  5.292752e-01
  6.972930e+00,  3.461223e+02
  5.963877e+00,  3.283450e+02
  5.098688e+00,  3.069195e+02
  4.456713e+00,  2.826560e+02
  3.972626e+00,  2.566201e+02
  3.552931e+00,  2.279419e+02
  3.303080e+00,  1.935563e+02
  3.633964e+00,  1.549602e+02
  4.811597e+00,  1.226419e+02
  6.597686e+00,  1.003642e+02
  8.616662e+00,  8.483181e+01
  1.054876e+01,  7.309929e+01
  1.213320e+01,  6.350168e+01
  1.316867e+01,  5.509477e+01
  1.352393e+01,  4.727576e+01
  1.314904e+01,  3.958191e+01
  1.208246e+01,  3.156609e+01
  1.044226e+01,  2.266347e+01
  8.415400e+00,  1.195152e+01
  6.252741e+00,  3.575826e+02
  4.295271e+00,  3.354045e+02
  3.068259e+00,  2.986671e+02
  3.029698e+00,  2.549506e+02
  3.649728e+00,  2.238167e+02
  4.213886e+00,  2.025381e+02
  4.483074e+00,  1.847724e+02
  4.466469e+00,  1.673098e+02
  4.273330e+00,  1.486441e+02
  4.030555e+00,  1.284608e+02
  3.808467e+00,  1.075173e+02
  3.579719e+00,  8.687065e+01
  3.253059e+00,  6.658073e+01
  2.760732e+00,  4.465868e+01
  2.171435e+00,  1.545853e+01
  1.888854e+00,  3.307811e+02
  2.468568e+00,  2.861169e+02
  3.656240e+00,  2.595279e+02
  4.978302e+00,  2.436329e+02
  6.155701e+00,  2.326485e+02
  7.006972e+00,  2.242474e+02
  7.413612e+00,  2.174723e+02
  7.321838e+00,  2.119785e+02
  6.742978e+00,  2.078367e+02
  5.755809e+00,  2.056519e+02
  4.515497e+00,  2.071418e+02
  3.297079e+00,  2.166142e+02
  2.614059e+00,  2.400317e+02
  2.945688e+00,  2.654462e+02
  3.908614e+00,  2.753046e+02
  4.990132e+00,  2.738334e+02
  6.015710e+00,  2.663990e+02
  6.977739e+00,  2.555963e+02
  7.919713e+00,  2.429180e+02
  8.871012e+00,  2.294247e+02
  9.812998e+00,  2.158330e+02
  1.067910e+01,  2.024886e+02
  1.137989e+01,  1.894150e+02
  1.183549e+01,  1.764187e+02
  1.200202e+01,  1.631905e+02
  1.188645e+01,  1.493798e+02
  1.154813e+01,  1.346620e+02
  1.108582e+01,  1.188268e+02
  1.060913e+01,  1.018924e+02
  1.019870e+01,  8.417867e+01
  9.871396e+00,  6.622029e+01
  9.575408e+00,  4.850269e+01
  9.222505e+00,  3.121027e+01
  8.731475e+00,  1.413556e+01
  8.065911e+00,  3.567039e+02
  7.257322e+00,  3.380193e+02
  6.415198e+00,  3.169537e+02
  5.719965e+00,  2.925878e+02
  5.366216e+00,  2.654175e+02
  5.430628e+00,  2.381393e+02
  5.790375e+00,  2.135467e+02
  6.224481e+00,  1.922537e+02
  6.549877e+00,  1.733305e+02
  6.669119e+00,  1.555227e+02
  6.567702e+00,  1.376886e+02
  6.301693e+00,  1.188526e+02
  5.982540e+00,  9.830239e+01
  5.748837e+00,  7.592749e+01
  5.712232e+00,  5.261090e+01
  5.895700e+00,  2.994639e+01
  6.222386e+00,  9.184865e+00
  6.567921e+00,  3.506300e+02
  6.818502e+00,  3.339211e+02
  6.898425e+00,  3.184912e+02
  6.774061e+00,  3.038012e+02
  6.447919e+00,  2.894007e+02
  5.949614e+00,  2.749257e+02
  5.326154e+00,  2.600972e+02
  4.628716e+00,  2.447462e+02
  3.899797e+00,  2.288458e+02
  3.163619e+00,  2.125254e+02
  2.423226e+00,  1.960174e+02
  1.666684e+00,  1.794603e+02
  8.806858e-01,  1.620950e+02
  9.185803e-02,  1.016709e+02
  7.777485e-01,  3.238421e+02
  1.581446e+00,  3.080689e+02
  2.302480e+00,  2.944688e+02
  2.878637e+00,  2.812603e+02
  3.257283e+00,  2.676566e+02
  3.410965e+00,  2.528096e+02
  3.357001e+00,  2.355323e+02
  3.182994e+00,  2.142214e+02
  3.069135e+00,  1.877117e+02
  3.240585e+00,  1.580207e+02
  3.788848e+00,  1.304987e+02
  4.593172e+00,  1.079970e+02
  5.459777e+00,  8.965997e+01
  6.227648e+00,  7.377252e+01
  6.791417e+00,  5.894895e+01
  7.104510e+00,  4.415548e+01
  7.181986e+00,  2.857254e+01
  7.099632e+00,  1.157272e+01
  6.979026e+00,  3.528729e+02
  6.948268e+00,  3.328060e+02
  7.081166e+00,  3.123586e+02
  7.354414e+00,  2.926372e+02
  7.665182e+00,  2.741868e+02
  7.892118e+00,  2.568292e+02
  7.952176e+00,  2.399187e+02
  7.833666e+00,  2.226240e+02
  7.607600e+00,  2.041649e+02
  7.413776e+00,  1.841623e+02
  7.405645e+00,  1.631074e+02
  7.658115e+00,  1.423964e+02
  8.107336e+00,  1.234544e+02
  8.585536e+00,  1.068514e+02
  8.905013e+00,  9.232287e+01
  8.919930e+00,  7.921100e+01
  8.553750e+00,  6.673411e+01
  7.807697e+00,  5.401023e+01
  6.761831e+00,  3.991603e+01
  5.575299e+00,  2.283563e+01
  4.487977e+00,  5.889465e-01
  3.789664e+00,  3.320339e+02
  3.637990e+00,  3.011349e+02
  3.847862e+00,  2.742091e+02
  4.095460e+00,  2.521749e+02
  4.196264e+00,  2.324817e+02
  4.145326e+00,  2.124987e+02
  4.076876e+00,  1.906294e+02
  4.183158e+00,  1.674652e+02
  4.564610e+00,  1.459572e+02
  5.136611e+00,  1.286696e+02
  5.709794e+00,  1.159935e+02
  6.107311e+00,  1.072229e+02
  6.217808e+00,  1.017084e+02
  6.009539e+00,  9.924055e+01
  5.534621e+00,  1.001267e+02
  4.931263e+00,  1.051280e+02
  4.413557e+00,  1.148390e+02
  4.200651e+00,  1.278559e+02
  4.357106e+00,  1.399259e+02
  4.732521e+00,  1.474930e+02
  5.116855e+00,  1.499972e+02
  5.376730e+00,  1.482219e+02
  5.479755e+00,  1.429543e+02
  5.470445e+00,  1.348625e+02
  5.426655e+00,  1.248170e+02
  5.403424e+00,  1.141184e+02
  5.389203e+00,  1.042971e+02
  5.308738e+00,  9.667609e+01
  5.072162e+00,  9.227988e+01
  4.637648e+00,  9.227607e+01
  4.078430e+00,  9.864101e+01
  3.662131e+00,  1.137580e+02
  3.814100e+00,  1.350171e+02
  4.681689e+00,  1.524304e+02
  5.954973e+00,  1.619244e+02
  7.263557e+00,  1.657179e+02
  8.343000e+00,  1.660356e+02
  9.023540e+00,  1.640223e+02
  9.217961e+00,  1.601061e+02
  8.921162e+00,  1.542569e+02
  8.211577e+00,  1.460760e+02
  7.248809e+00,  1.348230e+02
  6.259964e+00,  1.196085e+02
  5.489656e+00,  1.002185e+02
  5.076877e+00,  7.842236e+01
  4.932165e+00,  5.726718e+01
  4.809174e+00,  3.805235e+01
  4.506937e+00,  1.935214e+01
  4.010059e+00,  3.577250e+02
  3.595844e+00,  3.286701e+02
  3.830742e+00,  2.937184e+02
  4.965558e+00,  2.650621e+02
  6.628953e+00,  2.466145e+02
  8.385694e+00,  2.346924e+02
  9.928901e+00,  2.263418e+02
  1.104832e+01,  2.199973e+02
  1.161159e+01,  2.148129e+02
  1.156152e+01,  2.102690e+02
  1.091508e+01,  2.059777e+02
  9.758224e+00,  2.015642e+02
  8.234948e+00,  1.965514e+02
  6.532262e+00,  1.901844e+02
  4.864996e+00,  1.811195e+02
  3.464705e+00,  1.670923e+02
  2.552212e+00,  1.462816e+02
  2.189441e+00,  1.236204e+02
  2.124658e+00,  1.092687e+02
  2.078663e+00,  1.063585e+02
  2.001633e+00,  1.137074e+02
  2.008493e+00,  1.286022e+02
  2.190835e+00,  1.450283e+02
  2.471505e+00,  1.576890e+02
  2.674540e+00,  1.657438e+02
  2.639284e+00,  1.701434e+02
  2.215179e+00,  1.711308e+02
  1.018283e+00,  1.753531e+02
##END=
