##TITLE= E:\桌面\nmr\ogm\sjd\matlabcod\1\4_4_xjhsjd
##JCAMP-DX= 5.00 Bruker JCAMP library
##DATA TYPE= Shape Data
##ORIGIN= Colm's GRAPE Pulses 
##OWNER= Dawei.Lu
##DATE= 02-Aug-2025
##TIME= 11:52
##MINX= 7.665849e-02
##MAXX= 1.148489e+01
##MINY= 1.322811e-01
##MAXY= 3.596774e+02
##$SHAPE_EXMODE= None
##$SHAPE_TOTROT= 9.000000e+01
##$SHAPE_BWFAC= 1.000000e+00
##$SHAPE_INTEGFAC= 1.000000e+00
##$SHAPE_MODE= 1
##PULSE_WIDTH= 5000
##Calibration_Power= 12500
##NPOINTS= 1000
##XYPOINTS= (XY..XY)
  2.160274e+00,  3.126068e+02
  2.425149e+00,  3.295366e+02
  2.371764e+00,  3.488555e+02
  1.138573e+00,  3.925190e+01
  2.005145e+00,  1.136330e+02
  3.737998e+00,  1.320624e+02
  5.341174e+00,  1.398175e+02
  6.607368e+00,  1.449994e+02
  7.439556e+00,  1.494334e+02
  7.805803e+00,  1.538042e+02
  7.733181e+00,  1.584735e+02
  7.299157e+00,  1.636621e+02
  6.615493e+00,  1.694550e+02
  5.804792e+00,  1.756923e+02
  4.973441e+00,  1.817522e+02
  4.192036e+00,  1.862659e+02
  3.504597e+00,  1.868704e+02
  2.988194e+00,  1.803637e+02
  2.832207e+00,  1.653652e+02
  3.236866e+00,  1.480403e+02
  4.135180e+00,  1.360942e+02
  5.274463e+00,  1.298669e+02
  6.414972e+00,  1.270903e+02
  7.363880e+00,  1.261791e+02
  7.969657e+00,  1.263095e+02
  8.124702e+00,  1.270888e+02
  7.772004e+00,  1.283688e+02
  6.910322e+00,  1.301898e+02
  5.595688e+00,  1.328673e+02
  3.940243e+00,  1.374848e+02
  2.125030e+00,  1.490473e+02
  8.034146e-01,  2.153599e+02
  1.933435e+00,  2.846995e+02
  3.358683e+00,  2.967014e+02
  4.418008e+00,  3.014973e+02
  4.996332e+00,  3.043563e+02
  5.065903e+00,  3.064069e+02
  4.662170e+00,  3.079541e+02
  3.873710e+00,  3.089116e+02
  2.829990e+00,  3.085673e+02
  1.692685e+00,  3.038181e+02
  7.280482e-01,  2.746295e+02
  8.412606e-01,  1.994919e+02
  1.537827e+00,  1.854509e+02
  2.120360e+00,  1.895347e+02
  2.587568e+00,  1.997879e+02
  3.039241e+00,  2.129426e+02
  3.556601e+00,  2.263766e+02
  4.132424e+00,  2.381171e+02
  4.672224e+00,  2.474319e+02
  5.043275e+00,  2.544611e+02
  5.121438e+00,  2.595980e+02
  4.821303e+00,  2.631425e+02
  4.109861e+00,  2.650580e+02
  3.013226e+00,  2.644112e+02
  1.636756e+00,  2.555775e+02
  6.903628e-01,  1.779940e+02
  2.019708e+00,  1.234963e+02
  3.636670e+00,  1.168221e+02
  5.080683e+00,  1.158807e+02
  6.215741e+00,  1.166595e+02
  6.964246e+00,  1.182767e+02
  7.298839e+00,  1.204472e+02
  7.240110e+00,  1.230403e+02
  6.849129e+00,  1.259318e+02
  6.214495e+00,  1.288985e+02
  5.436335e+00,  1.314836e+02
  4.612616e+00,  1.328000e+02
  3.837112e+00,  1.312905e+02
  3.219658e+00,  1.247510e+02
  2.914045e+00,  1.119644e+02
  3.054991e+00,  9.649699e+01
  3.593103e+00,  8.445086e+01
  4.321504e+00,  7.741847e+01
  5.023588e+00,  7.390615e+01
  5.519592e+00,  7.244157e+01
  5.667782e+00,  7.220218e+01
  5.371057e+00,  7.290937e+01
  4.585275e+00,  7.480978e+01
  3.332098e+00,  7.937105e+01
  1.752043e+00,  9.504737e+01
  1.064304e+00,  1.826721e+02
  2.838821e+00,  2.235053e+02
  4.883434e+00,  2.309029e+02
  6.735513e+00,  2.329471e+02
  8.198089e+00,  2.330352e+02
  9.138099e+00,  2.319363e+02
  9.486550e+00,  2.297946e+02
  9.246426e+00,  2.264704e+02
  8.496282e+00,  2.215768e+02
  7.388815e+00,  2.144066e+02
  6.145027e+00,  2.038532e+02
  5.035742e+00,  1.887200e+02
  4.306197e+00,  1.693976e+02
  3.998524e+00,  1.498772e+02
  3.872279e+00,  1.348105e+02
  3.619962e+00,  1.256718e+02
  3.068375e+00,  1.226580e+02
  2.229105e+00,  1.286817e+02
  1.431756e+00,  1.579271e+02
  1.666641e+00,  2.106800e+02
  2.782410e+00,  2.332439e+02
  3.927748e+00,  2.401435e+02
  4.768704e+00,  2.421248e+02
  5.137859e+00,  2.419639e+02
  4.952912e+00,  2.403522e+02
  4.210517e+00,  2.369986e+02
  2.992772e+00,  2.298768e+02
  1.539719e+00,  2.072970e+02
  1.232774e+00,  1.219061e+02
  2.786683e+00,  8.671508e+01
  4.430271e+00,  7.709490e+01
  5.774245e+00,  7.227560e+01
  6.661951e+00,  6.895323e+01
  7.017303e+00,  6.614425e+01
  6.835372e+00,  6.336612e+01
  6.178122e+00,  6.020895e+01
  5.165306e+00,  5.609657e+01
  3.962038e+00,  4.992248e+01
  2.770670e+00,  3.920112e+01
  1.842615e+00,  1.872938e+01
  1.452827e+00,  3.468945e+02
  1.531015e+00,  3.222641e+02
  1.673624e+00,  3.138862e+02
  1.713293e+00,  3.172713e+02
  1.708072e+00,  3.291875e+02
  1.772141e+00,  3.455533e+02
  1.914860e+00,  8.044400e-01
  2.009807e+00,  1.232071e+01
  1.897894e+00,  2.107969e+01
  1.468811e+00,  3.034523e+01
  7.356058e-01,  5.515915e+01
  8.190137e-01,  1.579503e+02
  2.210413e+00,  1.818165e+02
  3.846586e+00,  1.863839e+02
  5.494481e+00,  1.868613e+02
  6.972251e+00,  1.854111e+02
  8.122069e+00,  1.825380e+02
  8.830529e+00,  1.782644e+02
  9.050256e+00,  1.723466e+02
  8.817904e+00,  1.643053e+02
  8.266349e+00,  1.534493e+02
  7.622836e+00,  1.391056e+02
  7.162653e+00,  1.213857e+02
  7.075789e+00,  1.021254e+02
  7.317606e+00,  8.410335e+01
  7.637993e+00,  6.882364e+01
  7.753289e+00,  5.604979e+01
  7.464750e+00,  4.474411e+01
  6.692678e+00,  3.357406e+01
  5.482046e+00,  2.061337e+01
  4.028673e+00,  1.872907e+00
  2.827723e+00,  3.280309e+02
  2.811999e+00,  2.791056e+02
  3.908175e+00,  2.458292e+02
  5.146127e+00,  2.272711e+02
  6.052364e+00,  2.142357e+02
  6.458268e+00,  2.027354e+02
  6.349163e+00,  1.906558e+02
  5.838602e+00,  1.761751e+02
  5.172705e+00,  1.573178e+02
  4.709635e+00,  1.330964e+02
  4.741434e+00,  1.066529e+02
  5.202095e+00,  8.369690e+01
  5.744433e+00,  6.603658e+01
  6.047237e+00,  5.211897e+01
  5.929290e+00,  3.990088e+01
  5.347551e+00,  2.738036e+01
  4.395687e+00,  1.181092e+01
  3.355137e+00,  3.479956e+02
  2.828655e+00,  3.102036e+02
  3.343608e+00,  2.721347e+02
  4.439066e+00,  2.487461e+02
  5.501609e+00,  2.348579e+02
  6.227408e+00,  2.254087e+02
  6.488119e+00,  2.181343e+02
  6.260766e+00,  2.119879e+02
  5.601714e+00,  2.063951e+02
  4.626834e+00,  2.009784e+02
  3.489368e+00,  1.954356e+02
  2.355207e+00,  1.895112e+02
  1.377269e+00,  1.832573e+02
  6.722626e-01,  1.792326e+02
  3.286021e-01,  1.942376e+02
  4.453330e-01,  2.173017e+02
  8.812996e-01,  2.118057e+02
  1.517609e+00,  2.021874e+02
  2.234949e+00,  1.935619e+02
  2.883837e+00,  1.855711e+02
  3.317779e+00,  1.773434e+02
  3.424990e+00,  1.677438e+02
  3.165408e+00,  1.547381e+02
  2.642807e+00,  1.337395e+02
  2.295699e+00,  9.718967e+01
  2.852963e+00,  5.515245e+01
  4.241764e+00,  2.839296e+01
  5.916552e+00,  1.237989e+01
  7.522180e+00,  8.929273e-01
  8.831711e+00,  3.511756e+02
  9.697419e+00,  3.419073e+02
  1.004819e+01,  3.322647e+02
  9.895962e+00,  3.215573e+02
  9.339525e+00,  3.090771e+02
  8.555215e+00,  2.940960e+02
  7.769293e+00,  2.761116e+02
  7.192528e+00,  2.554265e+02
  6.917759e+00,  2.335053e+02
  6.864569e+00,  2.120850e+02
  6.857022e+00,  1.917973e+02
  6.759537e+00,  1.719902e+02
  6.559667e+00,  1.514216e+02
  6.380347e+00,  1.290993e+02
  6.417308e+00,  1.053006e+02
  6.792615e+00,  8.197668e+01
  7.434376e+00,  6.121690e+01
  8.123101e+00,  4.360766e+01
  8.620647e+00,  2.849407e+01
  8.751775e+00,  1.481845e+01
  8.434266e+00,  1.453348e+00
  7.690370e+00,  3.471186e+02
  6.658743e+00,  3.300978e+02
  5.616819e+00,  3.080860e+02
  4.978205e+00,  2.797530e+02
  5.071426e+00,  2.492679e+02
  5.760590e+00,  2.236975e+02
  6.616992e+00,  2.044262e+02
  7.304614e+00,  1.893401e+02
  7.653978e+00,  1.764604e+02
  7.619854e+00,  1.644888e+02
  7.243438e+00,  1.525753e+02
  6.621498e+00,  1.401603e+02
  5.873019e+00,  1.269848e+02
  5.100982e+00,  1.132362e+02
  4.357379e+00,  9.971275e+01
  3.631517e+00,  8.784740e+01
  2.879488e+00,  7.979111e+01
  2.095401e+00,  7.969568e+01
  1.462199e+00,  9.802675e+01
  1.546729e+00,  1.350947e+02
  2.366412e+00,  1.538896e+02
  3.358921e+00,  1.574813e+02
  4.237341e+00,  1.554399e+02
  4.854666e+00,  1.509603e+02
  5.126463e+00,  1.450434e+02
  5.020573e+00,  1.379115e+02
  4.556164e+00,  1.293693e+02
  3.800486e+00,  1.187732e+02
  2.863119e+00,  1.045790e+02
  1.898514e+00,  8.262119e+01
  1.173206e+00,  4.089753e+01
  1.154587e+00,  3.384217e+02
  1.688422e+00,  2.958037e+02
  2.344345e+00,  2.670513e+02
  3.074420e+00,  2.428421e+02
  3.932071e+00,  2.213563e+02
  4.928020e+00,  2.025568e+02
  5.998786e+00,  1.862153e+02
  7.032191e+00,  1.717240e+02
  7.906636e+00,  1.583458e+02
  8.524391e+00,  1.453614e+02
  8.836083e+00,  1.320938e+02
  8.856666e+00,  1.179009e+02
  8.670546e+00,  1.022199e+02
  8.418393e+00,  8.474184e+01
  8.254177e+00,  6.570702e+01
  8.274453e+00,  4.602993e+01
  8.463072e+00,  2.686279e+01
  8.705400e+00,  8.889415e+00
  8.858430e+00,  3.520710e+02
  8.817309e+00,  3.358670e+02
  8.550203e+00,  3.195141e+02
  8.106667e+00,  3.022107e+02
  7.605608e+00,  2.833207e+02
  7.197217e+00,  2.627327e+02
  6.993505e+00,  2.412032e+02
  6.999464e+00,  2.200818e+02
  7.111516e+00,  2.003832e+02
  7.188250e+00,  1.822363e+02
  7.124648e+00,  1.650942e+02
  6.886863e+00,  1.481418e+02
  6.514040e+00,  1.305716e+02
  6.098925e+00,  1.118260e+02
  5.747802e+00,  9.191964e+01
  5.523703e+00,  7.163734e+01
  5.404571e+00,  5.215318e+01
  5.297194e+00,  3.423996e+01
  5.094779e+00,  1.788775e+01
  4.727989e+00,  2.471934e+00
  4.187209e+00,  3.469766e+02
  3.524613e+00,  3.300023e+02
  2.847985e+00,  3.096684e+02
  2.304591e+00,  2.841818e+02
  2.016792e+00,  2.546790e+02
  1.954268e+00,  2.268156e+02
  1.939462e+00,  2.043669e+02
  1.813426e+00,  1.863977e+02
  1.509104e+00,  1.703333e+02
  1.038925e+00,  1.523200e+02
  5.022556e-01,  1.174432e+02
  4.575541e-01,  1.930340e+01
  9.954645e-01,  3.396040e+02
  1.509886e+00,  3.205535e+02
  1.905691e+00,  3.042030e+02
  2.183169e+00,  2.871857e+02
  2.394030e+00,  2.685450e+02
  2.614064e+00,  2.487598e+02
  2.892308e+00,  2.294100e+02
  3.209134e+00,  2.120179e+02
  3.483611e+00,  1.971099e+02
  3.613338e+00,  1.843656e+02
  3.509574e+00,  1.731272e+02
  3.117067e+00,  1.626254e+02
  2.423102e+00,  1.517681e+02
  1.463644e+00,  1.374161e+02
  4.379514e-01,  8.408956e+01
  1.171393e+00,  3.352001e+02
  2.491063e+00,  3.166457e+02
  3.768493e+00,  3.047859e+02
  4.909649e+00,  2.938726e+02
  5.869864e+00,  2.827015e+02
  6.648108e+00,  2.708318e+02
  7.281846e+00,  2.581539e+02
  7.828918e+00,  2.448367e+02
  8.337774e+00,  2.312858e+02
  8.818093e+00,  2.180051e+02
  9.228472e+00,  2.054030e+02
  9.488472e+00,  1.936618e+02
  9.506805e+00,  1.827276e+02
  9.210141e+00,  1.723558e+02
  8.565642e+00,  1.621473e+02
  7.593875e+00,  1.515241e+02
  6.373175e+00,  1.396034e+02
  5.040160e+00,  1.248948e+02
  3.794755e+00,  1.048115e+02
  2.905785e+00,  7.619603e+01
  2.598142e+00,  4.139266e+01
  2.737183e+00,  1.054128e+01
  2.954284e+00,  3.465898e+02
  3.042730e+00,  3.257563e+02
  3.004942e+00,  3.042549e+02
  2.989607e+00,  2.800957e+02
  3.189629e+00,  2.548180e+02
  3.669139e+00,  2.326667e+02
  4.309370e+00,  2.158383e+02
  4.930254e+00,  2.036772e+02
  5.384613e+00,  1.948473e+02
  5.581606e+00,  1.883254e+02
  5.486095e+00,  1.834714e+02
  5.112730e+00,  1.799194e+02
  4.517176e+00,  1.774951e+02
  3.784550e+00,  1.761774e+02
  3.015542e+00,  1.760778e+02
  2.310952e+00,  1.773484e+02
  1.755824e+00,  1.798671e+02
  1.404283e+00,  1.824468e+02
  1.272366e+00,  1.826201e+02
  1.349593e+00,  1.793103e+02
  1.607514e+00,  1.746947e+02
  1.990261e+00,  1.711718e+02
  2.419650e+00,  1.695198e+02
  2.814532e+00,  1.697369e+02
  3.108951e+00,  1.718085e+02
  3.266969e+00,  1.759330e+02
  3.294577e+00,  1.825214e+02
  3.246216e+00,  1.920122e+02
  3.216512e+00,  2.043271e+02
  3.300443e+00,  2.181254e+02
  3.529431e+00,  2.310337e+02
  3.845813e+00,  2.412105e+02
  4.144700e+00,  2.481560e+02
  4.328316e+00,  2.521324e+02
  4.335436e+00,  2.534666e+02
  4.151962e+00,  2.522364e+02
  3.813427e+00,  2.481836e+02
  3.402492e+00,  2.407944e+02
  3.035586e+00,  2.298047e+02
  2.820599e+00,  2.164044e+02
  2.784381e+00,  2.038108e+02
  2.848021e+00,  1.951978e+02
  2.901125e+00,  1.918933e+02
  2.883659e+00,  1.941752e+02
  2.820716e+00,  2.022539e+02
  2.822154e+00,  2.157860e+02
  3.026384e+00,  2.322470e+02
  3.484747e+00,  2.474725e+02
  4.118203e+00,  2.590870e+02
  4.791598e+00,  2.671650e+02
  5.380641e+00,  2.725530e+02
  5.793191e+00,  2.759298e+02
  5.972738e+00,  2.776364e+02
  5.899442e+00,  2.777034e+02
  5.592252e+00,  2.758683e+02
  5.112734e+00,  2.715627e+02
  4.569698e+00,  2.639665e+02
  4.115764e+00,  2.524820e+02
  3.905391e+00,  2.380269e+02
  3.993737e+00,  2.237439e+02
  4.278263e+00,  2.126797e+02
  4.578434e+00,  2.056526e+02
  4.735121e+00,  2.021346e+02
  4.646031e+00,  2.015678e+02
  4.270304e+00,  2.039516e+02
  3.634989e+00,  2.102903e+02
  2.863392e+00,  2.236427e+02
  2.269380e+00,  2.499483e+02
  2.364338e+00,  2.857694e+02
  3.164614e+00,  3.109426e+02
  4.199990e+00,  3.239548e+02
  5.157029e+00,  3.307066e+02
  5.874262e+00,  3.341637e+02
  6.267447e+00,  3.354809e+02
  6.308976e+00,  3.350005e+02
  6.025513e+00,  3.326036e+02
  5.499809e+00,  3.278053e+02
  4.871416e+00,  3.198487e+02
  4.325349e+00,  3.082166e+02
  4.036650e+00,  2.940078e+02
  4.058384e+00,  2.806679e+02
  4.278647e+00,  2.715016e+02
  4.534254e+00,  2.674944e+02
  4.726021e+00,  2.682310e+02
  4.846358e+00,  2.730130e+02
  4.953826e+00,  2.809583e+02
  5.118279e+00,  2.907361e+02
  5.356880e+00,  3.007014e+02
  5.604562e+00,  3.095308e+02
  5.740756e+00,  3.166380e+02
  5.641572e+00,  3.220156e+02
  5.217599e+00,  3.258732e+02
  4.433183e+00,  3.283791e+02
  3.312220e+00,  3.294166e+02
  1.936164e+00,  3.276406e+02
  4.799318e-01,  3.019499e+02
  1.154341e+00,  1.715029e+02
  2.485095e+00,  1.644435e+02
  3.521174e+00,  1.625925e+02
  4.141747e+00,  1.615505e+02
  4.283387e+00,  1.605387e+02
  3.942351e+00,  1.591498e+02
  3.177036e+00,  1.567597e+02
  2.106919e+00,  1.514364e+02
  9.425070e-01,  1.314714e+02
  7.150020e-01,  3.407646e+01
  1.637893e+00,  5.050743e+00
  2.348455e+00,  3.596774e+02
  2.638712e+00,  3.592941e+02
  2.454961e+00,  2.534084e+00
  1.849888e+00,  1.281249e+01
  1.143719e+00,  4.784683e+01
  1.469529e+00,  1.110492e+02
  2.705091e+00,  1.351305e+02
  3.999493e+00,  1.436410e+02
  5.035407e+00,  1.479998e+02
  5.629043e+00,  1.511341e+02
  5.673825e+00,  1.543513e+02
  5.148730e+00,  1.589183e+02
  4.143510e+00,  1.672964e+02
  2.951275e+00,  1.862662e+02
  2.406088e+00,  2.272837e+02
  3.332547e+00,  2.644623e+02
  4.909123e+00,  2.794524e+02
  6.408036e+00,  2.842304e+02
  7.530273e+00,  2.842133e+02
  8.155568e+00,  2.809520e+02
  8.296691e+00,  2.746277e+02
  8.103371e+00,  2.648601e+02
  7.855177e+00,  2.513946e+02
  7.879716e+00,  2.352445e+02
  8.357133e+00,  2.191863e+02
  9.177872e+00,  2.059096e+02
  1.004419e+01,  1.962800e+02
  1.065675e+01,  1.899168e+02
  1.081137e+01,  1.862446e+02
  1.042367e+01,  1.849423e+02
  9.528294e+00,  1.860573e+02
  8.269536e+00,  1.900546e+02
  6.884203e+00,  1.978144e+02
  5.664325e+00,  2.101981e+02
  4.850717e+00,  2.263757e+02
  4.441853e+00,  2.424109e+02
  4.155005e+00,  2.542272e+02
  3.669592e+00,  2.604686e+02
  2.822987e+00,  2.602940e+02
  1.678524e+00,  2.466783e+02
  1.062294e+00,  1.805506e+02
  2.249888e+00,  1.329838e+02
  3.769286e+00,  1.209819e+02
  5.031658e+00,  1.153927e+02
  5.799480e+00,  1.111824e+02
  5.934546e+00,  1.067352e+02
  5.397290e+00,  1.007112e+02
  4.276413e+00,  9.044053e+01
  2.909065e+00,  6.762490e+01
  2.401857e+00,  1.701614e+01
  3.709876e+00,  3.365847e+02
  5.615712e+00,  3.200886e+02
  7.331451e+00,  3.120182e+02
  8.526203e+00,  3.071019e+02
  9.027358e+00,  3.036313e+02
  8.773943e+00,  3.009205e+02
  7.808696e+00,  2.986358e+02
  6.267705e+00,  2.965650e+02
  4.359911e+00,  2.944740e+02
  2.341681e+00,  2.916799e+02
  4.931470e-01,  2.787937e+02
  9.861436e-01,  1.201841e+02
  1.834766e+00,  1.164563e+02
  1.969546e+00,  1.170622e+02
  1.382558e+00,  1.239972e+02
  5.314377e-01,  1.935277e+02
  1.921916e+00,  2.637030e+02
  3.990088e+00,  2.708465e+02
  6.096261e+00,  2.720587e+02
  7.937911e+00,  2.715872e+02
  9.257805e+00,  2.702706e+02
  9.864592e+00,  2.682936e+02
  9.657051e+00,  2.655612e+02
  8.639857e+00,  2.616740e+02
  6.932385e+00,  2.555585e+02
  4.792111e+00,  2.439281e+02
  2.802862e+00,  2.141596e+02
  2.610105e+00,  1.529003e+02
  4.245398e+00,  1.196119e+02
  5.904702e+00,  1.061937e+02
  7.000653e+00,  9.821715e+01
  7.356836e+00,  9.163634e+01
  6.964204e+00,  8.455430e+01
  5.954980e+00,  7.495197e+01
  4.639610e+00,  5.907634e+01
  3.636921e+00,  3.070635e+01
  3.759753e+00,  3.546769e+02
  4.842251e+00,  3.306924e+02
  6.057040e+00,  3.189821e+02
  6.931827e+00,  3.138939e+02
  7.290459e+00,  3.128396e+02
  7.131609e+00,  3.150857e+02
  6.587286e+00,  3.208102e+02
  5.893812e+00,  3.305011e+02
  5.324023e+00,  3.438552e+02
  5.035367e+00,  3.583762e+02
  4.929708e+00,  1.029141e+01
  4.736564e+00,  1.727307e+01
  4.225437e+00,  1.824475e+01
  3.351668e+00,  1.040001e+01
  2.468282e+00,  3.439324e+02
  2.710467e+00,  2.977986e+02
  4.333757e+00,  2.703513e+02
  6.378855e+00,  2.585833e+02
  8.301723e+00,  2.524132e+02
  9.794728e+00,  2.483801e+02
  1.065714e+01,  2.452093e+02
  1.078173e+01,  2.422961e+02
  1.015782e+01,  2.392154e+02
  8.870907e+00,  2.354907e+02
  7.095075e+00,  2.303016e+02
  5.085434e+00,  2.217481e+02
  3.203889e+00,  2.044287e+02
  2.080680e+00,  1.661459e+02
  2.252382e+00,  1.228440e+02
  2.794134e+00,  1.028703e+02
  2.947023e+00,  9.568914e+01
  2.549375e+00,  9.582060e+01
  1.703206e+00,  1.071422e+02
  1.022105e+00,  1.594289e+02
  1.862900e+00,  2.153373e+02
  3.223806e+00,  2.302227e+02
  4.396699e+00,  2.361043e+02
  5.126427e+00,  2.399515e+02
  5.275614e+00,  2.439466e+02
  4.811884e+00,  2.498814e+02
  3.848290e+00,  2.612648e+02
  2.816594e+00,  2.873513e+02
  2.840162e+00,  3.323937e+02
  4.311214e+00,  1.823934e+00
  6.238515e+00,  1.377593e+01
  8.025223e+00,  1.857942e+01
  9.378732e+00,  2.004937e+01
  1.014194e+01,  1.943684e+01
  1.026376e+01,  1.706132e+01
  9.798095e+00,  1.275156e+01
  8.904362e+00,  5.946366e+00
  7.842229e+00,  3.558044e+02
  6.941117e+00,  3.418166e+02
  6.486521e+00,  3.253343e+02
  6.521410e+00,  3.100405e+02
  6.808669e+00,  2.990079e+02
  7.048706e+00,  2.928543e+02
  7.054407e+00,  2.910480e+02
  6.781489e+00,  2.931257e+02
  6.300118e+00,  2.989431e+02
  5.749154e+00,  3.084076e+02
  5.270287e+00,  3.209267e+02
  4.927000e+00,  3.350574e+02
  4.662177e+00,  3.491463e+02
  4.347100e+00,  2.520520e+00
  3.877659e+00,  1.599550e+01
  3.249745e+00,  3.200010e+01
  2.623214e+00,  5.499348e+01
  2.372667e+00,  8.769290e+01
  2.767153e+00,  1.185209e+02
  3.517157e+00,  1.372806e+02
  4.220371e+00,  1.470553e+02
  4.638355e+00,  1.514535e+02
  4.658890e+00,  1.518539e+02
  4.275970e+00,  1.479302e+02
  3.615645e+00,  1.373887e+02
  3.026091e+00,  1.157575e+02
  3.094197e+00,  8.487401e+01
  3.991251e+00,  6.077733e+01
  5.250934e+00,  4.777173e+01
  6.457126e+00,  4.118971e+01
  7.371740e+00,  3.795849e+01
  7.866520e+00,  3.668051e+01
  7.892757e+00,  3.674092e+01
  7.468450e+00,  3.789198e+01
  6.666342e+00,  4.008472e+01
  5.598301e+00,  4.340252e+01
  4.396039e+00,  4.803315e+01
  3.189580e+00,  5.423221e+01
  2.084868e+00,  6.217458e+01
  1.142351e+00,  7.126399e+01
  3.666958e-01,  7.348252e+01
  3.564331e-01,  3.033639e+02
  1.020304e+00,  3.064064e+02
  1.724273e+00,  3.166954e+02
  2.446956e+00,  3.262909e+02
  3.126010e+00,  3.346475e+02
  3.681774e+00,  3.420634e+02
  4.039923e+00,  3.489765e+02
  4.147689e+00,  3.558492e+02
  3.983459e+00,  3.212795e+00
  3.561143e+00,  1.183293e+01
  2.933526e+00,  2.313985e+01
  2.207168e+00,  4.042747e+01
  1.609600e+00,  7.108378e+01
  1.561943e+00,  1.157508e+02
  2.124425e+00,  1.491126e+02
  2.890083e+00,  1.678551e+02
  3.619133e+00,  1.797196e+02
  4.207339e+00,  1.882447e+02
  4.598677e+00,  1.947120e+02
  4.759903e+00,  1.994943e+02
  4.675404e+00,  2.024818e+02
  4.351228e+00,  2.031315e+02
  3.828682e+00,  2.002526e+02
  3.215189e+00,  1.915334e+02
  2.740897e+00,  1.738297e+02
  2.740648e+00,  1.490440e+02
  3.305774e+00,  1.281751e+02
  4.154496e+00,  1.157394e+02
  4.988900e+00,  1.089406e+02
  5.613339e+00,  1.051251e+02
  5.907038e+00,  1.028463e+02
  5.805848e+00,  1.013105e+02
  5.297189e+00,  9.998021e+01
  4.417465e+00,  9.828083e+01
  3.248990e+00,  9.506732e+01
  1.926403e+00,  8.622660e+01
  8.142846e-01,  4.318682e+01
  1.315550e+00,  3.263901e+02
  2.427268e+00,  3.115248e+02
  3.362656e+00,  3.088155e+02
  4.011119e+00,  3.097310e+02
  4.354354e+00,  3.126568e+02
  4.422350e+00,  3.171726e+02
  4.277327e+00,  3.231242e+02
  3.994219e+00,  3.302915e+02
  3.636835e+00,  3.381760e+02
  3.237380e+00,  3.459035e+02
  2.792124e+00,  3.522733e+02
  2.280227e+00,  3.557179e+02
  1.700803e+00,  3.534285e+02
  1.138897e+00,  3.376765e+02
  9.314732e-01,  2.963904e+02
  1.336614e+00,  2.624701e+02
  1.932478e+00,  2.500378e+02
  2.431004e+00,  2.459736e+02
  2.707289e+00,  2.454914e+02
  2.704264e+00,  2.475416e+02
  2.425349e+00,  2.528491e+02
  1.955508e+00,  2.644065e+02
  1.528971e+00,  2.888038e+02
  1.555234e+00,  3.242835e+02
  2.072735e+00,  3.481390e+02
  2.692522e+00,  3.579588e+02
  3.153269e+00,  1.322811e-01
  3.338172e+00,  3.572485e+02
  3.235294e+00,  3.492644e+02
  2.958292e+00,  3.343199e+02
  2.793326e+00,  3.105805e+02
  3.094288e+00,  2.829603e+02
  3.889885e+00,  2.610787e+02
  4.888127e+00,  2.465427e+02
  5.795334e+00,  2.366074e+02
  6.401778e+00,  2.291040e+02
  6.572124e+00,  2.227721e+02
  6.239173e+00,  2.168023e+02
  5.402541e+00,  2.104524e+02
  4.127769e+00,  2.024960e+02
  2.556201e+00,  1.890316e+02
  1.108801e+00,  1.441768e+02
  1.701971e+00,  5.750915e+01
  3.307579e+00,  3.402276e+01
  4.770308e+00,  2.256854e+01
  5.905937e+00,  1.337675e+01
  6.659441e+00,  4.339286e+00
  7.046983e+00,  3.546364e+02
  7.139788e+00,  3.438723e+02
  7.040111e+00,  3.319699e+02
  6.844460e+00,  3.192295e+02
  6.603232e+00,  3.063128e+02
  6.298861e+00,  2.940263e+02
  5.859591e+00,  2.830253e+02
  5.199505e+00,  2.736996e+02
  4.259041e+00,  2.663478e+02
  3.030685e+00,  2.617855e+02
  1.580606e+00,  2.647809e+02
  5.557463e-01,  3.470848e+02
  1.938276e+00,  3.852345e+01
  3.501174e+00,  4.114449e+01
  4.851587e+00,  3.953618e+01
  5.861141e+00,  3.706403e+01
  6.451210e+00,  3.452290e+01
  6.592989e+00,  3.228615e+01
  6.310114e+00,  3.070525e+01
  5.677057e+00,  3.030397e+01
  4.816442e+00,  3.200511e+01
  3.902068e+00,  3.741445e+01
  3.159032e+00,  4.855973e+01
  2.819343e+00,  6.479648e+01
  2.933644e+00,  7.927440e+01
  3.296187e+00,  8.648890e+01
  3.683777e+00,  8.706083e+01
  3.977204e+00,  8.322219e+01
  4.126617e+00,  7.665851e+01
  4.106538e+00,  6.848696e+01
  3.891486e+00,  5.944712e+01
  3.449965e+00,  4.996188e+01
  2.751788e+00,  4.005163e+01
  1.782783e+00,  2.869078e+01
  5.802796e-01,  3.436178e+00
  9.651765e-01,  2.149807e+02
  2.548859e+00,  1.980466e+02
  4.186034e+00,  1.881823e+02
  5.745057e+00,  1.794953e+02
  7.105754e+00,  1.710284e+02
  8.165798e+00,  1.623756e+02
  8.853565e+00,  1.532422e+02
  9.137783e+00,  1.433362e+02
  9.032734e+00,  1.323159e+02
  8.599609e+00,  1.197476e+02
  7.945411e+00,  1.050883e+02
  7.217101e+00,  8.777265e+01
  6.584794e+00,  6.748609e+01
  6.201484e+00,  4.472949e+01
  6.136886e+00,  2.110539e+01
  6.339670e+00,  3.584689e+02
  6.681119e+00,  3.377574e+02
  7.029869e+00,  3.189077e+02
  7.289944e+00,  3.014230e+02
  7.403191e+00,  2.847568e+02
  7.341215e+00,  2.684151e+02
  7.099928e+00,  2.519275e+02
  6.698994e+00,  2.347872e+02
  6.184662e+00,  2.164010e+02
  5.633468e+00,  1.961035e+02
  5.151563e+00,  1.733663e+02
  4.856644e+00,  1.483513e+02
  4.828909e+00,  1.224536e+02
  5.058152e+00,  9.773816e+01
  5.450743e+00,  7.551819e+01
  5.887923e+00,  5.592421e+01
  6.269037e+00,  3.849397e+01
  6.521570e+00,  2.270045e+01
  6.595921e+00,  8.137670e+00
  6.458541e+00,  3.545280e+02
  6.088498e+00,  3.416791e+02
  5.478156e+00,  3.294418e+02
  4.633212e+00,  3.176434e+02
  3.575943e+00,  3.059546e+02
  2.349860e+00,  2.934002e+02
  1.032559e+00,  2.741641e+02
  4.945598e-01,  1.407483e+02
  1.726452e+00,  1.039714e+02
  2.868032e+00,  9.142956e+01
  3.772093e+00,  8.163119e+01
  4.368418e+00,  7.267916e+01
  4.620005e+00,  6.403332e+01
  4.524752e+00,  5.544813e+01
  4.114551e+00,  4.680172e+01
  3.449803e+00,  3.810954e+01
  2.609931e+00,  2.973305e+01
  1.683109e+00,  2.336544e+01
  7.820648e-01,  2.955878e+01
  5.527679e-01,  1.069213e+02
  1.362501e+00,  1.259278e+02
  2.304305e+00,  1.177718e+02
  3.311208e+00,  1.051717e+02
  4.385033e+00,  9.167299e+01
  5.499102e+00,  7.833135e+01
  6.591277e+00,  6.541210e+01
  7.577273e+00,  5.281118e+01
  8.372599e+00,  4.023570e+01
  8.916897e+00,  2.728183e+01
  9.197327e+00,  1.347967e+01
  9.265962e+00,  3.583619e+02
  9.242355e+00,  3.416286e+02
  9.286484e+00,  3.234342e+02
  9.532101e+00,  3.045966e+02
  1.000834e+01,  2.863243e+02
  1.061457e+01,  2.695416e+02
  1.116957e+01,  2.545052e+02
  1.148489e+01,  2.409394e+02
  1.141797e+01,  2.283121e+02
  1.089979e+01,  2.159822e+02
  9.945714e+00,  2.032027e+02
  8.656261e+00,  1.890243e+02
  7.211992e+00,  1.721441e+02
  5.862637e+00,  1.509037e+02
  4.886246e+00,  1.242502e+02
  4.448540e+00,  9.421206e+01
  4.431680e+00,  6.533960e+01
  4.555431e+00,  3.941452e+01
  4.654236e+00,  1.489549e+01
  4.764934e+00,  3.499399e+02
  5.050372e+00,  3.245052e+02
  5.628528e+00,  3.006496e+02
  6.439036e+00,  2.803620e+02
  7.281524e+00,  2.639142e+02
  7.929673e+00,  2.504755e+02
  8.202470e+00,  2.390257e+02
  7.992416e+00,  2.286457e+02
  7.275749e+00,  2.184336e+02
  6.116311e+00,  2.072018e+02
  4.672798e+00,  1.927310e+02
  3.242352e+00,  1.697714e+02
  2.408927e+00,  1.296051e+02
  2.706582e+00,  8.618226e+01
  3.520340e+00,  6.052291e+01
  4.172398e+00,  4.538344e+01
  4.418907e+00,  3.440907e+01
  4.215203e+00,  2.481062e+01
  3.623927e+00,  1.485195e+01
  2.785200e+00,  2.456293e+00
  1.908474e+00,  3.435331e+02
  1.286797e+00,  3.108815e+02
  1.146594e+00,  2.708465e+02
  1.182929e+00,  2.462560e+02
  9.964434e-01,  2.382961e+02
  5.451866e-01,  2.610221e+02
  8.409308e-01,  3.416143e+02
  2.011188e+00,  3.562793e+02
  3.368087e+00,  3.564347e+02
  4.676506e+00,  3.534212e+02
  5.743628e+00,  3.490175e+02
  6.410729e+00,  3.435027e+02
  6.575842e+00,  3.366203e+02
  6.218434e+00,  3.276172e+02
  5.428797e+00,  3.148844e+02
  4.461863e+00,  2.952509e+02
  3.823594e+00,  2.651104e+02
  4.068320e+00,  2.302988e+02
  5.055788e+00,  2.034947e+02
  6.199331e+00,  1.850267e+02
  7.095382e+00,  1.706013e+02
  7.562081e+00,  1.572428e+02
  7.589951e+00,  1.429293e+02
  7.336754e+00,  1.260154e+02
  7.119547e+00,  1.055883e+02
  7.303478e+00,  8.291747e+01
  8.038103e+00,  6.154821e+01
  9.124970e+00,  4.403741e+01
  1.020039e+01,  3.040394e+01
  1.093467e+01,  1.956460e+01
  1.110273e+01,  1.042780e+01
  1.059531e+01,  2.087262e+00
  9.417482e+00,  3.536631e+02
  7.686124e+00,  3.439371e+02
  5.634590e+00,  3.304206e+02
  3.684460e+00,  3.064465e+02
  2.727537e+00,  2.606229e+02
  3.391372e+00,  2.168189e+02
  4.525994e+00,  1.940373e+02
  5.319266e+00,  1.802359e+02
  5.542984e+00,  1.690306e+02
  5.200161e+00,  1.573301e+02
  4.452465e+00,  1.422303e+02
  3.642545e+00,  1.197358e+02
  3.296917e+00,  8.835122e+01
  3.694655e+00,  5.854706e+01
  4.444076e+00,  3.895705e+01
  5.050584e+00,  2.720396e+01
  5.236682e+00,  1.999959e+01
  4.893936e+00,  1.574778e+01
  4.033407e+00,  1.417139e+01
  2.765339e+00,  1.693235e+01
  1.344225e+00,  3.571481e+01
  1.049810e+00,  1.213548e+02
  2.330752e+00,  1.521820e+02
  3.518986e+00,  1.584601e+02
  4.297763e+00,  1.603819e+02
  4.564651e+00,  1.609941e+02
  4.306421e+00,  1.611495e+02
  3.584397e+00,  1.611725e+02
  2.521407e+00,  1.611561e+02
  1.283055e+00,  1.606605e+02
  7.665849e-02,  1.156428e+02
  1.002277e+00,  3.505664e+02
  1.739315e+00,  3.536308e+02
  2.107757e+00,  1.215048e+00
  2.180422e+00,  1.535675e+01
  2.237259e+00,  3.851556e+01
  2.689567e+00,  6.494686e+01
  3.633475e+00,  8.378010e+01
  4.806206e+00,  9.405569e+01
  5.912681e+00,  9.893410e+01
  6.723757e+00,  1.004546e+02
  7.084201e+00,  9.945986e+01
  6.923930e+00,  9.598590e+01
  6.277067e+00,  8.928186e+01
  5.314374e+00,  7.744086e+01
  4.404470e+00,  5.725343e+01
  4.105670e+00,  2.859050e+01
  4.662302e+00,  1.715693e+00
  5.624191e+00,  3.436430e+02
  6.446702e+00,  3.320176e+02
  6.797960e+00,  3.236463e+02
  6.518462e+00,  3.164638e+02
  5.582254e+00,  3.086801e+02
  4.100454e+00,  2.970560e+02
  2.455676e+00,  2.700246e+02
  2.130985e+00,  2.052453e+02
  3.821576e+00,  1.677530e+02
  5.813910e+00,  1.544581e+02
  7.470230e+00,  1.477305e+02
  8.533288e+00,  1.433699e+02
  8.869493e+00,  1.400316e+02
  8.441108e+00,  1.370871e+02
  7.300986e+00,  1.340549e+02
  5.584898e+00,  1.302112e+02
  3.502774e+00,  1.234174e+02
  1.401022e+00,  9.923738e+01
  1.343770e+00,  3.522750e+02
  3.039227e+00,  3.283431e+02
  4.372136e+00,  3.216041e+02
  5.115863e+00,  3.177252e+02
  5.219861e+00,  3.144133e+02
  4.728173e+00,  3.105283e+02
  3.771462e+00,  3.044332e+02
  2.581923e+00,  2.917300e+02
  1.635863e+00,  2.588659e+02
  1.776073e+00,  2.099397e+02
  2.612925e+00,  1.884870e+02
  3.356247e+00,  1.836284e+02
  3.793003e+00,  1.864756e+02
  3.955316e+00,  1.951838e+02
  4.032482e+00,  2.094708e+02
  4.296313e+00,  2.275209e+02
  4.909252e+00,  2.450634e+02
  5.786044e+00,  2.588920e+02
  6.698003e+00,  2.687854e+02
  7.420692e+00,  2.757729e+02
  7.792671e+00,  2.808144e+02
  7.727147e+00,  2.845302e+02
  7.210679e+00,  2.872398e+02
  6.296516e+00,  2.889863e+02
  5.093955e+00,  2.894249e+02
  3.757357e+00,  2.873540e+02
  2.490140e+00,  2.791220e+02
  1.618437e+00,  2.554644e+02
  1.579845e+00,  2.204386e+02
  2.120952e+00,  2.051274e+02
  2.774466e+00,  2.057478e+02
  3.458187e+00,  2.131327e+02
  4.204135e+00,  2.227244e+02
  5.002772e+00,  2.320776e+02
  5.767373e+00,  2.401441e+02
  6.361045e+00,  2.467658e+02
  6.639572e+00,  2.521858e+02
  6.486896e+00,  2.567810e+02
  5.839405e+00,  2.610162e+02
  4.700605e+00,  2.656374e+02
  3.151333e+00,  2.726766e+02
  1.411122e+00,  2.942957e+02
  1.176242e+00,  3.758810e+01
  2.917045e+00,  6.567894e+01
  4.550869e+00,  7.211896e+01
  5.763611e+00,  7.454965e+01
  6.407838e+00,  7.521285e+01
  6.412823e+00,  7.446134e+01
  5.789233e+00,  7.187490e+01
  4.643285e+00,  6.587708e+01
  3.229026e+00,  5.140958e+01
  2.217893e+00,  1.434391e+01
  2.722115e+00,  3.273945e+02
  4.101728e+00,  3.063771e+02
  5.396080e+00,  2.981793e+02
  6.236751e+00,  2.947423e+02
  6.322568e+00,  2.933229e+02
  4.222872e+00,  2.878473e+02
##END=
