##TITLE= E:\桌面\nmr\ogm\sjd\matlabcod\1\4_5_xjhsjd
##JCAMP-DX= 5.00 Bruker JCAMP library
##DATA TYPE= Shape Data
##ORIGIN= Colm's GRAPE Pulses 
##OWNER= Dawei.Lu
##DATE= 02-Aug-2025
##TIME= 11:52
##MINX= 1.094161e-01
##MAXX= 1.223701e+01
##MINY= 8.911519e-01
##MAXY= 3.595464e+02
##$SHAPE_EXMODE= None
##$SHAPE_TOTROT= 9.000000e+01
##$SHAPE_BWFAC= 1.000000e+00
##$SHAPE_INTEGFAC= 1.000000e+00
##$SHAPE_MODE= 1
##PULSE_WIDTH= 5000
##Calibration_Power= 12500
##NPOINTS= 1000
##XYPOINTS= (XY..XY)
  1.494800e+00,  9.434805e+01
  1.985732e+00,  4.936461e+01
  3.527355e+00,  1.371842e+01
  5.472631e+00,  3.512236e+02
  7.395231e+00,  3.392725e+02
  8.971948e+00,  3.315892e+02
  1.002585e+01,  3.259767e+02
  1.046277e+01,  3.216000e+02
  1.026197e+01,  3.181433e+02
  9.471942e+00,  3.155756e+02
  8.203983e+00,  3.141442e+02
  6.624517e+00,  3.145635e+02
  4.953715e+00,  3.185837e+02
  3.494063e+00,  3.302002e+02
  2.693502e+00,  3.539853e+02
  2.839499e+00,  1.886250e+01
  3.501084e+00,  2.967525e+01
  4.234664e+00,  2.948507e+01
  4.932980e+00,  2.329157e+01
  5.637929e+00,  1.407068e+01
  6.403278e+00,  3.890707e+00
  7.226657e+00,  3.541948e+02
  8.041288e+00,  3.457492e+02
  8.746960e+00,  3.387770e+02
  9.248092e+00,  3.332129e+02
  9.480752e+00,  3.288952e+02
  9.425593e+00,  3.256532e+02
  9.108922e+00,  3.233173e+02
  8.594502e+00,  3.216808e+02
  7.968780e+00,  3.204279e+02
  7.323354e+00,  3.190462e+02
  6.740978e+00,  3.167778e+02
  6.292846e+00,  3.127078e+02
  6.048933e+00,  3.060950e+02
  6.085952e+00,  2.969131e+02
  6.466483e+00,  2.861661e+02
  7.193534e+00,  2.753663e+02
  8.189066e+00,  2.655657e+02
  9.317111e+00,  2.570207e+02
  1.042098e+01,  2.495029e+02
  1.135129e+01,  2.426431e+02
  1.198463e+01,  2.360843e+02
  1.223701e+01,  2.295132e+02
  1.207314e+01,  2.226452e+02
  1.151037e+01,  2.152020e+02
  1.061565e+01,  2.068985e+02
  9.494288e+00,  1.974514e+02
  8.269853e+00,  1.866309e+02
  7.055510e+00,  1.743742e+02
  5.921029e+00,  1.609291e+02
  4.868603e+00,  1.468840e+02
  3.837798e+00,  1.329127e+02
  2.744546e+00,  1.192505e+02
  1.529196e+00,  1.041954e+02
  2.916694e-01,  4.363018e+01
  1.340115e+00,  2.869604e+02
  2.785163e+00,  2.738831e+02
  4.116037e+00,  2.654844e+02
  5.196863e+00,  2.584954e+02
  5.910342e+00,  2.521356e+02
  6.169651e+00,  2.459896e+02
  5.930437e+00,  2.396583e+02
  5.199447e+00,  2.325188e+02
  4.042577e+00,  2.231401e+02
  2.615138e+00,  2.066960e+02
  1.437509e+00,  1.604804e+02
  2.040575e+00,  9.224597e+01
  3.629758e+00,  6.763993e+01
  5.205822e+00,  5.613301e+01
  6.528982e+00,  4.821351e+01
  7.498315e+00,  4.154950e+01
  8.073932e+00,  3.528230e+01
  8.264096e+00,  2.897664e+01
  8.117608e+00,  2.235350e+01
  7.713646e+00,  1.521881e+01
  7.147708e+00,  7.470493e+00
  6.515172e+00,  3.591533e+02
  5.895693e+00,  3.505421e+02
  5.334727e+00,  3.421796e+02
  4.838592e+00,  3.347759e+02
  4.385702e+00,  3.289903e+02
  3.945774e+00,  3.252309e+02
  3.493876e+00,  3.235715e+02
  3.012098e+00,  3.237629e+02
  2.482195e+00,  3.252857e+02
  1.878443e+00,  3.274169e+02
  1.168650e+00,  3.291331e+02
  3.262422e-01,  3.247536e+02
  6.732789e-01,  1.605522e+02
  1.797254e+00,  1.588742e+02
  3.008402e+00,  1.586677e+02
  4.231908e+00,  1.582090e+02
  5.374252e+00,  1.573046e+02
  6.334694e+00,  1.559317e+02
  7.019076e+00,  1.540954e+02
  7.353398e+00,  1.517954e+02
  7.294947e+00,  1.490158e+02
  6.839045e+00,  1.457198e+02
  6.020155e+00,  1.418480e+02
  4.907045e+00,  1.373152e+02
  3.592613e+00,  1.320102e+02
  2.180214e+00,  1.258099e+02
  7.683311e-01,  1.188411e+02
  5.689956e-01,  2.885714e+02
  1.796095e+00,  2.792250e+02
  2.922169e+00,  2.681842e+02
  3.990814e+00,  2.562916e+02
  5.053745e+00,  2.441961e+02
  6.137152e+00,  2.325402e+02
  7.219070e+00,  2.217751e+02
  8.228350e+00,  2.120817e+02
  9.061053e+00,  2.034204e+02
  9.603877e+00,  1.956211e+02
  9.757072e+00,  1.884470e+02
  9.453315e+00,  1.816139e+02
  8.671091e+00,  1.747591e+02
  7.442282e+00,  1.673307e+02
  5.856384e+00,  1.582503e+02
  4.074588e+00,  1.447039e+02
  2.434527e+00,  1.169047e+02
  1.947095e+00,  5.759260e+01
  3.049591e+00,  1.579255e+01
  4.430909e+00,  3.575747e+02
  5.577220e+00,  3.464204e+02
  6.354960e+00,  3.374945e+02
  6.740268e+00,  3.291178e+02
  6.771923e+00,  3.204662e+02
  6.534563e+00,  3.110261e+02
  6.139081e+00,  3.005111e+02
  5.696395e+00,  2.889618e+02
  5.285109e+00,  2.768848e+02
  4.924890e+00,  2.652000e+02
  4.575716e+00,  2.548915e+02
  4.167397e+00,  2.466481e+02
  3.637566e+00,  2.408332e+02
  2.955919e+00,  2.378029e+02
  2.132333e+00,  2.386950e+02
  1.229368e+00,  2.489799e+02
  5.925806e-01,  3.059362e+02
  1.196497e+00,  8.827548e+00
  2.168629e+00,  2.288498e+01
  3.126760e+00,  2.853147e+01
  4.006917e+00,  3.190407e+01
  4.779250e+00,  3.421478e+01
  5.421915e+00,  3.568734e+01
  5.915537e+00,  3.624678e+01
  6.244137e+00,  3.570556e+01
  6.400516e+00,  3.382481e+01
  6.393938e+00,  3.033941e+01
  6.256866e+00,  2.499096e+01
  6.046326e+00,  1.761226e+01
  5.834354e+00,  8.296964e+00
  5.682949e+00,  3.575956e+02
  5.609947e+00,  3.464803e+02
  5.570988e+00,  3.359765e+02
  5.474646e+00,  3.267564e+02
  5.218554e+00,  3.190586e+02
  4.722299e+00,  3.128984e+02
  3.946600e+00,  3.083889e+02
  2.901975e+00,  3.063476e+02
  1.663848e+00,  3.112880e+02
  6.624175e-01,  6.067637e+00
  1.565787e+00,  7.273309e+01
  2.933122e+00,  7.904278e+01
  4.184336e+00,  7.687151e+01
  5.206273e+00,  7.181588e+01
  5.951494e+00,  6.485186e+01
  6.425574e+00,  5.610631e+01
  6.686446e+00,  4.552205e+01
  6.832956e+00,  3.316501e+01
  6.974023e+00,  1.946778e+01
  7.181402e+00,  5.279473e+00
  7.451441e+00,  3.515613e+02
  7.705961e+00,  3.389443e+02
  7.829629e+00,  3.275464e+02
  7.714342e+00,  3.170718e+02
  7.291488e+00,  3.069410e+02
  6.552321e+00,  2.962787e+02
  5.559875e+00,  2.836839e+02
  4.471823e+00,  2.666784e+02
  3.593513e+00,  2.415452e+02
  3.362786e+00,  2.086795e+02
  3.903900e+00,  1.795300e+02
  4.820051e+00,  1.601110e+02
  5.729995e+00,  1.473952e+02
  6.436802e+00,  1.383033e+02
  6.858610e+00,  1.311521e+02
  6.982097e+00,  1.250432e+02
  6.839984e+00,  1.194579e+02
  6.495702e+00,  1.140802e+02
  6.029025e+00,  1.087406e+02
  5.521391e+00,  1.034299e+02
  5.041828e+00,  9.834376e+01
  4.636100e+00,  9.390126e+01
  4.322615e+00,  9.066642e+01
  4.096878e+00,  8.916670e+01
  3.941365e+00,  8.971564e+01
  3.834864e+00,  9.236129e+01
  3.758450e+00,  9.697160e+01
  3.699879e+00,  1.033643e+02
  3.658395e+00,  1.113703e+02
  3.648871e+00,  1.207620e+02
  3.700492e+00,  1.310505e+02
  3.837558e+00,  1.413303e+02
  4.056728e+00,  1.504822e+02
  4.317907e+00,  1.576061e+02
  4.555488e+00,  1.622398e+02
  4.699923e+00,  1.642324e+02
  4.697978e+00,  1.634877e+02
  4.528414e+00,  1.597481e+02
  4.214665e+00,  1.524462e+02
  3.835948e+00,  1.406977e+02
  3.529923e+00,  1.238212e+02
  3.454294e+00,  1.028718e+02
  3.680845e+00,  8.135445e+01
  4.133663e+00,  6.227499e+01
  4.673150e+00,  4.595285e+01
  5.194397e+00,  3.131147e+01
  5.657783e+00,  1.726169e+01
  6.082169e+00,  3.162838e+00
  6.520926e+00,  3.489209e+02
  7.025061e+00,  3.349231e+02
  7.606252e+00,  3.217750e+02
  8.220625e+00,  3.099605e+02
  8.780671e+00,  2.996641e+02
  9.182378e+00,  2.908077e+02
  9.332463e+00,  2.831762e+02
  9.168999e+00,  2.765250e+02
  8.668996e+00,  2.706219e+02
  7.851220e+00,  2.652566e+02
  6.773794e+00,  2.602376e+02
  5.526574e+00,  2.553838e+02
  4.219455e+00,  2.505196e+02
  2.968125e+00,  2.454983e+02
  1.878948e+00,  2.403772e+02
  1.035108e+00,  2.364256e+02
  4.953731e-01,  2.418304e+02
  3.639596e-01,  2.737760e+02
  6.277636e-01,  2.841869e+02
  1.113319e+00,  2.766488e+02
  1.764349e+00,  2.681766e+02
  2.508092e+00,  2.611321e+02
  3.255383e+00,  2.551837e+02
  3.921588e+00,  2.497989e+02
  4.441000e+00,  2.445292e+02
  4.776563e+00,  2.389809e+02
  4.925740e+00,  2.327710e+02
  4.922450e+00,  2.255226e+02
  4.834000e+00,  2.169409e+02
  4.749852e+00,  2.070135e+02
  4.758027e+00,  1.962694e+02
  4.913425e+00,  1.857757e+02
  5.219382e+00,  1.766457e+02
  5.635437e+00,  1.694820e+02
  6.102650e+00,  1.642639e+02
  6.563044e+00,  1.605904e+02
  6.966030e+00,  1.579325e+02
  7.268177e+00,  1.557685e+02
  7.433002e+00,  1.536279e+02
  7.433756e+00,  1.510892e+02
  7.259075e+00,  1.477569e+02
  6.919776e+00,  1.432348e+02
  6.454213e+00,  1.371167e+02
  5.928741e+00,  1.290407e+02
  5.427869e+00,  1.188727e+02
  5.027905e+00,  1.070204e+02
  4.757449e+00,  9.460535e+01
  4.572167e+00,  8.307888e+01
  4.373223e+00,  7.354047e+01
  4.055467e+00,  6.653452e+01
  3.548559e+00,  6.246651e+01
  2.840411e+00,  6.245614e+01
  2.006319e+00,  7.049706e+01
  1.343359e+00,  9.940947e+01
  1.532164e+00,  1.450121e+02
  2.395286e+00,  1.655271e+02
  3.328571e+00,  1.710751e+02
  4.097075e+00,  1.709907e+02
  4.601044e+00,  1.679617e+02
  4.805316e+00,  1.626620e+02
  4.730818e+00,  1.549905e+02
  4.454916e+00,  1.444336e+02
  4.106920e+00,  1.303987e+02
  3.840954e+00,  1.130001e+02
  3.763701e+00,  9.402786e+01
  3.854108e+00,  7.626176e+01
  3.979072e+00,  6.126833e+01
  3.987910e+00,  4.884498e+01
  3.778307e+00,  3.791346e+01
  3.315654e+00,  2.697639e+01
  2.638624e+00,  1.360474e+01
  1.887584e+00,  3.522887e+02
  1.425815e+00,  3.127478e+02
  1.702617e+00,  2.691254e+02
  2.392372e+00,  2.456659e+02
  3.046559e+00,  2.339075e+02
  3.476063e+00,  2.272753e+02
  3.605611e+00,  2.234708e+02
  3.423195e+00,  2.218469e+02
  2.968224e+00,  2.226984e+02
  2.329920e+00,  2.275584e+02
  1.662577e+00,  2.406996e+02
  1.241248e+00,  2.693856e+02
  1.327351e+00,  3.027611e+02
  1.678631e+00,  3.198387e+02
  1.967067e+00,  3.247932e+02
  2.074218e+00,  3.228168e+02
  2.005816e+00,  3.150134e+02
  1.859863e+00,  3.004789e+02
  1.811378e+00,  2.794175e+02
  2.002661e+00,  2.575818e+02
  2.391286e+00,  2.416045e+02
  2.823597e+00,  2.322782e+02
  3.172351e+00,  2.279592e+02
  3.373081e+00,  2.274866e+02
  3.423817e+00,  2.304495e+02
  3.380589e+00,  2.367874e+02
  3.341325e+00,  2.461138e+02
  3.401645e+00,  2.569514e+02
  3.592373e+00,  2.669056e+02
  3.858686e+00,  2.740568e+02
  4.105285e+00,  2.777097e+02
  4.253320e+00,  2.778812e+02
  4.271981e+00,  2.746731e+02
  4.188706e+00,  2.680861e+02
  4.082845e+00,  2.582714e+02
  4.053850e+00,  2.461054e+02
  4.160649e+00,  2.334611e+02
  4.374637e+00,  2.224119e+02
  4.595870e+00,  2.141718e+02
  4.711325e+00,  2.090788e+02
  4.643029e+00,  2.072315e+02
  4.375185e+00,  2.090216e+02
  3.973927e+00,  2.154065e+02
  3.605372e+00,  2.275661e+02
  3.508824e+00,  2.447068e+02
  3.829135e+00,  2.617929e+02
  4.461126e+00,  2.740414e+02
  5.174653e+00,  2.809772e+02
  5.776357e+00,  2.839475e+02
  6.147614e+00,  2.840809e+02
  6.238072e+00,  2.819867e+02
  6.056362e+00,  2.778953e+02
  5.660040e+00,  2.718186e+02
  5.140176e+00,  2.637323e+02
  4.595850e+00,  2.538547e+02
  4.097752e+00,  2.429945e+02
  3.654871e+00,  2.326807e+02
  3.214628e+00,  2.248663e+02
  2.710396e+00,  2.218105e+02
  2.140838e+00,  2.272664e+02
  1.700912e+00,  2.484260e+02
  1.858312e+00,  2.818185e+02
  2.671586e+00,  3.032161e+02
  3.728521e+00,  3.123912e+02
  4.744599e+00,  3.162573e+02
  5.548195e+00,  3.179583e+02
  6.024683e+00,  3.188280e+02
  6.107341e+00,  3.195786e+02
  5.779933e+00,  3.207903e+02
  5.080550e+00,  3.232487e+02
  4.108323e+00,  3.284842e+02
  3.049875e+00,  3.400558e+02
  2.271999e+00,  4.823910e+00
  2.293532e+00,  3.886557e+01
  2.998719e+00,  5.983899e+01
  3.843926e+00,  6.746238e+01
  4.561936e+00,  6.812397e+01
  5.081161e+00,  6.477174e+01
  5.423877e+00,  5.867532e+01
  5.659163e+00,  5.067375e+01
  5.860864e+00,  4.170788e+01
  6.066332e+00,  3.290074e+01
  6.255833e+00,  2.531986e+01
  6.366569e+00,  1.974207e+01
  6.329603e+00,  1.667007e+01
  6.108572e+00,  1.653856e+01
  5.730246e+00,  1.991977e+01
  5.301315e+00,  2.749804e+01
  5.002273e+00,  3.943282e+01
  5.015594e+00,  5.406198e+01
  5.388508e+00,  6.802657e+01
  5.988253e+00,  7.895302e+01
  6.611880e+00,  8.662273e+01
  7.089490e+00,  9.180634e+01
  7.316153e+00,  9.531445e+01
  7.251049e+00,  9.775810e+01
  6.909109e+00,  9.957992e+01
  6.350338e+00,  1.011281e+02
  5.666969e+00,  1.027148e+02
  4.968621e+00,  1.046361e+02
  4.366178e+00,  1.071106e+02
  3.954923e+00,  1.100907e+02
  3.797860e+00,  1.130725e+02
  3.913967e+00,  1.152963e+02
  4.277916e+00,  1.163495e+02
  4.828443e+00,  1.164259e+02
  5.477306e+00,  1.160215e+02
  6.118907e+00,  1.156083e+02
  6.643681e+00,  1.155487e+02
  6.954781e+00,  1.161536e+02
  6.985979e+00,  1.177809e+02
  6.719630e+00,  1.209531e+02
  6.203815e+00,  1.264792e+02
  5.571045e+00,  1.355050e+02
  5.048380e+00,  1.489957e+02
  4.900082e+00,  1.658489e+02
  5.239021e+00,  1.817896e+02
  5.913064e+00,  1.931454e+02
  6.662096e+00,  1.994978e+02
  7.281596e+00,  2.018657e+02
  7.660816e+00,  2.011735e+02
  7.772261e+00,  1.979755e+02
  7.653333e+00,  1.925925e+02
  7.382135e+00,  1.853233e+02
  7.043511e+00,  1.766607e+02
  6.689186e+00,  1.674165e+02
  6.309755e+00,  1.586414e+02
  5.839513e+00,  1.514054e+02
  5.194787e+00,  1.467576e+02
  4.327879e+00,  1.462137e+02
  3.299278e+00,  1.533674e+02
  2.459256e+00,  1.770043e+02
  2.642090e+00,  2.153814e+02
  3.926077e+00,  2.383710e+02
  5.572003e+00,  2.471862e+02
  7.156561e+00,  2.501921e+02
  8.453727e+00,  2.506623e+02
  9.319610e+00,  2.498202e+02
  9.671809e+00,  2.481661e+02
  9.488084e+00,  2.459063e+02
  8.804424e+00,  2.431066e+02
  7.707665e+00,  2.397543e+02
  6.322055e+00,  2.357918e+02
  4.790844e+00,  2.311634e+02
  3.254660e+00,  2.259686e+02
  1.829471e+00,  2.212352e+02
  6.035611e-01,  2.278385e+02
  6.011260e-01,  3.470378e+02
  1.562931e+00,  3.495038e+02
  2.547639e+00,  3.402786e+02
  3.603705e+00,  3.304905e+02
  4.735420e+00,  3.220699e+02
  5.886749e+00,  3.154781e+02
  6.966512e+00,  3.106638e+02
  7.878432e+00,  3.074393e+02
  8.545165e+00,  3.056314e+02
  8.924046e+00,  3.051220e+02
  9.014179e+00,  3.058369e+02
  8.854376e+00,  3.077054e+02
  8.511639e+00,  3.105942e+02
  8.061833e+00,  3.142272e+02
  7.568023e+00,  3.181274e+02
  7.061400e+00,  3.216163e+02
  6.539290e+00,  3.239066e+02
  5.982847e+00,  3.242183e+02
  5.384620e+00,  3.218275e+02
  4.771152e+00,  3.160718e+02
  4.207821e+00,  3.064998e+02
  3.773801e+00,  2.933916e+02
  3.503265e+00,  2.783164e+02
  3.334800e+00,  2.635002e+02
  3.135482e+00,  2.501948e+02
  2.776689e+00,  2.380103e+02
  2.191086e+00,  2.248493e+02
  1.417683e+00,  2.039365e+02
  8.640118e-01,  1.471049e+02
  1.484557e+00,  8.657413e+01
  2.571644e+00,  6.608995e+01
  3.587740e+00,  5.601363e+01
  4.335520e+00,  4.910823e+01
  4.687324e+00,  4.339019e+01
  4.565226e+00,  3.797168e+01
  3.945772e+00,  3.209748e+01
  2.865767e+00,  2.426975e+01
  1.447727e+00,  7.101367e+00
  7.639636e-01,  2.621420e+02
  2.400701e+00,  2.182239e+02
  4.195439e+00,  2.066296e+02
  5.825266e+00,  1.985115e+02
  7.163564e+00,  1.908319e+02
  8.147903e+00,  1.826600e+02
  8.782426e+00,  1.735100e+02
  9.136664e+00,  1.631065e+02
  9.327937e+00,  1.514332e+02
  9.481618e+00,  1.388477e+02
  9.676763e+00,  1.260764e+02
  9.905960e+00,  1.139629e+02
  1.007902e+01,  1.031317e+02
  1.006589e+01,  9.384910e+01
  9.747292e+00,  8.611927e+01
  9.049759e+00,  7.986302e+01
  7.961550e+00,  7.508538e+01
  6.534811e+00,  7.208106e+01
  4.882913e+00,  7.192597e+01
  3.194958e+00,  7.828122e+01
  1.882195e+00,  1.042836e+02
  1.882743e+00,  1.533306e+02
  2.873742e+00,  1.746937e+02
  3.875550e+00,  1.783339e+02
  4.638216e+00,  1.754954e+02
  5.146641e+00,  1.692913e+02
  5.466683e+00,  1.608613e+02
  5.693786e+00,  1.510405e+02
  5.908155e+00,  1.408325e+02
  6.139548e+00,  1.313463e+02
  6.362456e+00,  1.234850e+02
  6.523164e+00,  1.177613e+02
  6.576225e+00,  1.143575e+02
  6.509281e+00,  1.132623e+02
  6.348979e+00,  1.143226e+02
  6.148445e+00,  1.171778e+02
  5.960245e+00,  1.211547e+02
  5.806344e+00,  1.252877e+02
  5.664330e+00,  1.285479e+02
  5.481370e+00,  1.301137e+02
  5.205373e+00,  1.294521e+02
  4.812976e+00,  1.262122e+02
  4.322474e+00,  1.201030e+02
  3.788854e+00,  1.109229e+02
  3.279209e+00,  9.886208e+01
  2.829641e+00,  8.497185e+01
  2.405865e+00,  7.118358e+01
  1.909525e+00,  5.964178e+01
  1.234881e+00,  5.334935e+01
  3.951791e-01,  8.065523e+01
  1.025055e+00,  1.832883e+02
  2.450233e+00,  1.861161e+02
  4.035437e+00,  1.819501e+02
  5.646051e+00,  1.763039e+02
  7.154012e+00,  1.698886e+02
  8.449057e+00,  1.627352e+02
  9.458749e+00,  1.546953e+02
  1.016463e+01,  1.455715e+02
  1.060869e+01,  1.352036e+02
  1.088384e+01,  1.235768e+02
  1.110306e+01,  1.109388e+02
  1.135147e+01,  9.783160e+01
  1.164246e+01,  8.494267e+01
  1.190661e+01,  7.284155e+01
  1.201979e+01,  6.180541e+01
  1.184951e+01,  5.182565e+01
  1.129456e+01,  4.270875e+01
  1.030802e+01,  3.416308e+01
  8.904620e+00,  2.582332e+01
  7.156547e+00,  1.718183e+01
  5.183131e+00,  7.289356e+00
  3.145118e+00,  3.533522e+02
  1.335292e+00,  3.190498e+02
  1.302294e+00,  2.211651e+02
  2.664601e+00,  1.875473e+02
  3.859136e+00,  1.717279e+02
  4.743916e+00,  1.586322e+02
  5.346179e+00,  1.456639e+02
  5.744275e+00,  1.321935e+02
  6.023945e+00,  1.183515e+02
  6.236995e+00,  1.046874e+02
  6.377026e+00,  9.183168e+01
  6.387070e+00,  8.019231e+01
  6.191165e+00,  6.984775e+01
  5.728543e+00,  6.060259e+01
  4.976535e+00,  5.204522e+01
  3.960311e+00,  4.344099e+01
  2.755075e+00,  3.304428e+01
  1.506391e+00,  1.393048e+01
  7.727828e-01,  3.067497e+02
  1.503110e+00,  2.484700e+02
  2.441942e+00,  2.334847e+02
  3.166175e+00,  2.273801e+02
  3.611302e+00,  2.246808e+02
  3.788303e+00,  2.242032e+02
  3.755709e+00,  2.256479e+02
  3.603104e+00,  2.288060e+02
  3.425821e+00,  2.330655e+02
  3.291436e+00,  2.370896e+02
  3.217499e+00,  2.390407e+02
  3.186158e+00,  2.372914e+02
  3.188152e+00,  2.309389e+02
  3.250575e+00,  2.200357e+02
  3.424504e+00,  2.057628e+02
  3.736519e+00,  1.900727e+02
  4.152884e+00,  1.745366e+02
  4.596406e+00,  1.595820e+02
  4.993317e+00,  1.447444e+02
  5.314978e+00,  1.292262e+02
  5.602738e+00,  1.123625e+02
  5.965504e+00,  9.410156e+01
  6.530859e+00,  7.535621e+01
  7.360613e+00,  5.762116e+01
  8.400085e+00,  4.197989e+01
  9.502752e+00,  2.864087e+01
  1.048809e+01,  1.723806e+01
  1.118735e+01,  7.234162e+00
  1.147042e+01,  3.581123e+02
  1.126027e+01,  3.494096e+02
  1.053938e+01,  3.406786e+02
  9.349604e+00,  3.314016e+02
  7.787753e+00,  3.208175e+02
  6.002804e+00,  3.074879e+02
  4.214891e+00,  2.880232e+02
  2.830179e+00,  2.541617e+02
  2.584466e+00,  2.035189e+02
  3.452915e+00,  1.648968e+02
  4.593564e+00,  1.412023e+02
  5.638794e+00,  1.234082e+02
  6.515306e+00,  1.077219e+02
  7.240800e+00,  9.286707e+01
  7.848681e+00,  7.854741e+01
  8.349555e+00,  6.484588e+01
  8.717241e+00,  5.190439e+01
  8.897801e+00,  3.975380e+01
  8.832270e+00,  2.826233e+01
  8.480720e+00,  1.714390e+01
  7.839950e+00,  5.962931e+00
  6.952996e+00,  3.540947e+02
  5.912358e+00,  3.406251e+02
  4.859857e+00,  3.242464e+02
  3.979690e+00,  3.035424e+02
  3.451393e+00,  2.787259e+02
  3.316980e+00,  2.537871e+02
  3.407253e+00,  2.332994e+02
  3.494819e+00,  2.182189e+02
  3.436720e+00,  2.074850e+02
  3.186168e+00,  2.001605e+02
  2.764905e+00,  1.960514e+02
  2.242235e+00,  1.959470e+02
  1.727415e+00,  2.019875e+02
  1.369648e+00,  2.167088e+02
  1.290525e+00,  2.360398e+02
  1.423186e+00,  2.490364e+02
  1.592423e+00,  2.531771e+02
  1.689473e+00,  2.514762e+02
  1.673878e+00,  2.464122e+02
  1.537099e+00,  2.395415e+02
  1.281641e+00,  2.321721e+02
  9.127716e-01,  2.264400e+02
  4.504837e-01,  2.320960e+02
  3.207980e-01,  3.255620e+02
  9.737577e-01,  3.472202e+02
  1.772946e+00,  3.433361e+02
  2.636156e+00,  3.359232e+02
  3.512093e+00,  3.274541e+02
  4.345379e+00,  3.184735e+02
  5.080594e+00,  3.090798e+02
  5.669376e+00,  2.992149e+02
  6.077069e+00,  2.887445e+02
  6.287585e+00,  2.774817e+02
  6.306008e+00,  2.651896e+02
  6.159138e+00,  2.515773e+02
  5.894790e+00,  2.363034e+02
  5.580698e+00,  2.190162e+02
  5.302084e+00,  1.994971e+02
  5.152277e+00,  1.779587e+02
  5.209602e+00,  1.553361e+02
  5.504063e+00,  1.331041e+02
  6.001536e+00,  1.125231e+02
  6.621723e+00,  9.410319e+01
  7.268600e+00,  7.772429e+01
  7.851036e+00,  6.299120e+01
  8.292308e+00,  4.946197e+01
  8.534849e+00,  3.672579e+01
  8.544003e+00,  2.440569e+01
  8.311377e+00,  1.213740e+01
  7.856635e+00,  3.595464e+02
  7.226162e+00,  3.462331e+02
  6.487409e+00,  3.317766e+02
  5.718545e+00,  3.157712e+02
  4.994183e+00,  2.979112e+02
  4.370156e+00,  2.781003e+02
  3.874320e+00,  2.564915e+02
  3.512366e+00,  2.333781e+02
  3.288186e+00,  2.091131e+02
  3.218840e+00,  1.843850e+02
  3.319695e+00,  1.605941e+02
  3.568822e+00,  1.394327e+02
  3.894533e+00,  1.218916e+02
  4.199052e+00,  1.080025e+02
  4.389528e+00,  9.732152e+01
  4.397371e+00,  8.940924e+01
  4.187484e+00,  8.406287e+01
  3.763057e+00,  8.146352e+01
  3.169597e+00,  8.243354e+01
  2.504130e+00,  8.900034e+01
  1.939925e+00,  1.048627e+02
  1.724589e+00,  1.306313e+02
  1.935923e+00,  1.543221e+02
  2.334367e+00,  1.681593e+02
  2.696291e+00,  1.751990e+02
  2.925800e+00,  1.787708e+02
  3.006727e+00,  1.806122e+02
  2.969718e+00,  1.815658e+02
  2.873749e+00,  1.820064e+02
  2.791376e+00,  1.819958e+02
  2.794946e+00,  1.813678e+02
  2.944449e+00,  1.799074e+02
  3.278127e+00,  1.776013e+02
  3.805720e+00,  1.747000e+02
  4.504539e+00,  1.715243e+02
  5.319972e+00,  1.682821e+02
  6.171200e+00,  1.650374e+02
  6.961206e+00,  1.617557e+02
  7.589826e+00,  1.583466e+02
  7.968532e+00,  1.546850e+02
  8.032996e+00,  1.505914e+02
  7.754821e+00,  1.457989e+02
  7.150916e+00,  1.398938e+02
  6.289903e+00,  1.322125e+02
  5.296148e+00,  1.217035e+02
  4.349914e+00,  1.069502e+02
  3.662175e+00,  8.721243e+01
  3.361557e+00,  6.506886e+01
  3.341452e+00,  4.582305e+01
  3.335323e+00,  3.208449e+01
  3.122600e+00,  2.340906e+01
  2.599938e+00,  1.932032e+01
  1.776686e+00,  2.219556e+01
  8.790993e-01,  5.215267e+01
  1.181222e+00,  1.282163e+02
  2.424555e+00,  1.461433e+02
  3.693572e+00,  1.486395e+02
  4.774409e+00,  1.471630e+02
  5.553570e+00,  1.436757e+02
  5.974529e+00,  1.384630e+02
  6.045081e+00,  1.312189e+02
  5.849097e+00,  1.212954e+02
  5.553085e+00,  1.079951e+02
  5.382875e+00,  9.141269e+01
  5.526610e+00,  7.352429e+01
  5.998774e+00,  5.740037e+01
  6.636047e+00,  4.473252e+01
  7.223156e+00,  3.538193e+01
  7.585867e+00,  2.852360e+01
  7.617064e+00,  2.335438e+01
  7.275464e+00,  1.922729e+01
  6.577987e+00,  1.556914e+01
  5.590679e+00,  1.170666e+01
  4.420589e+00,  6.524394e+00
  3.216575e+00,  3.576177e+02
  2.206261e+00,  3.394098e+02
  1.773080e+00,  3.066761e+02
  2.081826e+00,  2.778092e+02
  2.686945e+00,  2.655594e+02
  3.268417e+00,  2.630548e+02
  3.738462e+00,  2.654491e+02
  4.091621e+00,  2.705285e+02
  4.341144e+00,  2.770597e+02
  4.493087e+00,  2.842013e+02
  4.538727e+00,  2.913543e+02
  4.459616e+00,  2.981207e+02
  4.238815e+00,  3.042428e+02
  3.871663e+00,  3.094935e+02
  3.372642e+00,  3.134997e+02
  2.779113e+00,  3.154057e+02
  2.156172e+00,  3.131603e+02
  1.624123e+00,  3.022801e+02
  1.414406e+00,  2.791285e+02
  1.707275e+00,  2.569776e+02
  2.344726e+00,  2.474912e+02
  3.135289e+00,  2.461797e+02
  3.984836e+00,  2.484790e+02
  4.831228e+00,  2.521928e+02
  5.611864e+00,  2.563099e+02
  6.258820e+00,  2.603604e+02
  6.705198e+00,  2.641299e+02
  6.895198e+00,  2.675193e+02
  6.793946e+00,  2.704642e+02
  6.394748e+00,  2.728763e+02
  5.722701e+00,  2.745753e+02
  4.834810e+00,  2.751678e+02
  3.818658e+00,  2.737698e+02
  2.795865e+00,  2.683049e+02
  1.947089e+00,  2.541479e+02
  1.546442e+00,  2.274538e+02
  1.697609e+00,  2.030662e+02
  2.072534e+00,  1.937337e+02
  2.417888e+00,  1.950344e+02
  2.683920e+00,  2.028635e+02
  2.922097e+00,  2.150899e+02
  3.214544e+00,  2.297956e+02
  3.614154e+00,  2.448523e+02
  4.109856e+00,  2.586440e+02
  4.637233e+00,  2.705718e+02
  5.110927e+00,  2.807691e+02
  5.450080e+00,  2.896393e+02
  5.592033e+00,  2.976112e+02
  5.499289e+00,  3.050777e+02
  5.162973e+00,  3.124175e+02
  4.603672e+00,  3.200591e+02
  3.870034e+00,  3.286026e+02
  3.036376e+00,  3.390834e+02
  2.202951e+00,  3.535923e+02
  1.506367e+00,  1.639441e+01
  1.123014e+00,  5.137979e+01
  1.087065e+00,  8.699484e+01
  1.123586e+00,  1.105341e+02
  9.921021e-01,  1.256704e+02
  6.005090e-01,  1.386025e+02
  1.094161e-01,  2.706163e+02
  9.874620e-01,  3.194428e+02
  2.071134e+00,  3.268843e+02
  3.240523e+00,  3.320474e+02
  4.390234e+00,  3.363309e+02
  5.413493e+00,  3.401184e+02
  6.211128e+00,  3.435690e+02
  6.701297e+00,  3.467584e+02
  6.828581e+00,  3.497148e+02
  6.570752e+00,  3.524154e+02
  5.942131e+00,  3.547494e+02
  4.993098e+00,  3.564044e+02
  3.807321e+00,  3.565031e+02
  2.506446e+00,  3.521127e+02
  1.338831e+00,  3.298607e+02
  1.220043e+00,  2.676514e+02
  2.218858e+00,  2.422398e+02
  3.337927e+00,  2.390796e+02
  4.373330e+00,  2.419477e+02
  5.297810e+00,  2.470803e+02
  6.111907e+00,  2.530396e+02
  6.808831e+00,  2.589851e+02
  7.361041e+00,  2.643223e+02
  7.722283e+00,  2.686112e+02
  7.841946e+00,  2.714972e+02
  7.686020e+00,  2.726177e+02
  7.259574e+00,  2.714826e+02
  6.628610e+00,  2.673542e+02
  5.939514e+00,  2.592685e+02
  5.419620e+00,  2.466873e+02
  5.299688e+00,  2.311886e+02
  5.633309e+00,  2.167833e+02
  6.233392e+00,  2.064520e+02
  6.832582e+00,  2.004769e+02
  7.222165e+00,  1.980701e+02
  7.286207e+00,  1.986150e+02
  6.999281e+00,  2.019769e+02
  6.423291e+00,  2.085429e+02
  5.708649e+00,  2.191716e+02
  5.088453e+00,  2.346652e+02
  4.813240e+00,  2.540263e+02
  4.975805e+00,  2.732916e+02
  5.412183e+00,  2.888208e+02
  5.854496e+00,  3.000465e+02
  6.092089e+00,  3.079582e+02
  6.009481e+00,  3.135402e+02
  5.574950e+00,  3.173716e+02
  4.824380e+00,  3.195833e+02
  3.847489e+00,  3.196901e+02
  2.780322e+00,  3.158712e+02
  1.825607e+00,  3.026883e+02
  1.341939e+00,  2.714378e+02
  1.566574e+00,  2.415453e+02
  2.073604e+00,  2.323465e+02
  2.569603e+00,  2.349432e+02
  3.028964e+00,  2.432724e+02
  3.503268e+00,  2.541686e+02
  4.023202e+00,  2.653814e+02
  4.555859e+00,  2.755028e+02
  5.013656e+00,  2.840202e+02
  5.289032e+00,  2.909950e+02
  5.286840e+00,  2.966969e+02
  4.945186e+00,  3.013929e+02
  4.245648e+00,  3.052423e+02
  3.215273e+00,  3.081524e+02
  1.923108e+00,  3.090323e+02
  5.010013e-01,  2.914445e+02
  1.109791e+00,  1.559788e+02
  2.563534e+00,  1.528265e+02
  3.872585e+00,  1.551857e+02
  4.954083e+00,  1.589006e+02
  5.765230e+00,  1.633465e+02
  6.297046e+00,  1.682869e+02
  6.566582e+00,  1.734940e+02
  6.603907e+00,  1.786324e+02
  6.438153e+00,  1.831997e+02
  6.089981e+00,  1.864819e+02
  5.578212e+00,  1.874687e+02
  4.946917e+00,  1.846576e+02
  4.319672e+00,  1.758635e+02
  3.967351e+00,  1.593840e+02
  4.228435e+00,  1.387234e+02
  5.155942e+00,  1.217828e+02
  6.470239e+00,  1.110342e+02
  7.857021e+00,  1.045870e+02
  9.075153e+00,  1.005172e+02
  9.948659e+00,  9.764524e+01
  1.035909e+01,  9.526520e+01
  1.024733e+01,  9.288466e+01
  9.617439e+00,  9.004787e+01
  8.538882e+00,  8.617443e+01
  7.147840e+00,  8.033103e+01
  5.653000e+00,  7.085493e+01
  4.351866e+00,  5.511370e+01
  3.606051e+00,  3.197403e+01
  3.555914e+00,  8.463305e+00
  3.850618e+00,  3.532354e+02
  4.058979e+00,  3.467630e+02
  3.982903e+00,  3.474393e+02
  3.650529e+00,  3.555400e+02
  3.314891e+00,  1.292756e+01
  3.413780e+00,  3.769049e+01
  4.165848e+00,  5.968652e+01
  5.310322e+00,  7.367297e+01
  6.484132e+00,  8.173999e+01
  7.425350e+00,  8.633313e+01
  7.966338e+00,  8.879777e+01
  8.017296e+00,  8.975120e+01
  7.560588e+00,  8.936774e+01
  6.647381e+00,  8.744017e+01
  5.393991e+00,  8.319138e+01
  3.984169e+00,  7.456800e+01
  2.704595e+00,  5.635250e+01
  2.034885e+00,  2.162375e+01
  2.241231e+00,  3.466504e+02
  2.725213e+00,  3.282340e+02
  2.977053e+00,  3.196011e+02
  2.826000e+00,  3.155085e+02
  2.253115e+00,  3.140735e+02
  1.319332e+00,  3.156361e+02
  1.816655e-01,  3.579133e+02
  1.196412e+00,  1.239827e+02
  2.478179e+00,  1.287744e+02
  3.608304e+00,  1.319269e+02
  4.484254e+00,  1.353825e+02
  5.048717e+00,  1.396662e+02
  5.296042e+00,  1.451411e+02
  5.272435e+00,  1.521431e+02
  5.065942e+00,  1.609116e+02
  4.782321e+00,  1.713777e+02
  4.506850e+00,  1.829117e+02
  4.263555e+00,  1.943150e+02
  4.004894e+00,  2.043045e+02
  3.646534e+00,  2.120025e+02
  3.118545e+00,  2.168437e+02
  2.402053e+00,  2.177855e+02
  1.557113e+00,  2.107037e+02
  8.568155e-01,  1.757042e+02
  1.095112e+00,  1.159862e+02
  1.851230e+00,  9.761990e+01
  2.499832e+00,  9.401871e+01
  2.878574e+00,  9.565968e+01
  2.947449e+00,  1.012499e+02
  2.766880e+00,  1.120434e+02
  2.538185e+00,  1.305101e+02
  2.598811e+00,  1.555005e+02
  3.133518e+00,  1.775010e+02
  3.948543e+00,  1.908758e+02
  4.747365e+00,  1.973867e+02
  5.311435e+00,  1.993034e+02
  5.513821e+00,  1.975932e+02
  5.323890e+00,  1.920613e+02
  4.834659e+00,  1.813434e+02
  4.319314e+00,  1.631398e+02
  4.241160e+00,  1.376487e+02
  4.913936e+00,  1.126487e+02
  6.123038e+00,  9.459675e+01
  7.446138e+00,  8.253735e+01
  8.555253e+00,  7.393435e+01
  9.239632e+00,  6.708023e+01
  9.385075e+00,  6.092552e+01
  8.965109e+00,  5.469479e+01
  8.037677e+00,  4.759031e+01
  6.743481e+00,  3.847370e+01
  5.309901e+00,  2.539844e+01
  4.065713e+00,  5.349534e+00
  3.396585e+00,  3.374367e+02
  3.392491e+00,  3.100359e+02
  3.619994e+00,  2.911850e+02
  3.622294e+00,  2.799651e+02
  3.179314e+00,  2.740928e+02
  2.254767e+00,  2.741424e+02
  1.024697e+00,  2.959465e+02
  1.237319e+00,  3.153970e+01
  2.968826e+00,  4.985406e+01
  4.763292e+00,  5.204350e+01
  6.345903e+00,  5.108187e+01
  7.549204e+00,  4.885757e+01
  8.265918e+00,  4.577920e+01
  8.455516e+00,  4.183660e+01
  8.149211e+00,  3.679428e+01
  7.448888e+00,  3.020740e+01
  6.519594e+00,  2.141519e+01
  5.572283e+00,  9.707626e+00
  4.820655e+00,  3.550737e+02
  4.388461e+00,  3.394700e+02
  4.221845e+00,  3.264906e+02
  4.150254e+00,  3.188200e+02
  4.048614e+00,  3.173807e+02
  3.928094e+00,  3.222456e+02
  3.921940e+00,  3.324544e+02
  4.169224e+00,  3.449193e+02
  4.659787e+00,  3.557539e+02
  5.224107e+00,  3.158229e+00
  5.649666e+00,  7.340926e+00
  5.764300e+00,  9.016891e+00
  5.464333e+00,  8.665004e+00
  4.721295e+00,  6.280354e+00
  3.583565e+00,  8.911519e-01
  2.192883e+00,  3.478616e+02
  1.047412e+00,  2.981187e+02
  1.661088e+00,  2.252154e+02
  1.793356e+00,  1.977655e+02
##END=
