##TITLE= E:\桌面\nmr\ogm\sjd\matlabcod\1_unitary\4_6_xjhsjd
##JCAMP-DX= 5.00 Bruker JCAMP library
##DATA TYPE= Shape Data
##ORIGIN= Colm's GRAPE Pulses 
##OWNER= Dawei.Lu
##DATE= 02-Aug-2025
##TIME= 13:33
##MINX= 1.270791e+00
##MAXX= 2.088856e+01
##MINY= 5.867003e-01
##MAXY= 3.590460e+02
##$SHAPE_EXMODE= None
##$SHAPE_TOTROT= 9.000000e+01
##$SHAPE_BWFAC= 1.000000e+00
##$SHAPE_INTEGFAC= 1.000000e+00
##$SHAPE_MODE= 1
##PULSE_WIDTH= 2000
##Calibration_Power= 12500
##NPOINTS= 200
##XYPOINTS= (XY..XY)
  2.580322e+00,  3.210873e+02
  8.466849e+00,  3.376901e+02
  1.401204e+01,  3.382731e+02
  1.172666e+01,  3.325734e+02
  7.969011e+00,  3.275083e+02
  5.526141e+00,  3.164884e+02
  6.074796e+00,  2.968425e+02
  9.414315e+00,  2.841627e+02
  1.355206e+01,  2.770978e+02
  1.630317e+01,  2.707147e+02
  1.637602e+01,  2.626883e+02
  1.404296e+01,  2.504998e+02
  1.109353e+01,  2.305417e+02
  9.689798e+00,  2.043614e+02
  9.890127e+00,  1.847705e+02
  9.976324e+00,  1.760640e+02
  8.886892e+00,  1.727309e+02
  6.320873e+00,  1.677032e+02
  2.747464e+00,  1.393693e+02
  3.614019e+00,  3.689785e+01
  7.865128e+00,  1.211417e+01
  1.102524e+01,  3.566694e+02
  1.270417e+01,  3.368432e+02
  1.407542e+01,  3.104442e+02
  1.653564e+01,  2.828660e+02
  1.945683e+01,  2.600779e+02
  2.088856e+01,  2.414905e+02
  1.965878e+01,  2.238605e+02
  1.619465e+01,  2.038382e+02
  1.211321e+01,  1.786666e+02
  8.786286e+00,  1.495734e+02
  5.870688e+00,  1.243949e+02
  2.351056e+00,  1.167429e+02
  2.301346e+00,  2.327442e+02
  5.961308e+00,  2.325948e+02
  8.160504e+00,  2.199212e+02
  8.594954e+00,  2.030102e+02
  8.002330e+00,  1.820169e+02
  7.346352e+00,  1.601278e+02
  6.862589e+00,  1.441035e+02
  6.330294e+00,  1.374985e+02
  5.793943e+00,  1.376356e+02
  5.270820e+00,  1.371340e+02
  4.512731e+00,  1.289155e+02
  3.509184e+00,  1.091804e+02
  2.493859e+00,  7.829811e+01
  1.270791e+00,  3.153503e+01
  1.627820e+00,  2.620843e+02
  4.832487e+00,  2.250459e+02
  8.359480e+00,  2.058339e+02
  1.105769e+01,  1.882544e+02
  1.232942e+01,  1.680638e+02
  1.252947e+01,  1.429396e+02
  1.258601e+01,  1.138277e+02
  1.265797e+01,  8.494216e+01
  1.181171e+01,  5.737818e+01
  9.615384e+00,  2.535221e+01
  7.809538e+00,  3.378065e+02
  9.140849e+00,  2.868898e+02
  1.170721e+01,  2.542226e+02
  1.275464e+01,  2.304668e+02
  1.189151e+01,  2.065628e+02
  1.042745e+01,  1.777681e+02
  9.791037e+00,  1.472484e+02
  9.575608e+00,  1.238099e+02
  8.472126e+00,  1.088913e+02
  6.129101e+00,  9.842571e+01
  3.239660e+00,  8.258560e+01
  1.801873e+00,  1.757169e+01
  3.625128e+00,  3.380725e+02
  5.816760e+00,  3.340116e+02
  7.557369e+00,  3.317493e+02
  8.401791e+00,  3.235762e+02
  8.504277e+00,  3.057279e+02
  9.019782e+00,  2.796444e+02
  1.056786e+01,  2.564537e+02
  1.194203e+01,  2.427285e+02
  1.190374e+01,  2.373931e+02
  1.051190e+01,  2.393422e+02
  8.895688e+00,  2.469008e+02
  7.979390e+00,  2.523291e+02
  7.774685e+00,  2.451523e+02
  8.584359e+00,  2.256295e+02
  1.055033e+01,  2.058407e+02
  1.233613e+01,  1.916918e+02
  1.236467e+01,  1.807353e+02
  1.004795e+01,  1.685595e+02
  6.236535e+00,  1.454110e+02
  4.184606e+00,  8.526980e+01
  6.169816e+00,  3.724711e+01
  7.667251e+00,  1.736611e+01
  7.239490e+00,  5.867003e-01
  5.933760e+00,  3.342520e+02
  6.090226e+00,  2.982978e+02
  8.105478e+00,  2.771335e+02
  1.037490e+01,  2.707528e+02
  1.200581e+01,  2.693233e+02
  1.252576e+01,  2.666838e+02
  1.180242e+01,  2.584915e+02
  1.058238e+01,  2.410084e+02
  1.042191e+01,  2.160465e+02
  1.166028e+01,  1.951784e+02
  1.277749e+01,  1.834341e+02
  1.258737e+01,  1.777215e+02
  1.098470e+01,  1.739692e+02
  8.558702e+00,  1.667592e+02
  6.410306e+00,  1.468786e+02
  6.222102e+00,  1.130867e+02
  7.840543e+00,  8.826378e+01
  9.045938e+00,  7.373791e+01
  8.519413e+00,  5.964579e+01
  6.528625e+00,  3.463770e+01
  5.730524e+00,  3.458107e+02
  8.047251e+00,  3.064362e+02
  1.038671e+01,  2.876811e+02
  1.071798e+01,  2.754713e+02
  8.920420e+00,  2.628420e+02
  6.204421e+00,  2.436798e+02
  4.412745e+00,  2.143032e+02
  4.078019e+00,  1.954122e+02
  4.464451e+00,  2.045030e+02
  6.082818e+00,  2.219920e+02
  8.258794e+00,  2.283681e+02
  9.389226e+00,  2.245981e+02
  8.832183e+00,  2.113439e+02
  7.566291e+00,  1.849043e+02
  7.567635e+00,  1.493034e+02
  8.728264e+00,  1.225117e+02
  9.176904e+00,  1.060129e+02
  8.156291e+00,  9.268319e+01
  6.271326e+00,  7.468635e+01
  5.121452e+00,  4.393541e+01
  5.996262e+00,  1.388340e+01
  7.927671e+00,  3.590460e+02
  9.636384e+00,  3.506323e+02
  1.037928e+01,  3.407194e+02
  9.997195e+00,  3.241973e+02
  9.285584e+00,  2.976510e+02
  9.405617e+00,  2.648610e+02
  9.970899e+00,  2.347241e+02
  9.542596e+00,  2.063348e+02
  8.000038e+00,  1.699076e+02
  7.706331e+00,  1.181405e+02
  1.019856e+01,  7.382319e+01
  1.297767e+01,  4.431251e+01
  1.424786e+01,  1.946032e+01
  1.404076e+01,  3.535945e+02
  1.326774e+01,  3.256127e+02
  1.234333e+01,  2.982096e+02
  1.068581e+01,  2.736160e+02
  7.761418e+00,  2.498027e+02
  4.059660e+00,  2.160472e+02
  2.348925e+00,  1.257479e+02
  4.372261e+00,  6.482714e+01
  5.890337e+00,  3.385296e+01
  6.636838e+00,  5.811894e+00
  7.140732e+00,  3.408104e+02
  7.361156e+00,  3.231304e+02
  7.043988e+00,  3.141540e+02
  6.422869e+00,  3.121705e+02
  5.972864e+00,  3.112632e+02
  5.816768e+00,  3.031192e+02
  5.964561e+00,  2.854891e+02
  6.357401e+00,  2.650626e+02
  6.285342e+00,  2.490065e+02
  4.899848e+00,  2.409347e+02
  2.466185e+00,  2.594380e+02
  3.282826e+00,  3.297417e+02
  6.514599e+00,  3.320765e+02
  9.222388e+00,  3.135448e+02
  1.191403e+01,  2.869791e+02
  1.541869e+01,  2.606516e+02
  1.895257e+01,  2.389983e+02
  2.079028e+01,  2.206674e+02
  1.996222e+01,  2.024009e+02
  1.709540e+01,  1.805142e+02
  1.411995e+01,  1.523372e+02
  1.246055e+01,  1.216099e+02
  1.114736e+01,  9.589428e+01
  8.559172e+00,  7.418600e+01
  4.865761e+00,  4.204265e+01
  3.987471e+00,  3.264540e+02
  7.151672e+00,  2.903393e+02
  9.655597e+00,  2.811406e+02
  1.063981e+01,  2.780912e+02
  1.047068e+01,  2.737878e+02
  9.919490e+00,  2.616623e+02
  1.030703e+01,  2.395673e+02
  1.249397e+01,  2.172991e+02
  1.514455e+01,  2.023423e+02
  1.621398e+01,  1.929312e+02
  1.474319e+01,  1.863574e+02
  1.133101e+01,  1.805603e+02
  7.737652e+00,  1.718780e+02
  6.032710e+00,  1.539959e+02
  7.412014e+00,  1.351976e+02
  1.085778e+01,  1.254294e+02
  1.417683e+01,  1.180075e+02
  1.443177e+01,  1.084834e+02
  5.201911e+00,  1.002143e+02
##END=
