##TITLE= E:\桌面\nmr\ogm\sjd\matlabcod\1_unitary\4_7_xjhsjd
##JCAMP-DX= 5.00 Bruker JCAMP library
##DATA TYPE= Shape Data
##ORIGIN= Colm's GRAPE Pulses 
##OWNER= Dawei.Lu
##DATE= 02-Aug-2025
##TIME= 13:33
##MINX= 4.025863e-01
##MAXX= 2.250213e+01
##MINY= 4.909533e+00
##MAXY= 3.599850e+02
##$SHAPE_EXMODE= None
##$SHAPE_TOTROT= 9.000000e+01
##$SHAPE_BWFAC= 1.000000e+00
##$SHAPE_INTEGFAC= 1.000000e+00
##$SHAPE_MODE= 1
##PULSE_WIDTH= 2000
##Calibration_Power= 12500
##NPOINTS= 200
##XYPOINTS= (XY..XY)
  5.184081e+00,  2.662276e+02
  4.986557e+00,  2.765658e+02
  2.685149e+00,  2.682649e+02
  3.783306e+00,  1.567665e+02
  8.861433e+00,  1.411133e+02
  1.162655e+01,  1.327666e+02
  1.093941e+01,  1.173268e+02
  8.929875e+00,  8.087449e+01
  1.115095e+01,  3.265979e+01
  1.611686e+01,  7.196892e+00
  1.890433e+01,  3.536084e+02
  1.777676e+01,  3.427275e+02
  1.359505e+01,  3.296933e+02
  8.881557e+00,  3.092045e+02
  6.119353e+00,  2.818047e+02
  5.097350e+00,  2.718113e+02
  5.322701e+00,  2.933750e+02
  7.728096e+00,  3.146747e+02
  1.029408e+01,  3.208602e+02
  1.095670e+01,  3.189333e+02
  9.334985e+00,  3.109543e+02
  6.602968e+00,  2.946914e+02
  4.568682e+00,  2.697471e+02
  3.716983e+00,  2.562111e+02
  3.805551e+00,  2.737561e+02
  5.590775e+00,  2.933056e+02
  7.554002e+00,  2.960320e+02
  7.817902e+00,  2.883550e+02
  5.944467e+00,  2.695847e+02
  3.413479e+00,  2.225958e+02
  3.552627e+00,  1.423727e+02
  5.256734e+00,  8.684514e+01
  7.814724e+00,  3.792267e+01
  1.232583e+01,  3.599850e+02
  1.747389e+01,  3.326381e+02
  2.118651e+01,  3.092380e+02
  2.250213e+01,  2.852973e+02
  2.196526e+01,  2.586513e+02
  2.066536e+01,  2.298804e+02
  1.869328e+01,  2.013956e+02
  1.520650e+01,  1.733212e+02
  1.019692e+01,  1.391686e+02
  6.477767e+00,  7.769745e+01
  8.440253e+00,  9.899165e+00
  1.178177e+01,  3.320508e+02
  1.365962e+01,  3.020380e+02
  1.450520e+01,  2.728210e+02
  1.497666e+01,  2.461616e+02
  1.459553e+01,  2.253160e+02
  1.261411e+01,  2.112866e+02
  9.307956e+00,  2.047996e+02
  6.097112e+00,  2.086334e+02
  4.465207e+00,  2.194103e+02
  4.176142e+00,  2.141480e+02
  4.568024e+00,  1.880136e+02
  5.267858e+00,  1.583727e+02
  5.044570e+00,  1.280526e+02
  3.900468e+00,  7.554818e+01
  5.893127e+00,  4.909533e+00
  1.051817e+01,  3.306961e+02
  1.412228e+01,  3.086707e+02
  1.508218e+01,  2.868336e+02
  1.372570e+01,  2.592248e+02
  1.205617e+01,  2.226606e+02
  1.146324e+01,  1.829082e+02
  1.068794e+01,  1.457761e+02
  8.901139e+00,  1.026069e+02
  8.884941e+00,  4.476658e+01
  1.230503e+01,  3.593515e+02
  1.541883e+01,  3.306953e+02
  1.569972e+01,  3.066217e+02
  1.328257e+01,  2.787968e+02
  1.051448e+01,  2.398091e+02
  9.888162e+00,  1.941581e+02
  1.025312e+01,  1.566011e+02
  9.632053e+00,  1.231425e+02
  8.752025e+00,  8.437696e+01
  9.444760e+00,  4.585419e+01
  1.096106e+01,  2.134461e+01
  1.151686e+01,  9.754350e+00
  1.083227e+01,  6.838931e+00
  9.758155e+00,  8.535298e+00
  9.012436e+00,  7.609473e+00
  8.718672e+00,  3.568670e+02
  9.106396e+00,  3.368843e+02
  1.004162e+01,  3.158681e+02
  1.032416e+01,  2.985121e+02
  8.784035e+00,  2.831075e+02
  5.370701e+00,  2.632053e+02
  2.109925e+00,  1.961488e+02
  4.204439e+00,  1.158137e+02
  6.164510e+00,  9.429121e+01
  6.078679e+00,  7.881325e+01
  4.604161e+00,  6.063915e+01
  3.125892e+00,  3.698809e+01
  2.504432e+00,  2.410731e+01
  3.063784e+00,  3.993372e+01
  5.197672e+00,  5.182664e+01
  7.713302e+00,  5.140525e+01
  9.192855e+00,  4.509548e+01
  8.934615e+00,  3.433983e+01
  7.265021e+00,  1.734107e+01
  5.389338e+00,  3.509250e+02
  4.343962e+00,  3.206727e+02
  3.640627e+00,  3.047301e+02
  2.867086e+00,  3.162125e+02
  3.225725e+00,  3.453732e+02
  4.262353e+00,  3.524583e+02
  4.449524e+00,  3.386135e+02
  4.089763e+00,  3.016063e+02
  5.217472e+00,  2.534796e+02
  7.483790e+00,  2.229717e+02
  8.897282e+00,  2.024811e+02
  8.626092e+00,  1.829453e+02
  7.157896e+00,  1.583822e+02
  5.852479e+00,  1.258819e+02
  5.422169e+00,  9.538876e+01
  5.028286e+00,  7.911966e+01
  4.253247e+00,  7.854823e+01
  3.749839e+00,  8.759795e+01
  3.669113e+00,  8.527895e+01
  3.822670e+00,  5.543736e+01
  5.539038e+00,  1.263706e+01
  8.804196e+00,  3.425593e+02
  1.192783e+01,  3.194202e+02
  1.376102e+01,  2.959256e+02
  1.432534e+01,  2.684189e+02
  1.455727e+01,  2.366886e+02
  1.495170e+01,  2.043859e+02
  1.470520e+01,  1.738949e+02
  1.297722e+01,  1.422067e+02
  1.053282e+01,  1.017457e+02
  9.956991e+00,  5.022715e+01
  1.179142e+01,  5.819908e+00
  1.329618e+01,  3.325251e+02
  1.299389e+01,  3.017651e+02
  1.144636e+01,  2.670389e+02
  1.008160e+01,  2.265911e+02
  9.342627e+00,  1.849732e+02
  8.573710e+00,  1.433536e+02
  8.127166e+00,  9.723730e+01
  9.151829e+00,  5.281974e+01
  1.087195e+01,  2.086341e+01
  1.158250e+01,  3.594804e+02
  1.065034e+01,  3.449980e+02
  8.662328e+00,  3.369213e+02
  6.937287e+00,  3.368991e+02
  6.667569e+00,  3.408156e+02
  7.741041e+00,  3.373658e+02
  9.074191e+00,  3.254341e+02
  9.575256e+00,  3.085676e+02
  8.507019e+00,  2.867101e+02
  6.043009e+00,  2.525090e+02
  4.603343e+00,  1.850510e+02
  7.262109e+00,  1.219910e+02
  1.115149e+01,  8.502534e+01
  1.453955e+01,  5.485441e+01
  1.703557e+01,  2.645026e+01
  1.828090e+01,  3.588739e+02
  1.781220e+01,  3.309411e+02
  1.568243e+01,  2.997162e+02
  1.315196e+01,  2.605698e+02
  1.235654e+01,  2.136638e+02
  1.365110e+01,  1.701905e+02
  1.527046e+01,  1.340594e+02
  1.629561e+01,  1.016157e+02
  1.680012e+01,  7.164646e+01
  1.655822e+01,  4.547352e+01
  1.481745e+01,  2.373901e+01
  1.122162e+01,  5.319846e+00
  6.446506e+00,  3.473422e+02
  2.023998e+00,  3.158902e+02
  1.412555e+00,  1.862036e+02
  1.999048e+00,  1.527376e+02
  1.192050e+00,  1.194151e+02
  7.401558e-01,  4.186681e+01
  4.025863e-01,  3.808955e+01
  1.978799e+00,  1.432657e+02
  5.535131e+00,  1.419651e+02
  9.023608e+00,  1.374550e+02
  1.081363e+01,  1.326893e+02
  1.005816e+01,  1.276914e+02
  7.215563e+00,  1.221145e+02
  3.878826e+00,  1.163070e+02
  2.000291e+00,  1.202255e+02
  3.117672e+00,  1.331570e+02
  7.057185e+00,  1.293593e+02
  1.218022e+01,  1.229098e+02
  1.613382e+01,  1.158316e+02
  1.692929e+01,  1.066379e+02
  1.418955e+01,  9.141875e+01
  1.023319e+01,  6.018351e+01
  9.849644e+00,  1.273277e+01
  1.216698e+01,  3.429028e+02
  1.235723e+01,  3.275555e+02
  9.162485e+00,  3.138026e+02
  4.605105e+00,  2.778232e+02
  5.480574e+00,  2.043988e+02
  8.853041e+00,  1.882702e+02
  8.123108e+00,  1.945080e+02
##END=
