##TITLE= E:\桌面\nmr\ogm\sjd\matlabcod\1_unitary\4_8_xjhsjd
##JCAMP-DX= 5.00 Bruker JCAMP library
##DATA TYPE= Shape Data
##ORIGIN= Colm's GRAPE Pulses 
##OWNER= Dawei.Lu
##DATE= 02-Aug-2025
##TIME= 13:33
##MINX= 8.063614e-01
##MAXX= 2.490808e+01
##MINY= 1.101827e+00
##MAXY= 3.573772e+02
##$SHAPE_EXMODE= None
##$SHAPE_TOTROT= 9.000000e+01
##$SHAPE_BWFAC= 1.000000e+00
##$SHAPE_INTEGFAC= 1.000000e+00
##$SHAPE_MODE= 1
##PULSE_WIDTH= 2000
##Calibration_Power= 12500
##NPOINTS= 200
##XYPOINTS= (XY..XY)
  3.885037e+00,  1.979407e+02
  5.312410e+00,  2.186709e+02
  7.924009e+00,  2.300340e+02
  8.836888e+00,  2.206105e+02
  1.029975e+01,  2.015202e+02
  1.312789e+01,  1.818827e+02
  1.620694e+01,  1.642708e+02
  1.815513e+01,  1.460199e+02
  1.865541e+01,  1.239965e+02
  1.879672e+01,  9.699173e+01
  1.977052e+01,  6.837396e+01
  2.098924e+01,  4.264779e+01
  2.083343e+01,  1.948438e+01
  1.874233e+01,  3.549552e+02
  1.600891e+01,  3.244961e+02
  1.467395e+01,  2.886219e+02
  1.462746e+01,  2.553474e+02
  1.378745e+01,  2.259796e+02
  1.153008e+01,  1.924442e+02
  1.007414e+01,  1.461326e+02
  1.151572e+01,  9.998874e+01
  1.344692e+01,  6.563609e+01
  1.372743e+01,  3.352854e+01
  1.334676e+01,  3.551601e+02
  1.456675e+01,  3.142608e+02
  1.670990e+01,  2.806410e+02
  1.735015e+01,  2.523288e+02
  1.590363e+01,  2.225172e+02
  1.408977e+01,  1.865557e+02
  1.361395e+01,  1.488868e+02
  1.338089e+01,  1.174359e+02
  1.161014e+01,  9.016634e+01
  8.503754e+00,  5.854215e+01
  6.225845e+00,  1.272005e+01
  6.051135e+00,  3.272789e+02
  5.689015e+00,  2.988220e+02
  3.853453e+00,  2.777370e+02
  1.448206e+00,  2.422171e+02
  1.147088e+00,  1.429790e+02
  1.372284e+00,  1.377572e+02
  1.837283e+00,  1.901165e+02
  3.765112e+00,  2.044183e+02
  5.131569e+00,  1.916797e+02
  5.499182e+00,  1.584724e+02
  7.125791e+00,  1.100506e+02
  1.099659e+01,  7.368724e+01
  1.470401e+01,  4.720663e+01
  1.658992e+01,  2.035427e+01
  1.736674e+01,  3.474057e+02
  1.936072e+01,  3.106161e+02
  2.272813e+01,  2.781529e+02
  2.490808e+01,  2.507308e+02
  2.431584e+01,  2.234970e+02
  2.213025e+01,  1.917357e+02
  2.105131e+01,  1.559629e+02
  2.137566e+01,  1.237818e+02
  2.056730e+01,  9.807622e+01
  1.725288e+01,  7.486240e+01
  1.264566e+01,  4.800386e+01
  9.335587e+00,  1.353795e+01
  8.164004e+00,  3.433199e+02
  7.274651e+00,  3.312773e+02
  6.160045e+00,  3.371072e+02
  5.619405e+00,  3.498475e+02
  5.116474e+00,  3.509272e+02
  4.043709e+00,  3.280599e+02
  4.138279e+00,  2.794444e+02
  5.747267e+00,  2.469802e+02
  6.306710e+00,  2.307341e+02
  4.688579e+00,  2.193496e+02
  1.400820e+00,  2.050370e+02
  2.034177e+00,  2.630673e+01
  3.888453e+00,  9.589758e+00
  3.580288e+00,  3.404000e+02
  3.589667e+00,  2.746742e+02
  6.598062e+00,  2.305871e+02
  9.392860e+00,  2.104667e+02
  9.989922e+00,  1.941701e+02
  8.416882e+00,  1.728150e+02
  6.642379e+00,  1.378688e+02
  6.806352e+00,  9.986772e+01
  7.537198e+00,  8.009908e+01
  7.187855e+00,  7.509724e+01
  6.107157e+00,  7.875697e+01
  5.202716e+00,  8.013868e+01
  4.908559e+00,  6.130220e+01
  6.454537e+00,  2.656292e+01
  9.749386e+00,  1.101827e+00
  1.256702e+01,  3.421989e+02
  1.336143e+01,  3.216099e+02
  1.253263e+01,  2.929439e+02
  1.234448e+01,  2.553360e+02
  1.366484e+01,  2.202272e+02
  1.425292e+01,  1.922561e+02
  1.250139e+01,  1.645688e+02
  9.490543e+00,  1.260030e+02
  8.587214e+00,  7.210267e+01
  1.000149e+01,  2.726059e+01
  1.040302e+01,  3.520369e+02
  9.413045e+00,  3.114442e+02
  9.671583e+00,  2.616323e+02
  1.187065e+01,  2.205940e+02
  1.322204e+01,  1.902802e+02
  1.226517e+01,  1.611284e+02
  1.010314e+01,  1.246330e+02
  9.065630e+00,  8.085198e+01
  8.909967e+00,  4.451677e+01
  7.285345e+00,  1.860679e+01
  3.604855e+00,  3.561585e+02
  8.063614e-01,  1.776227e+02
  3.903107e+00,  1.381506e+02
  5.232333e+00,  9.845711e+01
  7.008884e+00,  4.688244e+01
  1.056653e+01,  6.373449e+00
  1.357866e+01,  3.360761e+02
  1.428593e+01,  3.052742e+02
  1.359382e+01,  2.661532e+02
  1.421772e+01,  2.205039e+02
  1.613875e+01,  1.798479e+02
  1.684858e+01,  1.434661e+02
  1.604903e+01,  1.033062e+02
  1.619496e+01,  5.723273e+01
  1.823907e+01,  1.469129e+01
  1.985051e+01,  3.387197e+02
  1.968862e+01,  3.036538e+02
  1.901969e+01,  2.653324e+02
  1.951843e+01,  2.267824e+02
  2.036286e+01,  1.934956e+02
  1.962247e+01,  1.646326e+02
  1.692870e+01,  1.357111e+02
  1.374245e+01,  1.028290e+02
  1.156189e+01,  6.830669e+01
  9.716975e+00,  4.089032e+01
  6.776630e+00,  2.589581e+01
  3.289006e+00,  3.827798e+01
  3.297838e+00,  9.588893e+01
  5.040617e+00,  9.667325e+01
  5.728646e+00,  6.837078e+01
  7.061008e+00,  2.802239e+01
  9.440335e+00,  3.573772e+02
  1.071995e+01,  3.369867e+02
  9.465178e+00,  3.198773e+02
  6.060840e+00,  2.990273e+02
  2.610623e+00,  2.543722e+02
  1.777278e+00,  1.710883e+02
  9.156734e-01,  7.776743e+01
  4.066371e+00,  3.350829e+02
  9.106673e+00,  3.128646e+02
  1.283687e+01,  2.960395e+02
  1.374229e+01,  2.767413e+02
  1.250198e+01,  2.494039e+02
  1.183072e+01,  2.129840e+02
  1.283680e+01,  1.808459e+02
  1.315655e+01,  1.599711e+02
  1.113624e+01,  1.457545e+02
  7.284601e+00,  1.323172e+02
  3.465912e+00,  1.066463e+02
  2.274683e+00,  4.710822e+01
  2.758645e+00,  2.741729e+01
  2.747744e+00,  4.436574e+01
  2.796099e+00,  7.843223e+01
  3.203832e+00,  1.135459e+02
  3.896321e+00,  1.416045e+02
  4.560714e+00,  1.561869e+02
  4.534200e+00,  1.521230e+02
  4.278133e+00,  1.193609e+02
  6.385563e+00,  7.593930e+01
  1.027953e+01,  5.264500e+01
  1.338378e+01,  3.721787e+01
  1.430363e+01,  2.061822e+01
  1.349455e+01,  3.569087e+02
  1.327350e+01,  3.246023e+02
  1.495512e+01,  2.944209e+02
  1.648655e+01,  2.731334e+02
  1.570784e+01,  2.567096e+02
  1.252308e+01,  2.392549e+02
  8.771965e+00,  2.138773e+02
  6.768702e+00,  1.806292e+02
  6.095660e+00,  1.607857e+02
  5.197730e+00,  1.665874e+02
  5.099047e+00,  1.926613e+02
  6.055962e+00,  2.094975e+02
  6.233131e+00,  2.077350e+02
  5.522058e+00,  1.856898e+02
  6.189043e+00,  1.483114e+02
  8.620152e+00,  1.251855e+02
  1.055696e+01,  1.153642e+02
  1.074054e+01,  1.090158e+02
  9.172302e+00,  9.853851e+01
  7.240467e+00,  7.415737e+01
  7.512610e+00,  3.891067e+01
  9.578910e+00,  1.858739e+01
  1.081289e+01,  1.170088e+01
  1.007225e+01,  1.043146e+01
  7.626524e+00,  1.026044e+01
  4.681955e+00,  2.988553e+00
  3.391562e+00,  3.283188e+02
  5.339736e+00,  3.030339e+02
  7.234401e+00,  3.009036e+02
  9.811552e-01,  2.945200e+02
##END=
