##TITLE= E:\桌面\nmr\ogm\sjd\matlabcod\1_unitary\4_9_xjhsjd
##JCAMP-DX= 5.00 Bruker JCAMP library
##DATA TYPE= Shape Data
##ORIGIN= Colm's GRAPE Pulses 
##OWNER= Dawei.Lu
##DATE= 02-Aug-2025
##TIME= 13:33
##MINX= 1.237397e+00
##MAXX= 1.983985e+01
##MINY= 1.446950e+00
##MAXY= 3.571826e+02
##$SHAPE_EXMODE= None
##$SHAPE_TOTROT= 9.000000e+01
##$SHAPE_BWFAC= 1.000000e+00
##$SHAPE_INTEGFAC= 1.000000e+00
##$SHAPE_MODE= 1
##PULSE_WIDTH= 2000
##Calibration_Power= 12500
##NPOINTS= 200
##XYPOINTS= (XY..XY)
  3.468768e+00,  2.711965e+02
  5.560193e+00,  2.678145e+02
  7.715138e+00,  2.564559e+02
  6.027112e+00,  2.381290e+02
  1.986019e+00,  1.801428e+02
  5.272264e+00,  7.550595e+01
  9.116713e+00,  5.572777e+01
  9.616225e+00,  3.803223e+01
  7.409773e+00,  7.068556e+00
  6.772826e+00,  3.103897e+02
  9.365314e+00,  2.691071e+02
  1.056566e+01,  2.455030e+02
  8.683154e+00,  2.203360e+02
  6.143098e+00,  1.705419e+02
  8.159453e+00,  1.121978e+02
  1.150750e+01,  8.485168e+01
  1.241401e+01,  6.728306e+01
  1.070609e+01,  4.792265e+01
  8.382455e+00,  1.878033e+01
  7.815635e+00,  3.443045e+02
  8.235361e+00,  3.239198e+02
  7.696622e+00,  3.197663e+02
  6.160436e+00,  3.304576e+02
  5.033079e+00,  3.571826e+02
  5.277973e+00,  2.433187e+01
  5.966697e+00,  3.547735e+01
  6.555832e+00,  3.193145e+01
  7.727906e+00,  1.856488e+01
  1.024647e+01,  4.383407e+00
  1.379637e+01,  3.541423e+02
  1.727882e+01,  3.461047e+02
  1.952215e+01,  3.375658e+02
  1.983985e+01,  3.263799e+02
  1.843418e+01,  3.108945e+02
  1.623134e+01,  2.907361e+02
  1.384622e+01,  2.682301e+02
  1.072862e+01,  2.466283e+02
  6.007786e+00,  2.243513e+02
  1.416569e+00,  1.114480e+02
  7.423151e+00,  4.036435e+01
  1.298844e+01,  2.291188e+01
  1.640079e+01,  7.234708e+00
  1.767953e+01,  3.502791e+02
  1.766636e+01,  3.320137e+02
  1.707032e+01,  3.144621e+02
  1.582350e+01,  3.000056e+02
  1.349854e+01,  2.894303e+02
  9.995407e+00,  2.820677e+02
  5.705384e+00,  2.771310e+02
  1.341039e+00,  2.840412e+02
  2.669129e+00,  6.504795e+01
  5.783562e+00,  5.431426e+01
  8.547375e+00,  3.498641e+01
  1.156679e+01,  1.384469e+01
  1.461125e+01,  3.547062e+02
  1.650686e+01,  3.373279e+02
  1.617459e+01,  3.188129e+02
  1.375428e+01,  2.940990e+02
  1.135895e+01,  2.564075e+02
  1.173575e+01,  2.119553e+02
  1.367555e+01,  1.774230e+02
  1.448266e+01,  1.495016e+02
  1.384237e+01,  1.205728e+02
  1.307333e+01,  8.891522e+01
  1.256070e+01,  6.045941e+01
  1.076320e+01,  4.005237e+01
  6.446581e+00,  2.913226e+01
  1.339024e+00,  1.023600e+02
  7.102804e+00,  1.627749e+02
  1.211865e+01,  1.559481e+02
  1.429447e+01,  1.440037e+02
  1.399232e+01,  1.279841e+02
  1.274810e+01,  1.090255e+02
  1.172876e+01,  9.318039e+01
  1.097080e+01,  8.851339e+01
  1.087577e+01,  9.699727e+01
  1.214631e+01,  1.089628e+02
  1.357747e+01,  1.140036e+02
  1.321712e+01,  1.110138e+02
  1.052080e+01,  1.001763e+02
  6.719042e+00,  7.803842e+01
  3.687236e+00,  3.956340e+01
  1.237397e+00,  3.444064e+02
  3.155170e+00,  1.787666e+02
  9.001422e+00,  1.556536e+02
  1.457037e+01,  1.411763e+02
  1.755186e+01,  1.277299e+02
  1.685707e+01,  1.115242e+02
  1.355164e+01,  8.704300e+01
  1.089413e+01,  4.865870e+01
  1.086929e+01,  9.436012e+00
  1.050472e+01,  3.430840e+02
  7.445725e+00,  3.225396e+02
  2.586156e+00,  2.842181e+02
  3.297812e+00,  1.553838e+02
  5.533087e+00,  1.249191e+02
  4.804553e+00,  8.887443e+01
  5.203563e+00,  1.725287e+01
  9.686726e+00,  3.357615e+02
  1.331713e+01,  3.161116e+02
  1.351929e+01,  2.999201e+02
  1.030520e+01,  2.787394e+02
  6.305396e+00,  2.370079e+02
  5.807618e+00,  1.734514e+02
  6.378349e+00,  1.317200e+02
  4.934932e+00,  8.533486e+01
  5.886237e+00,  9.140547e+00
  1.060627e+01,  3.298867e+02
  1.382772e+01,  3.087802e+02
  1.341965e+01,  2.889539e+02
  1.017175e+01,  2.598633e+02
  8.015089e+00,  2.090302e+02
  9.526177e+00,  1.618177e+02
  1.053153e+01,  1.331437e+02
  8.878768e+00,  1.061834e+02
  6.379467e+00,  6.224668e+01
  6.928060e+00,  6.890850e+00
  8.636900e+00,  3.362918e+02
  8.176474e+00,  3.184101e+02
  5.384138e+00,  3.001692e+02
  2.387461e+00,  2.520094e+02
  3.119625e+00,  1.819483e+02
  4.315612e+00,  1.739556e+02
  4.939963e+00,  1.876873e+02
  6.094390e+00,  2.007146e+02
  7.267696e+00,  1.972689e+02
  8.074215e+00,  1.757005e+02
  9.924264e+00,  1.434587e+02
  1.327906e+01,  1.160302e+02
  1.612833e+01,  9.569109e+01
  1.654984e+01,  7.740992e+01
  1.424500e+01,  5.609505e+01
  1.074231e+01,  2.595288e+01
  8.258182e+00,  3.446754e+02
  6.788482e+00,  3.014252e+02
  4.814375e+00,  2.493501e+02
  5.534689e+00,  1.679955e+02
  1.056413e+01,  1.237935e+02
  1.547695e+01,  9.991811e+01
  1.833413e+01,  7.987967e+01
  1.904140e+01,  5.879870e+01
  1.867191e+01,  3.555051e+01
  1.813703e+01,  1.235080e+01
  1.712302e+01,  3.523121e+02
  1.475907e+01,  3.360616e+02
  1.081864e+01,  3.217769e+02
  6.018488e+00,  3.047946e+02
  1.895288e+00,  2.556092e+02
  2.912223e+00,  1.475420e+02
  5.167185e+00,  1.165682e+02
  7.144258e+00,  9.222854e+01
  9.548306e+00,  7.126776e+01
  1.221780e+01,  5.559003e+01
  1.417300e+01,  4.365818e+01
  1.439814e+01,  3.273425e+01
  1.247480e+01,  2.000354e+01
  8.927526e+00,  1.446950e+00
  5.175588e+00,  3.280361e+02
  3.121349e+00,  2.613102e+02
  4.004826e+00,  1.817944e+02
  7.385522e+00,  1.321716e+02
  1.220026e+01,  1.044479e+02
  1.653881e+01,  8.672420e+01
  1.855516e+01,  7.282298e+01
  1.746542e+01,  5.907162e+01
  1.399291e+01,  4.177978e+01
  1.011108e+01,  1.603848e+01
  7.795874e+00,  3.414073e+02
  6.675341e+00,  3.095044e+02
  5.058043e+00,  2.797839e+02
  3.789195e+00,  2.266916e+02
  6.178473e+00,  1.770232e+02
  1.026223e+01,  1.617276e+02
  1.391325e+01,  1.568927e+02
  1.610078e+01,  1.537752e+02
  1.624947e+01,  1.487051e+02
  1.455414e+01,  1.391576e+02
  1.216620e+01,  1.236755e+02
  1.031704e+01,  1.060320e+02
  8.830566e+00,  9.760367e+01
  7.461153e+00,  1.115016e+02
  8.861509e+00,  1.439044e+02
  1.345097e+01,  1.605518e+02
  1.770311e+01,  1.624502e+02
  1.936082e+01,  1.562521e+02
  1.827400e+01,  1.426449e+02
  1.619251e+01,  1.211052e+02
  1.485167e+01,  9.660269e+01
  1.333304e+01,  7.840974e+01
  9.703967e+00,  7.164278e+01
  4.634504e+00,  9.505394e+01
  5.766847e+00,  1.695837e+02
  9.794522e+00,  1.816090e+02
  1.043517e+01,  1.758318e+02
  7.619005e+00,  1.561663e+02
  5.117646e+00,  1.014566e+02
  6.881242e+00,  4.812454e+01
  7.693209e+00,  2.206829e+01
  5.444867e+00,  3.502305e+02
  3.350404e+00,  2.999778e+02
##END=
