##TITLE= E:\桌面\nmr\ogm\sjd\matlabcod\1\4T_xjhsjd
##JCAMP-DX= 5.00 Bruker JCAMP library
##DATA TYPE= Shape Data
##ORIGIN= Colm's GRAPE Pulses 
##OWNER= Dawei.Lu
##DATE= 02-Aug-2025
##TIME= 11:28
##MINX= 6.919529e-02
##MAXX= 1.102591e+01
##MINY= 2.745019e-02
##MAXY= 3.596470e+02
##$SHAPE_EXMODE= None
##$SHAPE_TOTROT= 9.000000e+01
##$SHAPE_BWFAC= 1.000000e+00
##$SHAPE_INTEGFAC= 1.000000e+00
##$SHAPE_MODE= 1
##PULSE_WIDTH= 5000
##Calibration_Power= 12500
##NPOINTS= 1000
##XYPOINTS= (XY..XY)
  5.504615e+00,  6.534352e+01
  7.207314e+00,  5.716502e+01
  8.825432e+00,  4.872506e+01
  8.330244e+00,  4.371590e+01
  7.184994e+00,  3.879042e+01
  5.702004e+00,  3.316897e+01
  4.094552e+00,  2.556321e+01
  2.586842e+00,  1.259504e+01
  1.477181e+00,  3.441748e+02
  1.202213e+00,  2.952301e+02
  1.486370e+00,  2.655060e+02
  1.667026e+00,  2.549069e+02
  1.586221e+00,  2.529846e+02
  1.290732e+00,  2.575212e+02
  8.956728e-01,  2.709759e+02
  5.537731e-01,  3.023304e+02
  4.468012e-01,  3.591939e+02
  6.077793e-01,  5.192743e+01
  9.912158e-01,  8.833544e+01
  1.654148e+00,  1.109725e+02
  2.589299e+00,  1.236757e+02
  3.712078e+00,  1.303525e+02
  4.896714e+00,  1.333819e+02
  6.000605e+00,  1.340049e+02
  6.885007e+00,  1.328285e+02
  7.434766e+00,  1.300898e+02
  7.576378e+00,  1.257564e+02
  7.293606e+00,  1.195212e+02
  6.641161e+00,  1.107033e+02
  5.758724e+00,  9.807764e+01
  4.884991e+00,  7.992906e+01
  4.333758e+00,  5.562453e+01
  4.310089e+00,  2.898202e+01
  4.672485e+00,  5.751532e+00
  5.081434e+00,  3.471190e+02
  5.278192e+00,  3.310664e+02
  5.160202e+00,  3.151186e+02
  4.781328e+00,  2.967284e+02
  4.367637e+00,  2.733552e+02
  4.292682e+00,  2.448721e+02
  4.814208e+00,  2.168664e+02
  5.785371e+00,  1.946790e+02
  6.855232e+00,  1.780934e+02
  7.727280e+00,  1.649550e+02
  8.209737e+00,  1.534941e+02
  8.207420e+00,  1.424029e+02
  7.719312e+00,  1.304670e+02
  6.848761e+00,  1.161493e+02
  5.832298e+00,  9.721387e+01
  5.076006e+00,  7.146727e+01
  5.032439e+00,  4.129954e+01
  5.743627e+00,  1.475520e+01
  6.789031e+00,  3.551574e+02
  7.749898e+00,  3.405569e+02
  8.376089e+00,  3.286577e+02
  8.554197e+00,  3.179109e+02
  8.273372e+00,  3.072167e+02
  7.607808e+00,  2.955955e+02
  6.705938e+00,  2.819864e+02
  5.776291e+00,  2.652993e+02
  5.046910e+00,  2.451393e+02
  4.660120e+00,  2.231862e+02
  4.552065e+00,  2.027890e+02
  4.495816e+00,  1.859779e+02
  4.269548e+00,  1.724880e+02
  3.749221e+00,  1.609485e+02
  2.915847e+00,  1.492545e+02
  1.855561e+00,  1.321399e+02
  9.514989e-01,  8.359008e+01
  1.454111e+00,  1.195958e+01
  2.636058e+00,  3.504644e+02
  3.743372e+00,  3.421187e+02
  4.609313e+00,  3.378638e+02
  5.171062e+00,  3.356434e+02
  5.420307e+00,  3.347478e+02
  5.389956e+00,  3.347988e+02
  5.140085e+00,  3.354198e+02
  4.741518e+00,  3.360327e+02
  4.259952e+00,  3.356667e+02
  3.753401e+00,  3.327879e+02
  3.295060e+00,  3.252642e+02
  3.018896e+00,  3.112199e+02
  3.115832e+00,  2.922338e+02
  3.670842e+00,  2.743578e+02
  4.555537e+00,  2.612002e+02
  5.556808e+00,  2.519922e+02
  6.478329e+00,  2.450312e+02
  7.158628e+00,  2.390527e+02
  7.476597e+00,  2.331805e+02
  7.363049e+00,  2.266603e+02
  6.816754e+00,  2.185825e+02
  5.925626e+00,  2.075120e+02
  4.902028e+00,  1.910032e+02
  4.130642e+00,  1.662119e+02
  4.053234e+00,  1.358040e+02
  4.661615e+00,  1.098311e+02
  5.482134e+00,  9.158707e+01
  6.098995e+00,  7.814506e+01
  6.289478e+00,  6.656550e+01
  5.987809e+00,  5.452068e+01
  5.283417e+00,  3.936091e+01
  4.480654e+00,  1.727875e+01
  4.167635e+00,  3.462473e+02
  4.821786e+00,  3.153978e+02
  6.153765e+00,  2.941273e+02
  7.593606e+00,  2.807110e+02
  8.746301e+00,  2.716869e+02
  9.377643e+00,  2.650762e+02
  9.366975e+00,  2.598693e+02
  8.689279e+00,  2.555294e+02
  7.405557e+00,  2.517616e+02
  5.650308e+00,  2.484434e+02
  3.612808e+00,  2.457695e+02
  1.514953e+00,  2.460380e+02
  4.898864e-01,  3.114492e+01
  2.073421e+00,  4.371009e+01
  3.217975e+00,  3.897856e+01
  3.860743e+00,  3.064615e+01
  4.085317e+00,  1.824573e+01
  4.134348e+00,  6.091422e-01
  4.380135e+00,  3.386975e+02
  5.091271e+00,  3.175153e+02
  6.193923e+00,  3.013317e+02
  7.403195e+00,  2.902742e+02
  8.436524e+00,  2.828848e+02
  9.085253e+00,  2.779408e+02
  9.223280e+00,  2.746920e+02
  8.805348e+00,  2.727329e+02
  7.859050e+00,  2.718868e+02
  6.473409e+00,  2.721810e+02
  4.783604e+00,  2.739796e+02
  2.954913e+00,  2.787580e+02
  1.197465e+00,  2.963945e+02
  8.157114e-01,  5.017289e+01
  2.095726e+00,  7.939949e+01
  3.151391e+00,  8.788402e+01
  3.867191e+00,  9.382695e+01
  4.249266e+00,  9.922212e+01
  4.334243e+00,  1.043288e+02
  4.165736e+00,  1.087915e+02
  3.781249e+00,  1.117260e+02
  3.217105e+00,  1.114066e+02
  2.549831e+00,  1.041637e+02
  2.023991e+00,  8.284524e+01
  2.165766e+00,  4.939083e+01
  3.093951e+00,  2.682643e+01
  4.366637e+00,  1.672607e+01
  5.653487e+00,  1.223414e+01
  6.740543e+00,  1.007605e+01
  7.463902e+00,  8.890371e+00
  7.701550e+00,  8.024295e+00
  7.382158e+00,  7.061630e+00
  6.494862e+00,  5.573987e+00
  5.097424e+00,  2.747833e+00
  3.326616e+00,  3.559935e+02
  1.509353e+00,  3.296769e+02
  1.503908e+00,  2.393559e+02
  3.221829e+00,  2.133511e+02
  4.789647e+00,  2.065219e+02
  5.887272e+00,  2.035190e+02
  6.385664e+00,  2.017847e+02
  6.239545e+00,  2.005006e+02
  5.479657e+00,  1.991817e+02
  4.207692e+00,  1.971520e+02
  2.589904e+00,  1.922621e+02
  9.179638e-01,  1.664705e+02
  1.208498e+00,  5.488266e+01
  2.661803e+00,  3.984542e+01
  3.781625e+00,  3.757267e+01
  4.408089e+00,  3.846930e+01
  4.496681e+00,  4.156665e+01
  4.091848e+00,  4.752807e+01
  3.342585e+00,  5.867171e+01
  2.560051e+00,  8.025509e+01
  2.283804e+00,  1.151900e+02
  2.758082e+00,  1.460016e+02
  3.480226e+00,  1.630968e+02
  3.990220e+00,  1.722831e+02
  4.065622e+00,  1.776484e+02
  3.619593e+00,  1.808677e+02
  2.657716e+00,  1.822793e+02
  1.263827e+00,  1.791877e+02
  5.107504e-01,  3.586878e+01
  2.310323e+00,  1.769421e+01
  4.081656e+00,  1.672228e+01
  5.608157e+00,  1.713905e+01
  6.729083e+00,  1.790723e+01
  7.329978e+00,  1.876525e+01
  7.353154e+00,  1.957212e+01
  6.802318e+00,  2.015499e+01
  5.740810e+00,  2.016111e+01
  4.286049e+00,  1.863752e+01
  2.613840e+00,  1.199470e+01
  1.135794e+00,  3.365518e+02
  1.581119e+00,  2.581602e+02
  3.012233e+00,  2.420800e+02
  4.273089e+00,  2.401649e+02
  5.201520e+00,  2.421225e+02
  5.760355e+00,  2.459704e+02
  5.963539e+00,  2.510699e+02
  5.854228e+00,  2.570732e+02
  5.485065e+00,  2.636280e+02
  4.900199e+00,  2.702391e+02
  4.125521e+00,  2.761226e+02
  3.173584e+00,  2.797868e+02
  2.076951e+00,  2.769267e+02
  1.091053e+00,  2.459926e+02
  1.506860e+00,  1.807677e+02
  2.959006e+00,  1.644741e+02
  4.564712e+00,  1.623375e+02
  6.099172e+00,  1.635245e+02
  7.414608e+00,  1.657387e+02
  8.383568e+00,  1.682741e+02
  8.904203e+00,  1.708630e+02
  8.912188e+00,  1.733881e+02
  8.390694e+00,  1.757835e+02
  7.375188e+00,  1.779802e+02
  5.951563e+00,  1.798369e+02
  4.247985e+00,  1.809420e+02
  2.424313e+00,  1.795946e+02
  7.104449e-01,  1.578047e+02
  1.098041e+00,  3.614025e+01
  2.344712e+00,  2.784577e+01
  3.200934e+00,  2.864893e+01
  3.587598e+00,  3.162499e+01
  3.493489e+00,  3.597143e+01
  2.954555e+00,  4.200146e+01
  2.049795e+00,  5.170237e+01
  9.478835e-01,  7.841148e+01
  8.956122e-01,  1.831257e+02
  2.240012e+00,  2.147200e+02
  3.683294e+00,  2.265696e+02
  5.051570e+00,  2.351386e+02
  6.269499e+00,  2.427115e+02
  7.284985e+00,  2.498412e+02
  8.058070e+00,  2.566509e+02
  8.555972e+00,  2.631106e+02
  8.751635e+00,  2.691205e+02
  8.625689e+00,  2.745335e+02
  8.171188e+00,  2.791404e+02
  7.400291e+00,  2.826117e+02
  6.352836e+00,  2.843502e+02
  5.109768e+00,  2.831184e+02
  3.824414e+00,  2.760863e+02
  2.809982e+00,  2.574839e+02
  2.587934e+00,  2.268974e+02
  3.213486e+00,  2.040169e+02
  4.099237e+00,  1.945835e+02
  4.851476e+00,  1.926296e+02
  5.311563e+00,  1.948072e+02
  5.437769e+00,  1.999491e+02
  5.265621e+00,  2.079053e+02
  4.894003e+00,  2.190466e+02
  4.471818e+00,  2.337978e+02
  4.157168e+00,  2.517862e+02
  4.034453e+00,  2.710903e+02
  4.048440e+00,  2.892385e+02
  4.048127e+00,  3.051797e+02
  3.890507e+00,  3.195916e+02
  3.506964e+00,  3.342675e+02
  2.936996e+00,  3.522526e+02
  2.381398e+00,  1.855158e+01
  2.243528e+00,  5.477942e+01
  2.734246e+00,  8.684377e+01
  3.516425e+00,  1.068156e+02
  4.214263e+00,  1.191054e+02
  4.602747e+00,  1.275159e+02
  4.557864e+00,  1.339934e+02
  4.031365e+00,  1.397125e+02
  3.044629e+00,  1.459997e+02
  1.695016e+00,  1.572647e+02
  5.277761e-01,  2.358397e+02
  1.858512e+00,  3.074977e+02
  3.480416e+00,  3.170681e+02
  4.858147e+00,  3.210111e+02
  5.814068e+00,  3.231183e+02
  6.225870e+00,  3.240580e+02
  6.029743e+00,  3.237591e+02
  5.233702e+00,  3.214987e+02
  3.939303e+00,  3.148799e+02
  2.451485e+00,  2.944738e+02
  1.950205e+00,  2.375555e+02
  3.403376e+00,  1.987666e+02
  5.351518e+00,  1.866789e+02
  7.137210e+00,  1.820153e+02
  8.509506e+00,  1.798673e+02
  9.325371e+00,  1.787009e+02
  9.514394e+00,  1.778161e+02
  9.075575e+00,  1.767069e+02
  8.076557e+00,  1.747611e+02
  6.653867e+00,  1.708851e+02
  5.027414e+00,  1.626383e+02
  3.577891e+00,  1.443569e+02
  2.995208e+00,  1.111181e+02
  3.627009e+00,  8.171362e+01
  4.751610e+00,  6.816197e+01
  5.786074e+00,  6.362154e+01
  6.508725e+00,  6.353501e+01
  6.850871e+00,  6.606930e+01
  6.816852e+00,  7.049652e+01
  6.453640e+00,  7.656227e+01
  5.832897e+00,  8.426960e+01
  5.037373e+00,  9.382797e+01
  4.150737e+00,  1.057546e+02
  3.257486e+00,  1.211779e+02
  2.458739e+00,  1.424158e+02
  1.905591e+00,  1.727510e+02
  1.769190e+00,  2.099471e+02
  2.007230e+00,  2.422092e+02
  2.372176e+00,  2.654556e+02
  2.679285e+00,  2.830458e+02
  2.842132e+00,  2.979764e+02
  2.832512e+00,  3.120921e+02
  2.660532e+00,  3.267261e+02
  2.365501e+00,  3.431507e+02
  2.008664e+00,  2.867083e+00
  1.665949e+00,  2.772660e+01
  1.422928e+00,  5.940994e+01
  1.370555e+00,  9.702989e+01
  1.581581e+00,  1.346025e+02
  2.076676e+00,  1.658066e+02
  2.833132e+00,  1.893203e+02
  3.801438e+00,  2.066235e+02
  4.904310e+00,  2.194155e+02
  6.037548e+00,  2.289538e+02
  7.078910e+00,  2.360699e+02
  7.902964e+00,  2.412786e+02
  8.399309e+00,  2.448513e+02
  8.488941e+00,  2.468460e+02
  8.140241e+00,  2.470763e+02
  7.384284e+00,  2.449895e+02
  6.333745e+00,  2.393932e+02
  5.217287e+00,  2.280781e+02
  4.424785e+00,  2.086531e+02
  4.379291e+00,  1.842646e+02
  5.051051e+00,  1.644959e+02
  5.975937e+00,  1.524435e+02
  6.746357e+00,  1.456646e+02
  7.125233e+00,  1.418744e+02
  6.995189e+00,  1.397574e+02
  6.323889e+00,  1.385597e+02
  5.146724e+00,  1.377406e+02
  3.554408e+00,  1.365721e+02
  1.684391e+00,  1.320215e+02
  4.543257e-01,  1.400161e+00
  2.351507e+00,  3.305110e+02
  4.131825e+00,  3.285796e+02
  5.587292e+00,  3.286603e+02
  6.610944e+00,  3.292944e+02
  7.141974e+00,  3.300886e+02
  7.169104e+00,  3.308165e+02
  6.730892e+00,  3.312297e+02
  5.911573e+00,  3.309266e+02
  4.835398e+00,  3.291057e+02
  3.664989e+00,  3.239924e+02
  2.621956e+00,  3.116797e+02
  2.035940e+00,  2.876076e+02
  2.141255e+00,  2.618994e+02
  2.649361e+00,  2.497176e+02
  3.221192e+00,  2.485509e+02
  3.753969e+00,  2.535306e+02
  4.261796e+00,  2.618652e+02
  4.781935e+00,  2.716986e+02
  5.323025e+00,  2.816545e+02
  5.847281e+00,  2.908693e+02
  6.282104e+00,  2.989816e+02
  6.544712e+00,  3.059697e+02
  6.564815e+00,  3.119692e+02
  6.299715e+00,  3.171514e+02
  5.741832e+00,  3.216634e+02
  4.920037e+00,  3.255964e+02
  3.896100e+00,  3.289455e+02
  2.757507e+00,  3.314816e+02
  1.608471e+00,  3.321189e+02
  5.704924e-01,  3.222148e+02
  3.950645e-01,  1.975022e+02
  9.660741e-01,  1.828290e+02
  1.249095e+00,  1.848399e+02
  1.208909e+00,  1.917326e+02
  8.914575e-01,  2.076064e+02
  5.595388e-01,  2.585874e+02
  9.777211e-01,  3.223275e+02
  1.834753e+00,  3.436416e+02
  2.749333e+00,  3.541771e+02
  3.589098e+00,  1.968410e+00
  4.274881e+00,  9.101323e+00
  4.763554e+00,  1.641808e+01
  5.048458e+00,  2.438278e+01
  5.157273e+00,  3.326600e+01
  5.142469e+00,  4.312780e+01
  5.062322e+00,  5.372913e+01
  4.955848e+00,  6.449646e+01
  4.823608e+00,  7.465578e+01
  4.628287e+00,  8.348475e+01
  4.315857e+00,  9.046450e+01
  3.843731e+00,  9.519307e+01
  3.203235e+00,  9.705514e+01
  2.435421e+00,  9.446457e+01
  1.657475e+00,  8.270179e+01
  1.155803e+00,  5.106108e+01
  1.287804e+00,  1.167849e+01
  1.727704e+00,  3.528924e+02
  2.052467e+00,  3.464229e+02
  2.100864e+00,  3.456004e+02
  1.829501e+00,  3.493099e+02
  1.285751e+00,  1.748722e+00
  7.777985e-01,  4.644426e+01
  1.227805e+00,  1.079395e+02
  2.239296e+00,  1.274509e+02
  3.269767e+00,  1.348770e+02
  4.129885e+00,  1.388288e+02
  4.702066e+00,  1.414229e+02
  4.913030e+00,  1.434011e+02
  4.735329e+00,  1.451012e+02
  4.188160e+00,  1.467209e+02
  3.333261e+00,  1.484261e+02
  2.265820e+00,  1.504641e+02
  1.101805e+00,  1.537209e+02
  6.919529e-02,  2.785920e+02
  1.047695e+00,  3.322505e+02
  1.830870e+00,  3.366984e+02
  2.341575e+00,  3.411783e+02
  2.572453e+00,  3.468204e+02
  2.563587e+00,  3.544004e+02
  2.398583e+00,  4.708368e+00
  2.187451e+00,  1.812114e+01
  2.023414e+00,  3.352100e+01
  1.920439e+00,  4.791375e+01
  1.800669e+00,  5.842484e+01
  1.562494e+00,  6.347564e+01
  1.153479e+00,  6.033088e+01
  6.654111e-01,  3.346314e+01
  7.672354e-01,  3.237762e+02
  1.548353e+00,  2.974157e+02
  2.419803e+00,  2.887462e+02
  3.181257e+00,  2.837047e+02
  3.710729e+00,  2.791739e+02
  3.927198e+00,  2.738111e+02
  3.803920e+00,  2.663377e+02
  3.396158e+00,  2.546788e+02
  2.897879e+00,  2.352226e+02
  2.710212e+00,  2.057787e+02
  3.188267e+00,  1.759982e+02
  4.153157e+00,  1.560064e+02
  5.216887e+00,  1.439079e+02
  6.105979e+00,  1.361117e+02
  6.652898e+00,  1.306551e+02
  6.765907e+00,  1.266109e+02
  6.418911e+00,  1.235934e+02
  5.646763e+00,  1.215999e+02
  4.540139e+00,  1.211444e+02
  3.244068e+00,  1.240404e+02
  1.992287e+00,  1.367739e+02
  1.327504e+00,  1.765685e+02
  1.786024e+00,  2.142377e+02
  2.590243e+00,  2.224738e+02
  3.308641e+00,  2.183693e+02
  3.933080e+00,  2.084279e+02
  4.573320e+00,  1.954356e+02
  5.331590e+00,  1.817055e+02
  6.218451e+00,  1.690311e+02
  7.141488e+00,  1.581907e+02
  7.952244e+00,  1.491375e+02
  8.499072e+00,  1.414716e+02
  8.662722e+00,  1.347282e+02
  8.376080e+00,  1.284574e+02
  7.632777e+00,  1.221886e+02
  6.487724e+00,  1.152993e+02
  5.053301e+00,  1.066716e+02
  3.502438e+00,  9.358007e+01
  2.131747e+00,  6.755923e+01
  1.621917e+00,  1.496416e+01
  2.235738e+00,  3.331103e+02
  3.028191e+00,  3.135217e+02
  3.575631e+00,  3.014669e+02
  3.800165e+00,  2.915034e+02
  3.739876e+00,  2.814237e+02
  3.498043e+00,  2.699246e+02
  3.214658e+00,  2.563435e+02
  3.022548e+00,  2.413307e+02
  2.984179e+00,  2.272659e+02
  3.065754e+00,  2.167991e+02
  3.193175e+00,  2.110843e+02
  3.321019e+00,  2.098554e+02
  3.449590e+00,  2.121136e+02
  3.598032e+00,  2.164205e+02
  3.764578e+00,  2.211655e+02
  3.905730e+00,  2.250170e+02
  3.947889e+00,  2.271815e+02
  3.816715e+00,  2.272523e+02
  3.464469e+00,  2.248295e+02
  2.889246e+00,  2.189716e+02
  2.154574e+00,  2.069412e+02
  1.451055e+00,  1.804728e+02
  1.258517e+00,  1.309541e+02
  1.770457e+00,  9.175622e+01
  2.449015e+00,  7.038742e+01
  3.002304e+00,  5.460022e+01
  3.362186e+00,  3.903356e+01
  3.586179e+00,  2.125486e+01
  3.833604e+00,  6.099812e-01
  4.291765e+00,  3.387887e+02
  5.038341e+00,  3.187596e+02
  5.984397e+00,  3.020657e+02
  6.952881e+00,  2.883717e+02
  7.765552e+00,  2.766694e+02
  8.285309e+00,  2.659806e+02
  8.434407e+00,  2.554718e+02
  8.203682e+00,  2.443780e+02
  7.655691e+00,  2.319124e+02
  6.919673e+00,  2.172505e+02
  6.170924e+00,  1.997364e+02
  5.578607e+00,  1.794633e+02
  5.217941e+00,  1.577800e+02
  5.012610e+00,  1.364984e+02
  4.794319e+00,  1.162179e+02
  4.431019e+00,  9.568460e+01
  3.935162e+00,  7.195302e+01
  3.561156e+00,  4.133489e+01
  3.783663e+00,  5.714379e+00
  4.798505e+00,  3.356210e+02
  6.290418e+00,  3.146818e+02
  7.877928e+00,  2.998003e+02
  9.288188e+00,  2.881937e+02
  1.033995e+01,  2.782626e+02
  1.092914e+01,  2.690678e+02
  1.102591e+01,  2.599791e+02
  1.067145e+01,  2.505004e+02
  9.967051e+00,  2.402183e+02
  9.051744e+00,  2.288271e+02
  8.067962e+00,  2.162340e+02
  7.119530e+00,  2.027000e+02
  6.237444e+00,  1.888625e+02
  5.377183e+00,  1.754905e+02
  4.455472e+00,  1.630761e+02
  3.402276e+00,  1.514799e+02
  2.198403e+00,  1.391880e+02
  9.148511e-01,  1.155909e+02
  7.371777e-01,  3.540287e+02
  2.007173e+00,  3.263292e+02
  3.208256e+00,  3.184279e+02
  4.192927e+00,  3.144447e+02
  4.903796e+00,  3.125041e+02
  5.332164e+00,  3.121463e+02
  5.515353e+00,  3.132045e+02
  5.526948e+00,  3.154861e+02
  5.456164e+00,  3.185607e+02
  5.379565e+00,  3.216327e+02
  5.338247e+00,  3.236284e+02
  5.337513e+00,  3.235118e+02
  5.370158e+00,  3.206141e+02
  5.441843e+00,  3.148135e+02
  5.573836e+00,  3.065937e+02
  5.776485e+00,  2.969243e+02
  6.016345e+00,  2.869024e+02
  6.206966e+00,  2.773293e+02
  6.230202e+00,  2.685380e+02
  5.969855e+00,  2.604885e+02
  5.340140e+00,  2.529103e+02
  4.303587e+00,  2.453028e+02
  2.880485e+00,  2.364208e+02
  1.169748e+00,  2.182386e+02
  9.516142e-01,  7.746954e+01
  2.907858e+00,  5.407206e+01
  4.815577e+00,  4.422871e+01
  6.486301e+00,  3.569394e+01
  7.807274e+00,  2.690902e+01
  8.727320e+00,  1.722335e+01
  9.269549e+00,  6.185099e+00
  9.533241e+00,  3.534937e+02
  9.672058e+00,  3.391505e+02
  9.838525e+00,  3.236456e+02
  1.010848e+01,  3.078951e+02
  1.043640e+01,  2.927972e+02
  1.068163e+01,  2.787736e+02
  1.068078e+01,  2.656770e+02
  1.031600e+01,  2.529387e+02
  9.558200e+00,  2.396774e+02
  8.490204e+00,  2.246566e+02
  7.324852e+00,  2.062327e+02
  6.405997e+00,  1.829966e+02
  6.090458e+00,  1.562668e+02
  6.433694e+00,  1.311088e+02
  7.098360e+00,  1.109690e+02
  7.674030e+00,  9.535624e+01
  7.887367e+00,  8.253568e+01
  7.615738e+00,  7.095852e+01
  6.859287e+00,  5.925374e+01
  5.721931e+00,  4.576554e+01
  4.412164e+00,  2.769062e+01
  3.287270e+00,  2.745019e-02
  2.866965e+00,  3.209658e+02
  3.287165e+00,  2.852410e+02
  4.010874e+00,  2.608350e+02
  4.622126e+00,  2.427417e+02
  4.994166e+00,  2.267309e+02
  5.165763e+00,  2.106247e+02
  5.265524e+00,  1.936105e+02
  5.437969e+00,  1.761932e+02
  5.755519e+00,  1.598886e+02
  6.173664e+00,  1.461453e+02
  6.570883e+00,  1.355469e+02
  6.823037e+00,  1.279800e+02
  6.849971e+00,  1.231156e+02
  6.631796e+00,  1.206729e+02
  6.205606e+00,  1.204625e+02
  5.648512e+00,  1.222909e+02
  5.049191e+00,  1.257541e+02
  4.472687e+00,  1.299904e+02
  3.933729e+00,  1.335810e+02
  3.401456e+00,  1.346921e+02
  2.843024e+00,  1.310839e+02
  2.291159e+00,  1.194908e+02
  1.919820e+00,  9.600136e+01
  1.991107e+00,  6.501496e+01
  2.471715e+00,  4.015251e+01
  3.059393e+00,  2.315844e+01
  3.525214e+00,  9.616311e+00
  3.764353e+00,  3.561519e+02
  3.788149e+00,  3.402541e+02
  3.743648e+00,  3.199526e+02
  3.901876e+00,  2.954744e+02
  4.487290e+00,  2.711007e+02
  5.460992e+00,  2.510905e+02
  6.588271e+00,  2.357729e+02
  7.615508e+00,  2.236018e+02
  8.344009e+00,  2.130779e+02
  8.649105e+00,  2.030544e+02
  8.490990e+00,  1.925398e+02
  7.925696e+00,  1.804778e+02
  7.114433e+00,  1.656103e+02
  6.321575e+00,  1.467342e+02
  5.852799e+00,  1.240389e+02
  5.864345e+00,  1.006009e+02
  6.201747e+00,  8.010191e+01
  6.537526e+00,  6.344058e+01
  6.595311e+00,  4.942482e+01
  6.232409e+00,  3.631933e+01
  5.446540e+00,  2.204592e+01
  4.389950e+00,  3.350350e+00
  3.445694e+00,  3.347570e+02
  3.261964e+00,  2.956420e+02
  4.030953e+00,  2.625325e+02
  5.152206e+00,  2.415030e+02
  6.122322e+00,  2.271360e+02
  6.698358e+00,  2.155588e+02
  6.791925e+00,  2.046699e+02
  6.427672e+00,  1.929601e+02
  5.733858e+00,  1.788630e+02
  4.941636e+00,  1.605495e+02
  4.359893e+00,  1.369663e+02
  4.227281e+00,  1.107602e+02
  4.478188e+00,  8.738957e+01
  4.808583e+00,  6.894273e+01
  4.950069e+00,  5.393400e+01
  4.777528e+00,  4.005514e+01
  4.310118e+00,  2.481435e+01
  3.716699e+00,  5.174434e+00
  3.329693e+00,  3.388055e+02
  3.488319e+00,  3.100493e+02
  4.146147e+00,  2.878432e+02
  4.959122e+00,  2.738635e+02
  5.644003e+00,  2.656260e+02
  6.051050e+00,  2.611965e+02
  6.134168e+00,  2.596207e+02
  5.926289e+00,  2.605290e+02
  5.518205e+00,  2.638004e+02
  5.029910e+00,  2.692181e+02
  4.568546e+00,  2.760477e+02
  4.182168e+00,  2.827805e+02
  3.843437e+00,  2.874366e+02
  3.490223e+00,  2.881187e+02
  3.098946e+00,  2.830385e+02
  2.747525e+00,  2.704035e+02
  2.620755e+00,  2.504660e+02
  2.852071e+00,  2.290595e+02
  3.328452e+00,  2.122787e+02
  3.802043e+00,  2.005104e+02
  4.062296e+00,  1.917771e+02
  3.978363e+00,  1.842743e+02
  3.500120e+00,  1.763370e+02
  2.665270e+00,  1.651947e+02
  1.658750e+00,  1.418141e+02
  1.229139e+00,  8.120121e+01
  2.113539e+00,  3.533677e+01
  3.285309e+00,  1.852066e+01
  4.238052e+00,  9.452289e+00
  4.777084e+00,  2.629938e+00
  4.805325e+00,  3.560560e+02
  4.308706e+00,  3.481206e+02
  3.377208e+00,  3.358361e+02
  2.308576e+00,  3.104611e+02
  1.997917e+00,  2.593724e+02
  3.048924e+00,  2.204974e+02
  4.518094e+00,  2.035687e+02
  5.828714e+00,  1.945997e+02
  6.736047e+00,  1.886688e+02
  7.115572e+00,  1.840823e+02
  6.926304e+00,  1.800894e+02
  6.202634e+00,  1.762332e+02
  5.045504e+00,  1.720795e+02
  3.608809e+00,  1.669021e+02
  2.085128e+00,  1.584806e+02
  7.263226e-01,  1.308858e+02
  7.245046e-01,  1.625644e+01
  1.451679e+00,  3.509782e+02
  1.796853e+00,  3.374588e+02
  1.768500e+00,  3.203762e+02
  1.614716e+00,  2.917887e+02
  1.843016e+00,  2.539146e+02
  2.639584e+00,  2.268600e+02
  3.668171e+00,  2.124057e+02
  4.612934e+00,  2.044132e+02
  5.261756e+00,  1.997347e+02
  5.476299e+00,  1.971055e+02
  5.186847e+00,  1.961538e+02
  4.395104e+00,  1.972288e+02
  3.181686e+00,  2.022448e+02
  1.769752e+00,  2.207978e+02
  1.240425e+00,  2.918950e+02
  2.571310e+00,  3.328545e+02
  4.143883e+00,  3.431188e+02
  5.483730e+00,  3.471245e+02
  6.437142e+00,  3.491289e+02
  6.936444e+00,  3.502671e+02
  6.978815e+00,  3.509227e+02
  6.619272e+00,  3.511903e+02
  5.962056e+00,  3.509545e+02
  5.143621e+00,  3.498663e+02
  4.316781e+00,  3.472758e+02
  3.637849e+00,  3.423413e+02
  3.251058e+00,  3.348691e+02
  3.251035e+00,  3.267180e+02
  3.638485e+00,  3.208489e+02
  4.338268e+00,  3.182985e+02
  5.248731e+00,  3.181570e+02
  6.256058e+00,  3.192395e+02
  7.233599e+00,  3.207755e+02
  8.049497e+00,  3.223729e+02
  8.581897e+00,  3.238527e+02
  8.735835e+00,  3.251281e+02
  8.457487e+00,  3.261297e+02
  7.743054e+00,  3.267471e+02
  6.641004e+00,  3.267416e+02
  5.248419e+00,  3.255403e+02
  3.706728e+00,  3.215603e+02
  2.222377e+00,  3.093115e+02
  1.275227e+00,  2.688781e+02
  1.621823e+00,  2.184750e+02
  2.409061e+00,  2.027543e+02
  2.987994e+00,  2.000249e+02
  3.237245e+00,  2.024280e+02
  3.160875e+00,  2.082511e+02
  2.816790e+00,  2.176955e+02
  2.304494e+00,  2.325352e+02
  1.789051e+00,  2.571055e+02
  1.570005e+00,  2.954323e+02
  1.909724e+00,  3.340808e+02
  2.643919e+00,  3.596470e+02
  3.526163e+00,  1.609960e+01
  4.418733e+00,  2.771794e+01
  5.226012e+00,  3.639932e+01
  5.861257e+00,  4.293584e+01
  6.245074e+00,  4.763220e+01
  6.316402e+00,  5.049512e+01
  6.048349e+00,  5.121900e+01
  5.467719e+00,  4.900518e+01
  4.684575e+00,  4.217596e+01
  3.945536e+00,  2.797457e+01
  3.662524e+00,  5.644018e+00
  4.121837e+00,  3.432757e+02
  5.100616e+00,  3.288269e+02
  6.197755e+00,  3.214372e+02
  7.135925e+00,  3.183393e+02
  7.757249e+00,  3.178397e+02
  7.985474e+00,  3.190963e+02
  7.807007e+00,  3.217233e+02
  7.259776e+00,  3.255853e+02
  6.418114e+00,  3.306880e+02
  5.376101e+00,  3.371319e+02
  4.229968e+00,  3.451041e+02
  3.061284e+00,  3.549533e+02
  1.924899e+00,  7.696893e+00
  8.563276e-01,  2.969957e+01
  4.113684e-01,  1.500191e+02
  1.365784e+00,  1.959526e+02
  2.411860e+00,  2.112508e+02
  3.453999e+00,  2.221619e+02
  4.438838e+00,  2.309916e+02
  5.294463e+00,  2.383441e+02
  5.940243e+00,  2.444849e+02
  6.301544e+00,  2.495367e+02
  6.323641e+00,  2.534900e+02
  5.983115e+00,  2.561384e+02
  5.297387e+00,  2.568962e+02
  4.338152e+00,  2.542998e+02
  3.272038e+00,  2.446403e+02
  2.497768e+00,  2.204754e+02
  2.665837e+00,  1.864513e+02
  3.697323e+00,  1.661447e+02
  4.978733e+00,  1.584412e+02
  6.166483e+00,  1.565004e+02
  7.087957e+00,  1.572850e+02
  7.639042e+00,  1.595581e+02
  7.757725e+00,  1.627973e+02
  7.419145e+00,  1.668326e+02
  6.636004e+00,  1.717769e+02
  5.461547e+00,  1.781934e+02
  4.000405e+00,  1.878702e+02
  2.467080e+00,  2.074569e+02
  1.577944e+00,  2.596580e+02
  2.385114e+00,  3.117344e+02
  3.735235e+00,  3.304935e+02
  4.880675e+00,  3.386367e+02
  5.592956e+00,  3.427448e+02
  5.767913e+00,  3.443595e+02
  5.380573e+00,  3.434319e+02
  4.497442e+00,  3.384684e+02
  3.342982e+00,  3.246423e+02
  2.561805e+00,  2.912506e+02
  3.154610e+00,  2.509191e+02
  4.704878e+00,  2.310640e+02
  6.369163e+00,  2.230372e+02
  7.750540e+00,  2.197554e+02
  8.640787e+00,  2.187171e+02
  8.929967e+00,  2.189981e+02
  8.590173e+00,  2.202720e+02
  7.669206e+00,  2.225331e+02
  6.283027e+00,  2.260972e+02
  4.603486e+00,  2.319274e+02
  2.852289e+00,  2.431836e+02
  1.385279e+00,  2.745814e+02
  1.210179e+00,  3.490950e+02
  1.995969e+00,  2.399461e+01
  2.556231e+00,  4.030022e+01
  2.722689e+00,  5.495222e+01
  2.602771e+00,  7.380030e+01
  2.497840e+00,  1.002740e+02
  2.783405e+00,  1.300745e+02
  3.502476e+00,  1.533572e+02
  4.363385e+00,  1.686727e+02
  5.074954e+00,  1.791038e+02
  5.441037e+00,  1.870614e+02
  5.353994e+00,  1.940611e+02
  4.789234e+00,  2.013626e+02
  3.807151e+00,  2.108242e+02
  2.579600e+00,  2.273488e+02
  1.592330e+00,  2.677208e+02
  1.919672e+00,  3.262098e+02
  3.066768e+00,  3.527568e+02
  4.133297e+00,  5.199233e+00
  4.834552e+00,  1.350959e+01
  5.064543e+00,  2.070252e+01
  4.808176e+00,  2.829662e+01
  4.130283e+00,  3.786194e+01
  3.184445e+00,  5.231640e+01
  2.271004e+00,  7.835151e+01
  1.950837e+00,  1.214361e+02
  2.464452e+00,  1.589768e+02
  3.238393e+00,  1.809239e+02
  3.875049e+00,  1.959412e+02
  4.255987e+00,  2.090059e+02
  4.398011e+00,  2.223341e+02
  4.392463e+00,  2.368503e+02
  4.348685e+00,  2.523804e+02
  4.321359e+00,  2.677324e+02
  4.262134e+00,  2.814422e+02
  4.041980e+00,  2.926622e+02
  3.518678e+00,  3.012463e+02
  2.593686e+00,  3.071282e+02
  1.243313e+00,  3.078827e+02
  5.498726e-01,  1.621531e+02
  2.526997e+00,  1.491676e+02
  4.619530e+00,  1.499117e+02
  6.598917e+00,  1.513997e+02
  8.252887e+00,  1.528240e+02
  9.393713e+00,  1.540170e+02
  9.883461e+00,  1.548969e+02
  9.652120e+00,  1.553563e+02
  8.708303e+00,  1.551750e+02
  7.142048e+00,  1.538242e+02
  5.125218e+00,  1.497750e+02
  2.949250e+00,  1.368392e+02
  1.541103e+00,  8.256473e+01
  2.662743e+00,  2.590097e+01
  4.334290e+00,  1.270672e+01
  5.607979e+00,  9.298305e+00
  6.293823e+00,  9.172779e+00
  6.354409e+00,  1.091280e+01
  5.844530e+00,  1.429817e+01
  4.891329e+00,  1.971647e+01
  3.674746e+00,  2.835110e+01
  2.410810e+00,  4.338122e+01
  1.375008e+00,  7.468550e+01
  1.042827e+00,  1.360594e+02
  1.459875e+00,  1.860539e+02
  2.094614e+00,  2.175192e+02
  2.920162e+00,  2.420008e+02
  4.022875e+00,  2.608296e+02
  5.360439e+00,  2.743443e+02
  6.773071e+00,  2.836982e+02
  8.051328e+00,  2.900725e+02
  8.987836e+00,  2.942979e+02
  9.411620e+00,  2.968521e+02
  9.214252e+00,  2.979096e+02
  8.369334e+00,  2.973048e+02
  6.947112e+00,  2.942689e+02
  5.137526e+00,  2.864470e+02
  3.355393e+00,  2.663380e+02
  2.628876e+00,  2.216312e+02
  3.607065e+00,  1.843650e+02
  5.005872e+00,  1.693286e+02
  6.035608e+00,  1.631736e+02
  6.427158e+00,  1.607644e+02
  6.101826e+00,  1.606640e+02
  5.104794e+00,  1.629992e+02
  3.598937e+00,  1.700494e+02
  1.961203e+00,  1.936214e+02
  1.609643e+00,  2.642983e+02
  3.023157e+00,  2.994841e+02
  4.431735e+00,  3.099610e+02
  5.327635e+00,  3.149248e+02
  5.537092e+00,  3.183831e+02
  5.014137e+00,  3.219866e+02
  3.826601e+00,  3.278167e+02
  2.201955e+00,  3.436638e+02
  1.264748e+00,  5.450453e+01
  2.826913e+00,  1.044482e+02
  4.762839e+00,  1.149135e+02
  6.347089e+00,  1.180699e+02
  7.327026e+00,  1.185769e+02
  7.569685e+00,  1.173565e+02
  7.049572e+00,  1.142441e+02
  5.861164e+00,  1.080048e+02
  4.263947e+00,  9.471956e+01
  2.909102e+00,  6.305741e+01
  3.098239e+00,  1.460738e+01
  4.597122e+00,  3.474982e+02
  6.159926e+00,  3.355290e+02
  7.247025e+00,  3.290011e+02
  7.634311e+00,  3.245433e+02
  7.245053e+00,  3.206821e+02
  6.116682e+00,  3.162124e+02
  4.397389e+00,  3.087585e+02
  2.427033e+00,  2.883521e+02
  1.708958e+00,  2.163447e+02
  3.499036e+00,  1.754927e+02
  5.581851e+00,  1.654541e+02
  7.333629e+00,  1.621996e+02
  8.573630e+00,  1.615208e+02
  9.241721e+00,  1.622994e+02
  9.362000e+00,  1.641260e+02
  9.022551e+00,  1.667641e+02
  8.348714e+00,  1.699326e+02
  7.472045e+00,  1.731302e+02
  6.504021e+00,  1.754436e+02
  5.530707e+00,  1.753385e+02
  4.647421e+00,  1.704863e+02
  4.035706e+00,  1.583302e+02
  3.981202e+00,  1.398095e+02
  4.609094e+00,  1.222612e+02
  5.679813e+00,  1.105533e+02
  6.837951e+00,  1.036959e+02
  7.789350e+00,  9.967661e+01
  8.313298e+00,  9.721772e+01
  8.258402e+00,  9.566275e+01
  7.548411e+00,  9.473946e+01
  6.189282e+00,  9.450254e+01
  4.271882e+00,  9.569867e+01
  1.982675e+00,  1.035109e+02
  8.505018e-01,  2.229050e+02
  3.153927e+00,  2.531766e+02
  5.308569e+00,  2.555295e+02
  6.967601e+00,  2.546932e+02
  7.967285e+00,  2.524096e+02
  8.231837e+00,  2.488333e+02
  7.782935e+00,  2.435714e+02
  6.750386e+00,  2.356039e+02
  5.391141e+00,  2.227147e+02
  4.139036e+00,  2.008408e+02
  3.593779e+00,  1.686683e+02
  3.930557e+00,  1.385988e+02
  4.526398e+00,  1.189927e+02
  4.790363e+00,  1.062306e+02
  4.445288e+00,  9.618908e+01
  3.427892e+00,  8.526711e+01
  1.889248e+00,  6.321458e+01
  1.288984e+00,  3.330597e+02
  3.337744e+00,  2.897448e+02
  5.745456e+00,  2.777467e+02
  7.941389e+00,  2.708382e+02
  9.648212e+00,  2.653431e+02
  1.067284e+01,  2.601336e+02
  1.091082e+01,  2.545657e+02
  1.035948e+01,  2.479816e+02
  9.129381e+00,  2.393661e+02
  7.465200e+00,  2.267809e+02
  5.807549e+00,  2.064916e+02
  4.877206e+00,  1.750941e+02
  4.763669e+00,  1.463139e+02
##END=
