##TITLE= E:\桌面\nmr\ogm\sjd\matlabcod\1\ghz_xjhsjd
##JCAMP-DX= 5.00 Bruker JCAMP library
##DATA TYPE= Shape Data
##ORIGIN= Colm's GRAPE Pulses 
##OWNER= Dawei.Lu
##DATE= 02-Aug-2025
##TIME= 11:55
##MINX= 8.334200e-02
##MAXX= 1.077687e+01
##MINY= 1.653197e-01
##MAXY= 3.588665e+02
##$SHAPE_EXMODE= None
##$SHAPE_TOTROT= 9.000000e+01
##$SHAPE_BWFAC= 1.000000e+00
##$SHAPE_INTEGFAC= 1.000000e+00
##$SHAPE_MODE= 1
##PULSE_WIDTH= 3.000000e+04
##Calibration_Power= 12500
##NPOINTS= 3000
##XYPOINTS= (XY..XY)
  4.882419e+00,  2.921414e+02
  6.090176e+00,  2.758115e+02
  8.075965e+00,  2.511121e+02
  9.771505e+00,  2.284564e+02
  1.077687e+01,  2.095374e+02
  1.052409e+01,  1.912279e+02
  9.116698e+00,  1.697237e+02
  7.385318e+00,  1.407832e+02
  6.410392e+00,  1.042277e+02
  6.290498e+00,  6.895788e+01
  6.149337e+00,  3.861995e+01
  5.692270e+00,  7.918493e+00
  5.519527e+00,  3.339646e+02
  6.075802e+00,  3.041509e+02
  6.838339e+00,  2.847360e+02
  7.166287e+00,  2.737922e+02
  6.907398e+00,  2.679988e+02
  6.279844e+00,  2.645148e+02
  5.609150e+00,  2.604059e+02
  5.168528e+00,  2.533187e+02
  5.120677e+00,  2.438087e+02
  5.425595e+00,  2.354174e+02
  5.856699e+00,  2.307098e+02
  6.209286e+00,  2.294562e+02
  6.409214e+00,  2.296188e+02
  6.440206e+00,  2.282422e+02
  6.294150e+00,  2.223077e+02
  6.066227e+00,  2.098141e+02
  5.982312e+00,  1.914590e+02
  6.091268e+00,  1.712709e+02
  6.011620e+00,  1.524824e+02
  5.254080e+00,  1.340721e+02
  3.718643e+00,  1.096332e+02
  2.295730e+00,  5.660225e+01
  3.172304e+00,  3.490482e+02
  4.985146e+00,  3.175004e+02
  6.243484e+00,  2.957340e+02
  6.832020e+00,  2.739784e+02
  7.174035e+00,  2.505453e+02
  7.633793e+00,  2.282375e+02
  8.064096e+00,  2.104737e+02
  8.052618e+00,  1.978710e+02
  7.393334e+00,  1.892770e+02
  6.225962e+00,  1.832199e+02
  4.908119e+00,  1.780759e+02
  3.811305e+00,  1.719797e+02
  3.161279e+00,  1.641667e+02
  2.947057e+00,  1.573670e+02
  2.949512e+00,  1.554244e+02
  2.940738e+00,  1.594457e+02
  2.840705e+00,  1.685610e+02
  2.676854e+00,  1.803185e+02
  2.421553e+00,  1.907160e+02
  1.950993e+00,  1.961883e+02
  1.211732e+00,  1.934257e+02
  3.885272e-01,  1.613332e+02
  5.208728e-01,  3.695156e+01
  9.825170e-01,  3.572571e+02
  1.566529e+00,  3.166923e+02
  2.694259e+00,  2.870795e+02
  4.090692e+00,  2.698265e+02
  5.185553e+00,  2.582398e+02
  5.524568e+00,  2.484570e+02
  4.959405e+00,  2.380242e+02
  3.711996e+00,  2.239887e+02
  2.305632e+00,  2.003487e+02
  1.369620e+00,  1.569523e+02
  1.060395e+00,  1.012185e+02
  1.012476e+00,  3.926683e+01
  1.642197e+00,  3.455148e+02
  2.766631e+00,  3.226594e+02
  3.816210e+00,  3.142321e+02
  4.493290e+00,  3.121852e+02
  4.741230e+00,  3.131847e+02
  4.646257e+00,  3.146778e+02
  4.335367e+00,  3.140161e+02
  3.958428e+00,  3.090773e+02
  3.698422e+00,  3.001458e+02
  3.648675e+00,  2.914967e+02
  3.710112e+00,  2.883748e+02
  3.782794e+00,  2.927933e+02
  3.937202e+00,  3.027772e+02
  4.229729e+00,  3.129740e+02
  4.479829e+00,  3.185628e+02
  4.437906e+00,  3.177342e+02
  4.072332e+00,  3.100334e+02
  3.616920e+00,  2.961903e+02
  3.295361e+00,  2.810341e+02
  3.018575e+00,  2.726049e+02
  2.648068e+00,  2.772381e+02
  2.473488e+00,  2.971868e+02
  2.873644e+00,  3.187639e+02
  3.465142e+00,  3.283800e+02
  3.706337e+00,  3.277620e+02
  3.487531e+00,  3.188771e+02
  3.115699e+00,  3.019722e+02
  2.983103e+00,  2.819660e+02
  3.066295e+00,  2.688426e+02
  3.091869e+00,  2.664848e+02
  3.010977e+00,  2.728431e+02
  2.925688e+00,  2.826949e+02
  2.797115e+00,  2.893498e+02
  2.498078e+00,  2.880525e+02
  2.109338e+00,  2.756491e+02
  1.954068e+00,  2.546044e+02
  2.108888e+00,  2.399327e+02
  2.307262e+00,  2.401184e+02
  2.540703e+00,  2.522512e+02
  2.996706e+00,  2.668758e+02
  3.555120e+00,  2.749825e+02
  3.883124e+00,  2.745881e+02
  3.858976e+00,  2.659266e+02
  3.711202e+00,  2.498292e+02
  3.740969e+00,  2.314874e+02
  3.864301e+00,  2.187803e+02
  3.772315e+00,  2.153043e+02
  3.431609e+00,  2.218905e+02
  3.167058e+00,  2.370581e+02
  3.198666e+00,  2.522827e+02
  3.269208e+00,  2.590677e+02
  3.109836e+00,  2.559701e+02
  2.814020e+00,  2.442697e+02
  2.637601e+00,  2.293548e+02
  2.588371e+00,  2.212093e+02
  2.545371e+00,  2.260181e+02
  2.661935e+00,  2.420166e+02
  3.083388e+00,  2.583390e+02
  3.499479e+00,  2.673690e+02
  3.501687e+00,  2.694402e+02
  2.975348e+00,  2.654162e+02
  2.156052e+00,  2.539082e+02
  1.465482e+00,  2.336203e+02
  1.088214e+00,  2.172156e+02
  8.877681e-01,  2.313818e+02
  1.189096e+00,  2.673887e+02
  1.841887e+00,  2.834324e+02
  2.189689e+00,  2.891998e+02
  1.878560e+00,  2.944639e+02
  9.970844e-01,  3.150976e+02
  9.509042e-01,  4.265638e+01
  2.062862e+00,  6.308922e+01
  2.836981e+00,  5.875295e+01
  3.130665e+00,  4.467736e+01
  3.278894e+00,  2.371494e+01
  3.595832e+00,  3.389584e+00
  3.907638e+00,  3.510777e+02
  3.897929e+00,  3.482644e+02
  3.584677e+00,  3.547055e+02
  3.299987e+00,  8.240387e+00
  3.221570e+00,  2.100661e+01
  3.114584e+00,  2.546774e+01
  2.795949e+00,  1.948178e+01
  2.440667e+00,  3.936870e+00
  2.275227e+00,  3.467000e+02
  2.169450e+00,  3.400644e+02
  2.025012e+00,  3.507126e+02
  2.202314e+00,  1.405211e+01
  2.793223e+00,  3.041652e+01
  3.258582e+00,  3.446933e+01
  3.214175e+00,  2.891410e+01
  2.755836e+00,  1.269963e+01
  2.410863e+00,  3.448496e+02
  2.496413e+00,  3.185367e+02
  2.577424e+00,  3.063050e+02
  2.335448e+00,  3.086860e+02
  2.058974e+00,  3.257882e+02
  2.189863e+00,  3.451149e+02
  2.496226e+00,  3.485643e+02
  2.703334e+00,  3.346228e+02
  3.110545e+00,  3.096185e+02
  3.929352e+00,  2.870548e+02
  4.711811e+00,  2.725559e+02
  4.912188e+00,  2.639203e+02
  4.339163e+00,  2.592861e+02
  3.219456e+00,  2.588986e+02
  2.072615e+00,  2.660727e+02
  1.468094e+00,  2.831900e+02
  1.541189e+00,  2.915255e+02
  2.013992e+00,  2.839254e+02
  2.654239e+00,  2.752361e+02
  3.120951e+00,  2.721181e+02
  3.180500e+00,  2.762393e+02
  2.973866e+00,  2.894291e+02
  2.954523e+00,  3.091323e+02
  3.264414e+00,  3.236515e+02
  3.527886e+00,  3.266290e+02
  3.517798e+00,  3.191557e+02
  3.381582e+00,  3.041858e+02
  3.287944e+00,  2.882794e+02
  3.082813e+00,  2.793193e+02
  2.596090e+00,  2.834887e+02
  2.211031e+00,  3.075845e+02
  2.616309e+00,  3.368976e+02
  3.337690e+00,  3.495120e+02
  3.590343e+00,  3.507619e+02
  3.149685e+00,  3.453524e+02
  2.248696e+00,  3.338522e+02
  1.307471e+00,  3.169558e+02
  5.486650e-01,  3.155772e+02
  7.738642e-01,  3.455346e+01
  2.088755e+00,  3.903920e+01
  3.513043e+00,  3.367890e+01
  4.504951e+00,  2.844876e+01
  4.680140e+00,  2.413553e+01
  3.991437e+00,  2.111154e+01
  2.759099e+00,  2.090462e+01
  1.547204e+00,  2.974608e+01
  1.004077e+00,  5.851754e+01
  1.226002e+00,  7.245275e+01
  1.723920e+00,  6.375158e+01
  2.262123e+00,  5.500491e+01
  2.544203e+00,  5.377789e+01
  2.464341e+00,  6.357473e+01
  2.420388e+00,  8.690343e+01
  2.926757e+00,  1.106291e+02
  3.668276e+00,  1.212526e+02
  4.082825e+00,  1.213838e+02
  4.004823e+00,  1.144177e+02
  3.634044e+00,  1.026030e+02
  3.240291e+00,  9.076420e+01
  2.903094e+00,  8.728564e+01
  2.766274e+00,  9.883616e+01
  3.250240e+00,  1.180376e+02
  4.233270e+00,  1.293815e+02
  5.039830e+00,  1.319733e+02
  5.187467e+00,  1.291330e+02
  4.613634e+00,  1.223089e+02
  3.618419e+00,  1.121314e+02
  2.619358e+00,  1.015353e+02
  1.890621e+00,  1.014588e+02
  1.805507e+00,  1.240693e+02
  2.686251e+00,  1.431131e+02
  3.881558e+00,  1.473315e+02
  4.690307e+00,  1.454058e+02
  4.742041e+00,  1.407177e+02
  4.048644e+00,  1.337161e+02
  2.963642e+00,  1.236079e+02
  1.983096e+00,  1.101947e+02
  1.433269e+00,  1.008560e+02
  1.383170e+00,  1.084891e+02
  1.825081e+00,  1.210559e+02
  2.383563e+00,  1.256045e+02
  2.567868e+00,  1.245310e+02
  2.139435e+00,  1.195500e+02
  1.222843e+00,  1.070598e+02
  4.199093e-01,  4.298085e+01
  7.602844e-01,  3.280896e+02
  7.880754e-01,  3.137807e+02
  1.844080e-01,  3.175324e+02
  7.774439e-01,  1.117887e+02
  1.607728e+00,  1.055673e+02
  1.932383e+00,  9.450463e+01
  1.699277e+00,  7.417795e+01
  1.390203e+00,  3.438226e+01
  1.611722e+00,  3.520088e+02
  1.855115e+00,  3.311938e+02
  1.534960e+00,  3.254938e+02
  7.480143e-01,  3.508988e+02
  1.103877e+00,  7.152963e+01
  2.139020e+00,  8.121863e+01
  2.710505e+00,  7.479362e+01
  2.712302e+00,  6.029833e+01
  2.464035e+00,  3.760718e+01
  2.342782e+00,  1.251304e+01
  2.248183e+00,  3.568316e+02
  1.904495e+00,  3.578179e+02
  1.601211e+00,  2.363034e+01
  2.034236e+00,  5.553507e+01
  2.767787e+00,  6.723560e+01
  3.131772e+00,  6.750099e+01
  2.973175e+00,  6.182701e+01
  2.511909e+00,  5.195150e+01
  2.099664e+00,  4.161638e+01
  1.967327e+00,  3.970590e+01
  2.267430e+00,  4.881967e+01
  3.028705e+00,  5.793653e+01
  3.910971e+00,  6.142658e+01
  4.462556e+00,  6.066855e+01
  4.419729e+00,  5.713165e+01
  3.822731e+00,  5.150098e+01
  2.971736e+00,  4.482834e+01
  2.254119e+00,  4.119587e+01
  2.009282e+00,  4.785940e+01
  2.481000e+00,  5.961559e+01
  3.483161e+00,  6.463343e+01
  4.499863e+00,  6.402016e+01
  5.063769e+00,  6.075465e+01
  4.946447e+00,  5.607934e+01
  4.236762e+00,  5.053417e+01
  3.279876e+00,  4.516175e+01
  2.504005e+00,  4.329695e+01
  2.268349e+00,  4.911770e+01
  2.727845e+00,  5.701375e+01
  3.629980e+00,  5.961066e+01
  4.497402e+00,  5.818157e+01
  4.919465e+00,  5.486632e+01
  4.717031e+00,  5.050200e+01
  4.004268e+00,  4.529629e+01
  3.118755e+00,  3.959593e+01
  2.445737e+00,  3.511053e+01
  2.238400e+00,  3.475796e+01
  2.526391e+00,  3.730922e+01
  3.082651e+00,  3.856710e+01
  3.527090e+00,  3.761343e+01
  3.542554e+00,  3.515152e+01
  3.039644e+00,  3.175440e+01
  2.200931e+00,  2.795556e+01
  1.389607e+00,  2.550997e+01
  9.778880e-01,  2.930343e+01
  1.172231e+00,  3.495597e+01
  1.852911e+00,  3.274728e+01
  2.675352e+00,  2.708349e+01
  3.245736e+00,  2.025606e+01
  3.297612e+00,  1.193775e+01
  2.830239e+00,  5.835658e-01
  2.123306e+00,  3.435339e+02
  1.570630e+00,  3.206005e+02
  1.298594e+00,  3.047593e+02
  1.202127e+00,  3.129231e+02
  1.510453e+00,  3.358409e+02
  2.165515e+00,  3.472982e+02
  2.691700e+00,  3.478612e+02
  2.790424e+00,  3.419201e+02
  2.472616e+00,  3.298708e+02
  2.008264e+00,  3.108269e+02
  1.673851e+00,  2.890996e+02
  1.425264e+00,  2.771990e+02
  1.156938e+00,  2.872264e+02
  1.208010e+00,  3.193824e+02
  1.683218e+00,  3.406115e+02
  2.060891e+00,  3.475978e+02
  2.032082e+00,  3.491834e+02
  1.610301e+00,  3.495519e+02
  1.040551e+00,  3.528791e+02
  6.741789e-01,  6.964210e+00
  7.611641e-01,  1.982801e+01
  1.216645e+00,  1.509292e+01
  1.838825e+00,  7.269902e+00
  2.333763e+00,  1.684813e+00
  2.427823e+00,  3.588665e+02
  2.029862e+00,  2.874112e-01
  1.331423e+00,  1.305304e+01
  9.475819e-01,  5.487996e+01
  1.300780e+00,  8.567555e+01
  1.712837e+00,  8.553378e+01
  1.997316e+00,  7.248548e+01
  2.274159e+00,  5.652052e+01
  2.527962e+00,  4.539425e+01
  2.621123e+00,  4.264066e+01
  2.562782e+00,  4.933025e+01
  2.588788e+00,  6.337074e+01
  2.857188e+00,  7.638784e+01
  3.192140e+00,  8.176400e+01
  3.372703e+00,  7.933712e+01
  3.381988e+00,  7.109267e+01
  3.338280e+00,  6.026074e+01
  3.300362e+00,  5.145625e+01
  3.224294e+00,  4.853453e+01
  3.117641e+00,  5.284730e+01
  3.095629e+00,  6.233124e+01
  3.199293e+00,  7.165200e+01
  3.283631e+00,  7.650686e+01
  3.196811e+00,  7.600006e+01
  2.947188e+00,  7.112445e+01
  2.671846e+00,  6.450207e+01
  2.501835e+00,  6.086334e+01
  2.520782e+00,  6.408892e+01
  2.803252e+00,  7.215121e+01
  3.293754e+00,  7.903730e+01
  3.751137e+00,  8.177595e+01
  3.933940e+00,  8.049465e+01
  3.763864e+00,  7.578050e+01
  3.353359e+00,  6.817411e+01
  2.912042e+00,  5.925838e+01
  2.597240e+00,  5.285596e+01
  2.463498e+00,  5.306010e+01
  2.535157e+00,  5.947464e+01
  2.765128e+00,  6.696536e+01
  2.967493e+00,  7.155487e+01
  2.946589e+00,  7.252006e+01
  2.645408e+00,  7.023678e+01
  2.173948e+00,  6.518495e+01
  1.730888e+00,  5.904002e+01
  1.480328e+00,  5.668497e+01
  1.505104e+00,  6.224928e+01
  1.807545e+00,  7.087534e+01
  2.234798e+00,  7.661860e+01
  2.553800e+00,  7.915029e+01
  2.607050e+00,  7.968797e+01
  2.389368e+00,  7.893052e+01
  2.037386e+00,  7.696190e+01
  1.752157e+00,  7.364783e+01
  1.693976e+00,  6.968929e+01
  1.899128e+00,  6.669386e+01
  2.265109e+00,  6.508475e+01
  2.607165e+00,  6.419114e+01
  2.749694e+00,  6.350443e+01
  2.611021e+00,  6.285645e+01
  2.242668e+00,  6.229994e+01
  1.806213e+00,  6.215987e+01
  1.499743e+00,  6.308669e+01
  1.467748e+00,  6.521390e+01
  1.733919e+00,  6.729679e+01
  2.193855e+00,  6.865805e+01
  2.671457e+00,  6.975812e+01
  3.004929e+00,  7.109801e+01
  3.119996e+00,  7.287300e+01
  3.055814e+00,  7.486189e+01
  2.932678e+00,  7.623527e+01
  2.885616e+00,  7.576635e+01
  3.005528e+00,  7.301465e+01
  3.300909e+00,  6.920946e+01
  3.684261e+00,  6.610348e+01
  4.013859e+00,  6.458776e+01
  4.172448e+00,  6.470570e+01
  4.123951e+00,  6.608692e+01
  3.919731e+00,  6.808391e+01
  3.663399e+00,  6.974869e+01
  3.462058e+00,  7.005229e+01
  3.387864e+00,  6.860542e+01
  3.451315e+00,  6.625943e+01
  3.589561e+00,  6.454558e+01
  3.695247e+00,  6.457900e+01
  3.679332e+00,  6.674934e+01
  3.521160e+00,  7.091986e+01
  3.269807e+00,  7.637766e+01
  2.997108e+00,  8.158504e+01
  2.750104e+00,  8.447062e+01
  2.549755e+00,  8.365699e+01
  2.411246e+00,  7.974803e+01
  2.323002e+00,  7.534640e+01
  2.226041e+00,  7.333294e+01
  2.055124e+00,  7.531600e+01
  1.788532e+00,  8.171632e+01
  1.447339e+00,  9.252524e+01
  1.068324e+00,  1.085426e+02
  7.135956e-01,  1.348884e+02
  5.563000e-01,  1.808808e+02
  7.195039e-01,  2.188326e+02
  9.740134e-01,  2.315962e+02
  1.200585e+00,  2.308947e+02
  1.432905e+00,  2.241332e+02
  1.720957e+00,  2.173105e+02
  2.048896e+00,  2.142713e+02
  2.366174e+00,  2.156455e+02
  2.643077e+00,  2.201318e+02
  2.866970e+00,  2.256770e+02
  3.013405e+00,  2.303036e+02
  3.053675e+00,  2.326932e+02
  2.993614e+00,  2.323107e+02
  2.890532e+00,  2.294502e+02
  2.820746e+00,  2.254586e+02
  2.825311e+00,  2.224230e+02
  2.886136e+00,  2.218302e+02
  2.951039e+00,  2.236404e+02
  2.960543e+00,  2.267010e+02
  2.862896e+00,  2.295759e+02
  2.634700e+00,  2.309788e+02
  2.304450e+00,  2.298198e+02
  1.957578e+00,  2.253528e+02
  1.701948e+00,  2.181605e+02
  1.597202e+00,  2.112510e+02
  1.615569e+00,  2.076456e+02
  1.678016e+00,  2.068400e+02
  1.691416e+00,  2.058889e+02
  1.579478e+00,  2.015042e+02
  1.346192e+00,  1.897323e+02
  1.143437e+00,  1.661778e+02
  1.180845e+00,  1.372653e+02
  1.380156e+00,  1.186397e+02
  1.506561e+00,  1.113261e+02
  1.477224e+00,  1.117389e+02
  1.363591e+00,  1.176316e+02
  1.285423e+00,  1.251039e+02
  1.296898e+00,  1.278658e+02
  1.395336e+00,  1.231218e+02
  1.576762e+00,  1.144543e+02
  1.790317e+00,  1.072681e+02
  1.931914e+00,  1.044685e+02
  1.933238e+00,  1.069896e+02
  1.828170e+00,  1.151162e+02
  1.726028e+00,  1.274562e+02
  1.692341e+00,  1.394596e+02
  1.678820e+00,  1.465514e+02
  1.618328e+00,  1.477791e+02
  1.513204e+00,  1.453004e+02
  1.410029e+00,  1.437160e+02
  1.363129e+00,  1.485913e+02
  1.463719e+00,  1.611549e+02
  1.775255e+00,  1.745790e+02
  2.188190e+00,  1.832762e+02
  2.499857e+00,  1.878146e+02
  2.569539e+00,  1.904172e+02
  2.391702e+00,  1.932353e+02
  2.100983e+00,  1.985708e+02
  1.921382e+00,  2.077359e+02
  2.039021e+00,  2.172533e+02
  2.455105e+00,  2.218661e+02
  3.022193e+00,  2.218916e+02
  3.547823e+00,  2.202074e+02
  3.854882e+00,  2.189186e+02
  3.854046e+00,  2.193787e+02
  3.604042e+00,  2.227046e+02
  3.302228e+00,  2.294146e+02
  3.170521e+00,  2.377300e+02
  3.285321e+00,  2.435665e+02
  3.558444e+00,  2.447981e+02
  3.862826e+00,  2.429017e+02
  4.090510e+00,  2.406201e+02
  4.171358e+00,  2.402157e+02
  4.117228e+00,  2.429612e+02
  4.032546e+00,  2.487165e+02
  4.027101e+00,  2.554291e+02
  4.102148e+00,  2.601428e+02
  4.167456e+00,  2.612133e+02
  4.150539e+00,  2.590054e+02
  4.038961e+00,  2.552949e+02
  3.851047e+00,  2.526183e+02
  3.629283e+00,  2.534944e+02
  3.474432e+00,  2.591184e+02
  3.506055e+00,  2.675402e+02
  3.705126e+00,  2.743326e+02
  3.884320e+00,  2.766821e+02
  3.863798e+00,  2.744534e+02
  3.598976e+00,  2.686332e+02
  3.165681e+00,  2.608780e+02
  2.671584e+00,  2.540728e+02
  2.207051e+00,  2.525498e+02
  1.895708e+00,  2.600215e+02
  1.873036e+00,  2.727271e+02
  2.040047e+00,  2.803259e+02
  2.118389e+00,  2.792344e+02
  1.956926e+00,  2.697641e+02
  1.638177e+00,  2.503361e+02
  1.421691e+00,  2.204424e+02
  1.441273e+00,  1.907595e+02
  1.498146e+00,  1.710414e+02
  1.424933e+00,  1.600406e+02
  1.269693e+00,  1.554414e+02
  1.205365e+00,  1.550051e+02
  1.381771e+00,  1.535642e+02
  1.825762e+00,  1.483041e+02
  2.440831e+00,  1.415237e+02
  3.040345e+00,  1.353084e+02
  3.426210e+00,  1.304442e+02
  3.489921e+00,  1.274741e+02
  3.279196e+00,  1.273060e+02
  2.998767e+00,  1.309451e+02
  2.919424e+00,  1.373515e+02
  3.186525e+00,  1.419568e+02
  3.718213e+00,  1.417293e+02
  4.311990e+00,  1.379595e+02
  4.743867e+00,  1.330642e+02
  4.832910e+00,  1.288492e+02
  4.526070e+00,  1.267481e+02
  3.957843e+00,  1.283790e+02
  3.431243e+00,  1.350236e+02
  3.255694e+00,  1.443187e+02
  3.473316e+00,  1.497535e+02
  3.873270e+00,  1.486816e+02
  4.233390e+00,  1.434813e+02
  4.380122e+00,  1.372445e+02
  4.193863e+00,  1.322610e+02
  3.670270e+00,  1.304538e+02
  2.977815e+00,  1.341961e+02
  2.434092e+00,  1.452493e+02
  2.280762e+00,  1.584078e+02
  2.392462e+00,  1.638540e+02
  2.510995e+00,  1.604635e+02
  2.512586e+00,  1.526186e+02
  2.345137e+00,  1.451671e+02
  1.993493e+00,  1.429583e+02
  1.582028e+00,  1.522558e+02
  1.452121e+00,  1.746902e+02
  1.714508e+00,  1.909610e+02
  1.989097e+00,  1.923093e+02
  2.025258e+00,  1.833416e+02
  1.841358e+00,  1.665699e+02
  1.577123e+00,  1.440579e+02
  1.291650e+00,  1.205483e+02
  9.008017e-01,  1.011768e+02
  3.517752e-01,  9.303743e+01
  3.040920e-01,  2.243395e+02
  8.030733e-01,  2.196010e+02
  1.031942e+00,  2.014980e+02
  1.011076e+00,  1.718608e+02
  1.039456e+00,  1.284951e+02
  1.320762e+00,  9.020814e+01
  1.582936e+00,  6.507070e+01
  1.564106e+00,  4.603087e+01
  1.227889e+00,  2.772089e+01
  7.131789e-01,  5.629728e+00
  2.117212e-01,  3.276689e+02
  2.421696e-01,  1.500368e+02
  7.046074e-01,  1.099994e+02
  1.258853e+00,  8.498359e+01
  1.762108e+00,  6.778269e+01
  2.012663e+00,  5.537102e+01
  1.901269e+00,  4.669086e+01
  1.489692e+00,  4.326425e+01
  1.027007e+00,  5.185143e+01
  9.104930e-01,  7.506332e+01
  1.206147e+00,  8.291213e+01
  1.635857e+00,  7.309659e+01
  2.056765e+00,  5.803869e+01
  2.321007e+00,  4.310236e+01
  2.273704e+00,  2.934455e+01
  1.860362e+00,  1.636783e+01
  1.178566e+00,  3.823309e+00
  4.380468e-01,  3.560276e+02
  2.293875e-01,  1.094971e+02
  6.599434e-01,  9.996203e+01
  1.056805e+00,  7.121459e+01
  1.478674e+00,  4.447169e+01
  1.799424e+00,  2.240278e+01
  1.849711e+00,  2.525179e+00
  1.585917e+00,  3.412693e+02
  1.137459e+00,  3.138475e+02
  7.278778e-01,  2.745351e+02
  4.453136e-01,  2.232585e+02
  2.546468e-01,  1.294780e+02
  6.881593e-01,  4.642475e+01
  1.356149e+00,  1.847421e+01
  1.901628e+00,  5.035997e-01
  2.131452e+00,  3.454912e+02
  1.998305e+00,  3.316350e+02
  1.598085e+00,  3.195256e+02
  1.110239e+00,  3.147205e+02
  8.264535e-01,  3.327356e+02
  1.145018e+00,  3.566884e+02
  1.829169e+00,  3.583894e+02
  2.490033e+00,  3.516565e+02
  2.870234e+00,  3.431935e+02
  2.825528e+00,  3.352343e+02
  2.371873e+00,  3.299324e+02
  1.714236e+00,  3.329064e+02
  1.326960e+00,  3.551012e+02
  1.699065e+00,  1.764143e+01
  2.476452e+00,  1.909734e+01
  3.249584e+00,  1.135860e+01
  3.787304e+00,  1.652676e+00
  3.918505e+00,  3.528721e+02
  3.585598e+00,  3.469574e+02
  2.926561e+00,  3.470200e+02
  2.337191e+00,  3.582139e+02
  2.344182e+00,  1.671619e+01
  2.920634e+00,  2.473007e+01
  3.613893e+00,  2.109279e+01
  4.143278e+00,  1.215889e+01
  4.353061e+00,  2.007418e+00
  4.147209e+00,  3.530492e+02
  3.537839e+00,  3.474209e+02
  2.718844e+00,  3.486782e+02
  2.105998e+00,  1.810889e+00
  2.101612e+00,  1.950162e+01
  2.484213e+00,  2.442597e+01
  2.831250e+00,  1.779222e+01
  2.967155e+00,  5.751381e+00
  2.826420e+00,  3.523582e+02
  2.375312e+00,  3.404322e+02
  1.656620e+00,  3.335719e+02
  8.940730e-01,  3.447366e+02
  7.601120e-01,  3.451162e+01
  1.199278e+00,  4.728128e+01
  1.485613e+00,  3.432267e+01
  1.561137e+00,  1.012298e+01
  1.562138e+00,  3.389235e+02
  1.560177e+00,  3.053319e+02
  1.513029e+00,  2.712572e+02
  1.425154e+00,  2.349328e+02
  1.388777e+00,  1.972892e+02
  1.384316e+00,  1.647080e+02
  1.224539e+00,  1.408233e+02
  7.733395e-01,  1.278253e+02
  2.623522e-01,  1.861511e+02
  9.525799e-01,  2.369231e+02
  1.761764e+00,  2.265621e+02
  2.383519e+00,  2.099687e+02
  2.771254e+00,  1.910895e+02
  2.939942e+00,  1.719288e+02
  2.882293e+00,  1.547447e+02
  2.564835e+00,  1.420648e+02
  2.031727e+00,  1.379572e+02
  1.572784e+00,  1.502975e+02
  1.704679e+00,  1.727175e+02
  2.324495e+00,  1.790453e+02
  2.964465e+00,  1.720829e+02
  3.419298e+00,  1.595170e+02
  3.621316e+00,  1.454360e+02
  3.531153e+00,  1.326359e+02
  3.143807e+00,  1.238638e+02
  2.581651e+00,  1.231730e+02
  2.214240e+00,  1.349561e+02
  2.458543e+00,  1.500260e+02
  3.134129e+00,  1.531925e+02
  3.822171e+00,  1.464187e+02
  4.302196e+00,  1.349270e+02
  4.477252e+00,  1.220259e+02
  4.297657e+00,  1.100407e+02
  3.774471e+00,  1.012606e+02
  3.051027e+00,  9.914116e+01
  2.492153e+00,  1.082648e+02
  2.551944e+00,  1.233768e+02
  3.137359e+00,  1.285800e+02
  3.799494e+00,  1.230322e+02
  4.277150e+00,  1.119606e+02
  4.457719e+00,  9.891101e+01
  4.284751e+00,  8.620186e+01
  3.759746e+00,  7.587181e+01
  2.998335e+00,  7.091899e+01
  2.304987e+00,  7.659647e+01
  2.152513e+00,  9.253462e+01
  2.612581e+00,  1.008357e+02
  3.244804e+00,  9.640216e+01
  3.744400e+00,  8.531752e+01
  3.971705e+00,  7.184847e+01
  3.852781e+00,  5.846360e+01
  3.376907e+00,  4.713441e+01
  2.642232e+00,  4.084985e+01
  1.925169e+00,  4.602049e+01
  1.723238e+00,  6.543517e+01
  2.170144e+00,  7.628110e+01
  2.786231e+00,  7.154708e+01
  3.255741e+00,  5.933533e+01
  3.441617e+00,  4.425602e+01
  3.275226e+00,  2.838719e+01
  2.750103e+00,  1.282664e+01
  1.942951e+00,  3.588490e+02
  1.018357e+00,  3.517625e+02
  4.019196e-01,  3.914174e+01
  8.738886e-01,  7.955589e+01
  1.382688e+00,  6.580833e+01
  1.707576e+00,  4.243745e+01
  1.875712e+00,  1.510011e+01
  1.922132e+00,  3.453631e+02
  1.886565e+00,  3.136616e+02
  1.823886e+00,  2.808493e+02
  1.752765e+00,  2.495718e+02
  1.598758e+00,  2.232046e+02
  1.251339e+00,  2.050601e+02
  7.233785e-01,  2.078965e+02
  7.123334e-01,  2.662895e+02
  1.555033e+00,  2.786502e+02
  2.462443e+00,  2.689835e+02
  3.177739e+00,  2.549229e+02
  3.579791e+00,  2.399422e+02
  3.614191e+00,  2.257908e+02
  3.284250e+00,  2.145320e+02
  2.684910e+00,  2.099517e+02
  2.126249e+00,  2.191263e+02
  2.189736e+00,  2.401416e+02
  2.919414e+00,  2.501414e+02
  3.744047e+00,  2.472985e+02
  4.288032e+00,  2.385061e+02
  4.399775e+00,  2.273993e+02
  4.065785e+00,  2.161979e+02
  3.371198e+00,  2.075253e+02
  2.511457e+00,  2.065856e+02
  1.924860e+00,  2.225286e+02
  2.174777e+00,  2.452148e+02
  2.931850e+00,  2.509376e+02
  3.579845e+00,  2.452889e+02
  3.837542e+00,  2.348588e+02
  3.634507e+00,  2.224664e+02
  3.029020e+00,  2.100172e+02
  2.159992e+00,  2.007894e+02
  1.265553e+00,  2.057859e+02
  1.009631e+00,  2.471493e+02
  1.662442e+00,  2.662550e+02
  2.337978e+00,  2.609426e+02
  2.674830e+00,  2.490604e+02
  2.560854e+00,  2.347341e+02
  2.019719e+00,  2.189024e+02
  1.177587e+00,  2.016925e+02
  2.040255e-01,  1.827338e+02
  7.514236e-01,  3.439612e+02
  1.585116e+00,  3.240305e+02
  2.213687e+00,  3.048084e+02
  2.540490e+00,  2.871687e+02
  2.470345e+00,  2.719781e+02
  1.973759e+00,  2.610727e+02
  1.180829e+00,  2.630911e+02
  8.096850e-01,  3.147250e+02
  1.613183e+00,  3.417037e+02
  2.533760e+00,  3.357404e+02
  3.215660e+00,  3.228012e+02
  3.563923e+00,  3.083832e+02
  3.534872e+00,  2.951457e+02
  3.124079e+00,  2.858592e+02
  2.451685e+00,  2.855857e+02
  1.965009e+00,  3.030111e+02
  2.308894e+00,  3.265664e+02
  3.189252e+00,  3.327060e+02
  3.999180e+00,  3.274605e+02
  4.473162e+00,  3.176649e+02
  4.538275e+00,  3.067842e+02
  4.214174e+00,  2.975897e+02
  3.610037e+00,  2.936181e+02
  3.021340e+00,  2.997046e+02
  2.960135e+00,  3.151754e+02
  3.566966e+00,  3.256781e+02
  4.347825e+00,  3.255472e+02
  4.866763e+00,  3.187859e+02
  4.949545e+00,  3.088055e+02
  4.595988e+00,  2.980595e+02
  3.895896e+00,  2.893743e+02
  3.023703e+00,  2.874761e+02
  2.369471e+00,  2.996848e+02
  2.488713e+00,  3.204447e+02
  3.191973e+00,  3.286917e+02
  3.831025e+00,  3.252311e+02
  4.068126e+00,  3.159311e+02
  3.839404e+00,  3.036278e+02
  3.234166e+00,  2.902377e+02
  2.391900e+00,  2.788510e+02
  1.480339e+00,  2.780998e+02
  9.966885e-01,  3.123657e+02
  1.546725e+00,  3.419490e+02
  2.275247e+00,  3.408132e+02
  2.663162e+00,  3.303269e+02
  2.578579e+00,  3.154522e+02
  2.092970e+00,  2.960755e+02
  1.414093e+00,  2.693309e+02
  7.931278e-01,  2.265255e+02
  5.352372e-01,  1.486538e+02
  8.019793e-01,  8.004262e+01
  1.176882e+00,  4.219306e+01
  1.366068e+00,  1.661547e+01
  1.182381e+00,  3.562057e+02
  5.715934e-01,  3.350663e+02
  3.746241e-01,  1.614486e+02
  1.373289e+00,  1.368109e+02
  2.196144e+00,  1.197734e+02
  2.675025e+00,  1.024334e+02
  2.787817e+00,  8.421674e+01
  2.598220e+00,  6.631343e+01
  2.157862e+00,  5.207214e+01
  1.525193e+00,  4.949669e+01
  1.120288e+00,  7.888957e+01
  1.722228e+00,  1.102295e+02
  2.703313e+00,  1.122993e+02
  3.454659e+00,  1.043030e+02
  3.762091e+00,  9.247641e+01
  3.621978e+00,  7.876671e+01
  3.151107e+00,  6.504458e+01
  2.488453e+00,  5.512400e+01
  1.813678e+00,  5.738635e+01
  1.592834e+00,  8.051746e+01
  2.153362e+00,  9.848787e+01
  2.917532e+00,  9.852012e+01
  3.405372e+00,  8.986023e+01
  3.462850e+00,  7.646622e+01
  3.162268e+00,  5.951635e+01
  2.681003e+00,  4.042315e+01
  2.142983e+00,  2.284675e+01
  1.579425e+00,  1.378498e+01
  1.154623e+00,  2.517658e+01
  1.301696e+00,  4.899367e+01
  1.839815e+00,  5.167613e+01
  2.341959e+00,  3.889620e+01
  2.743904e+00,  1.865349e+01
  3.121544e+00,  3.563127e+02
  3.431395e+00,  3.364235e+02
  3.489042e+00,  3.211943e+02
  3.165874e+00,  3.116824e+02
  2.562897e+00,  3.106609e+02
  2.103810e+00,  3.231403e+02
  2.314898e+00,  3.402633e+02
  3.060614e+00,  3.436808e+02
  3.926881e+00,  3.365000e+02
  4.679501e+00,  3.255807e+02
  5.130186e+00,  3.147043e+02
  5.115646e+00,  3.058630e+02
  4.604709e+00,  3.006923e+02
  3.803384e+00,  3.017395e+02
  3.176959e+00,  3.117191e+02
  3.177451e+00,  3.250604e+02
  3.681512e+00,  3.297966e+02
  4.260544e+00,  3.253073e+02
  4.643007e+00,  3.163198e+02
  4.668303e+00,  3.065275e+02
  4.243449e+00,  2.984532e+02
  3.413972e+00,  2.946957e+02
  2.453706e+00,  3.000948e+02
  1.889002e+00,  3.198697e+02
  1.995700e+00,  3.378826e+02
  2.278501e+00,  3.382193e+02
  2.384227e+00,  3.264606e+02
  2.276433e+00,  3.085154e+02
  1.947840e+00,  2.880567e+02
  1.351839e+00,  2.651489e+02
  5.768119e-01,  2.215475e+02
  7.262338e-01,  1.094588e+02
  1.470511e+00,  7.818773e+01
  1.831522e+00,  6.209071e+01
  1.645446e+00,  4.919644e+01
  9.908108e-01,  3.847648e+01
  1.550368e-01,  7.148924e+01
  8.011122e-01,  1.684715e+02
  1.522433e+00,  1.516271e+02
  2.111556e+00,  1.299649e+02
  2.592784e+00,  1.088739e+02
  2.864305e+00,  9.105623e+01
  2.759317e+00,  7.724179e+01
  2.218475e+00,  6.806039e+01
  1.400954e+00,  6.812534e+01
  8.039072e-01,  9.848031e+01
  1.056650e+00,  1.331990e+02
  1.517808e+00,  1.281461e+02
  1.898844e+00,  1.085686e+02
  2.240663e+00,  8.611633e+01
  2.453613e+00,  6.614316e+01
  2.365132e+00,  4.941093e+01
  1.916833e+00,  3.489600e+01
  1.240493e+00,  2.221962e+01
  5.979639e-01,  1.768719e+01
  3.806825e-01,  5.361467e+01
  7.877503e-01,  6.056827e+01
  1.471522e+00,  4.403018e+01
  2.227168e+00,  2.787268e+01
  2.785299e+00,  1.323522e+01
  2.949737e+00,  3.587583e+02
  2.706505e+00,  3.432994e+02
  2.207182e+00,  3.268330e+02
  1.639483e+00,  3.128357e+02
  1.146167e+00,  3.132506e+02
  1.106119e+00,  3.408589e+02
  1.781231e+00,  3.569917e+02
  2.635491e+00,  3.551024e+02
  3.244579e+00,  3.467414e+02
  3.410913e+00,  3.351120e+02
  3.151761e+00,  3.207582e+02
  2.641950e+00,  3.043506e+02
  2.061157e+00,  2.891018e+02
  1.494346e+00,  2.834483e+02
  1.158691e+00,  3.020050e+02
  1.506416e+00,  3.281734e+02
  2.190515e+00,  3.331793e+02
  2.682024e+00,  3.271404e+02
  2.777162e+00,  3.156948e+02
  2.520426e+00,  3.000608e+02
  2.096956e+00,  2.814086e+02
  1.647309e+00,  2.643029e+02
  1.187283e+00,  2.589803e+02
  9.147111e-01,  2.826166e+02
  1.276703e+00,  3.111451e+02
  1.859331e+00,  3.149396e+02
  2.187924e+00,  3.076084e+02
  2.124684e+00,  2.939993e+02
  1.770678e+00,  2.739650e+02
  1.337369e+00,  2.471586e+02
  9.166115e-01,  2.170358e+02
  3.981510e-01,  1.830345e+02
  3.578140e-01,  2.246501e+01
  1.113204e+00,  3.543368e+02
  1.672857e+00,  3.398105e+02
  1.795734e+00,  3.277645e+02
  1.412198e+00,  3.162478e+02
  6.500937e-01,  3.044918e+02
  2.393926e-01,  1.055313e+02
  1.021767e+00,  9.076400e+01
  1.614497e+00,  7.032762e+01
  2.081891e+00,  4.829941e+01
  2.460990e+00,  2.876192e+01
  2.639355e+00,  1.469931e+01
  2.481002e+00,  7.815092e+00
  2.042779e+00,  1.164996e+01
  1.733981e+00,  3.148276e+01
  2.008347e+00,  5.317990e+01
  2.576423e+00,  5.858269e+01
  3.034082e+00,  5.265464e+01
  3.278007e+00,  4.155819e+01
  3.319664e+00,  2.973239e+01
  3.148334e+00,  2.120574e+01
  2.783241e+00,  1.994355e+01
  2.437813e+00,  2.951304e+01
  2.473411e+00,  4.577372e+01
  2.870615e+00,  5.530929e+01
  3.235922e+00,  5.455626e+01
  3.334567e+00,  4.652664e+01
  3.172389e+00,  3.403520e+01
  2.839167e+00,  2.025874e+01
  2.370676e+00,  9.640961e+00
  1.796144e+00,  8.559637e+00
  1.369539e+00,  2.650233e+01
  1.513534e+00,  5.252064e+01
  1.935179e+00,  6.006572e+01
  2.148251e+00,  5.344858e+01
  2.056367e+00,  3.707341e+01
  1.840709e+00,  1.171293e+01
  1.703033e+00,  3.419044e+02
  1.573698e+00,  3.153828e+02
  1.253585e+00,  2.932930e+02
  7.217827e-01,  2.696092e+02
  2.230594e-01,  2.064407e+02
  3.544916e-01,  1.005554e+02
  4.389333e-01,  5.382609e+01
  5.601780e-01,  3.479229e+02
  1.053490e+00,  3.056647e+02
  1.570045e+00,  2.850477e+02
  1.794272e+00,  2.711787e+02
  1.606484e+00,  2.595066e+02
  1.086664e+00,  2.486870e+02
  4.528625e-01,  2.430144e+02
  1.988300e-01,  3.379006e+02
  6.079287e-01,  3.415345e+02
  1.035401e+00,  3.185891e+02
  1.459402e+00,  2.985806e+02
  1.706059e+00,  2.840078e+02
  1.594037e+00,  2.740341e+02
  1.090429e+00,  2.702008e+02
  4.267780e-01,  2.977995e+02
  6.855989e-01,  1.911307e+01
  1.245859e+00,  2.135680e+01
  1.523413e+00,  9.200562e+00
  1.544670e+00,  3.509235e+02
  1.420117e+00,  3.304587e+02
  1.158196e+00,  3.142653e+02
  7.010865e-01,  3.149218e+02
  5.350670e-01,  2.249931e+01
  1.311317e+00,  4.970693e+01
  2.117202e+00,  4.802360e+01
  2.599079e+00,  4.153469e+01
  2.636186e+00,  3.348636e+01
  2.288992e+00,  2.514598e+01
  1.745512e+00,  1.925308e+01
  1.255229e+00,  2.367419e+01
  1.169233e+00,  4.492763e+01
  1.634785e+00,  5.946697e+01
  2.288935e+00,  6.051262e+01
  2.782657e+00,  5.684264e+01
  2.900941e+00,  5.265856e+01
  2.596012e+00,  5.034564e+01
  2.022907e+00,  5.347377e+01
  1.542231e+00,  6.807971e+01
  1.555912e+00,  8.852385e+01
  1.977106e+00,  9.524654e+01
  2.491011e+00,  9.062959e+01
  2.914485e+00,  8.278809e+01
  3.101783e+00,  7.618962e+01
  2.969176e+00,  7.341162e+01
  2.598524e+00,  7.714295e+01
  2.286724e+00,  8.948397e+01
  2.346991e+00,  1.043053e+02
  2.705190e+00,  1.104021e+02
  3.093659e+00,  1.068341e+02
  3.382484e+00,  9.788954e+01
  3.519717e+00,  8.779903e+01
  3.440557e+00,  7.995146e+01
  3.121822e+00,  7.712250e+01
  2.703757e+00,  8.203281e+01
  2.502687e+00,  9.444101e+01
  2.697116e+00,  1.052620e+02
  3.084731e+00,  1.068168e+02
  3.436527e+00,  1.003878e+02
  3.687329e+00,  8.983065e+01
  3.822122e+00,  7.891802e+01
  3.793258e+00,  7.067173e+01
  3.582519e+00,  6.710766e+01
  3.301193e+00,  6.921344e+01
  3.165986e+00,  7.542519e+01
  3.297266e+00,  8.035974e+01
  3.607327e+00,  7.956503e+01
  3.962759e+00,  7.325673e+01
  4.282927e+00,  6.417616e+01
  4.488873e+00,  5.525534e+01
  4.492704e+00,  4.863250e+01
  4.275328e+00,  4.565480e+01
  3.955012e+00,  4.695102e+01
  3.744994e+00,  5.138437e+01
  3.781244e+00,  5.509354e+01
  4.012583e+00,  5.442332e+01
  4.305989e+00,  4.919511e+01
  4.541193e+00,  4.164836e+01
  4.603302e+00,  3.434571e+01
  4.408148e+00,  2.929448e+01
  3.982470e+00,  2.805947e+01
  3.508150e+00,  3.164819e+01
  3.232754e+00,  3.857011e+01
  3.249814e+00,  4.346619e+01
  3.435232e+00,  4.214601e+01
  3.641706e+00,  3.515277e+01
  3.777961e+00,  2.535744e+01
  3.754129e+00,  1.556431e+01
  3.489127e+00,  7.650860e+00
  2.988334e+00,  2.891714e+00
  2.391581e+00,  2.600744e+00
  1.930401e+00,  7.169312e+00
  1.773259e+00,  1.172468e+01
  1.892991e+00,  8.614521e+00
  2.184108e+00,  3.580604e+02
  2.532855e+00,  3.450797e+02
  2.782329e+00,  3.327328e+02
  2.797818e+00,  3.216260e+02
  2.555419e+00,  3.116245e+02
  2.161049e+00,  3.031294e+02
  1.798444e+00,  2.980458e+02
  1.656170e+00,  2.987412e+02
  1.850149e+00,  3.025204e+02
  2.317948e+00,  3.036821e+02
  2.846323e+00,  3.014720e+02
  3.210307e+00,  2.975335e+02
  3.277213e+00,  2.932431e+02
  3.057438e+00,  2.898865e+02
  2.697606e+00,  2.892142e+02
  2.428784e+00,  2.929288e+02
  2.464791e+00,  2.994854e+02
  2.842126e+00,  3.037362e+02
  3.391443e+00,  3.037275e+02
  3.874852e+00,  3.011000e+02
  4.094453e+00,  2.977255e+02
  3.963417e+00,  2.950158e+02
  3.547895e+00,  2.944393e+02
  3.059518e+00,  2.977681e+02
  2.780973e+00,  3.053451e+02
  2.884015e+00,  3.127977e+02
  3.279676e+00,  3.152512e+02
  3.741381e+00,  3.131459e+02
  4.054713e+00,  3.091644e+02
  4.073012e+00,  3.055112e+02
  3.768112e+00,  3.038847e+02
  3.265372e+00,  3.059736e+02
  2.815229e+00,  3.128537e+02
  2.649026e+00,  3.219021e+02
  2.776808e+00,  3.269728e+02
  3.030774e+00,  3.258363e+02
  3.250557e+00,  3.208706e+02
  3.321613e+00,  3.151156e+02
  3.175392e+00,  3.108034e+02
  2.827591e+00,  3.095630e+02
  2.401103e+00,  3.125881e+02
  2.072825e+00,  3.191607e+02
  1.931904e+00,  3.243558e+02
  1.914554e+00,  3.226752e+02
  1.932791e+00,  3.136425e+02
  1.934852e+00,  3.006028e+02
  1.849639e+00,  2.872066e+02
  1.599888e+00,  2.753792e+02
  1.180377e+00,  2.657588e+02
  6.933496e-01,  2.597341e+02
  3.169782e-01,  2.655745e+02
  2.342996e-01,  2.864557e+02
  4.173392e-01,  2.700050e+02
  8.167063e-01,  2.485613e+02
  1.306688e+00,  2.329773e+02
  1.709335e+00,  2.194095e+02
  1.910538e+00,  2.055372e+02
  1.908057e+00,  1.904235e+02
  1.783494e+00,  1.748815e+02
  1.615290e+00,  1.623675e+02
  1.442388e+00,  1.583218e+02
  1.361272e+00,  1.666242e+02
  1.536582e+00,  1.807578e+02
  1.924437e+00,  1.885133e+02
  2.299546e+00,  1.884533e+02
  2.505867e+00,  1.833947e+02
  2.517857e+00,  1.754295e+02
  2.400761e+00,  1.665028e+02
  2.242376e+00,  1.592668e+02
  2.115218e+00,  1.565502e+02
  2.087857e+00,  1.591084e+02
  2.196774e+00,  1.637976e+02
  2.372020e+00,  1.662549e+02
  2.475126e+00,  1.646789e+02
  2.415332e+00,  1.593350e+02
  2.201724e+00,  1.512717e+02
  1.911673e+00,  1.425379e+02
  1.629804e+00,  1.368990e+02
  1.438158e+00,  1.387625e+02
  1.438890e+00,  1.474932e+02
  1.637946e+00,  1.544323e+02
  1.869147e+00,  1.543304e+02
  1.963206e+00,  1.476783e+02
  1.870395e+00,  1.352526e+02
  1.663873e+00,  1.173221e+02
  1.453753e+00,  9.583166e+01
  1.260562e+00,  7.569518e+01
  1.013959e+00,  6.182208e+01
  6.958827e-01,  5.925527e+01
  4.565954e-01,  8.025524e+01
  5.166228e-01,  1.073637e+02
  7.019765e-01,  1.035742e+02
  9.181055e-01,  8.300724e+01
  1.227739e+00,  6.027586e+01
  1.589192e+00,  4.282963e+01
  1.873377e+00,  3.082491e+01
  1.990534e+00,  2.279811e+01
  1.948575e+00,  1.790874e+01
  1.844391e+00,  1.572822e+01
  1.808097e+00,  1.522032e+01
  1.926071e+00,  1.428763e+01
  2.193159e+00,  1.156406e+01
  2.522967e+00,  7.611961e+00
  2.792590e+00,  3.705033e+00
  2.903968e+00,  9.223009e-01
  2.841434e+00,  1.653197e-01
  2.692573e+00,  2.054817e+00
  2.606503e+00,  5.959596e+00
  2.691927e+00,  9.174902e+00
  2.941071e+00,  9.050671e+00
  3.259899e+00,  5.544650e+00
  3.524870e+00,  3.418018e-01
  3.616893e+00,  3.551806e+02
  3.463318e+00,  3.514181e+02
  3.085119e+00,  3.503824e+02
  2.617229e+00,  3.537138e+02
  2.275603e+00,  2.200658e+00
  2.226470e+00,  1.205012e+01
  2.431569e+00,  1.689599e+01
  2.729186e+00,  1.565887e+01
  2.978793e+00,  1.108208e+01
  3.077724e+00,  5.882092e+00
  2.965531e+00,  1.914584e+00
  2.653532e+00,  5.570508e-01
  2.239313e+00,  3.056178e+00
  1.872084e+00,  9.879907e+00
  1.659467e+00,  1.863200e+01
  1.584831e+00,  2.472294e+01
  1.559936e+00,  2.662658e+01
  1.521890e+00,  2.691889e+01
  1.455698e+00,  2.954695e+01
  1.400135e+00,  3.748473e+01
  1.434053e+00,  4.983429e+01
  1.578634e+00,  6.127151e+01
  1.739810e+00,  6.827462e+01
  1.803544e+00,  7.154034e+01
  1.728433e+00,  7.343904e+01
  1.567841e+00,  7.704636e+01
  1.459400e+00,  8.532265e+01
  1.570650e+00,  9.650095e+01
  1.952539e+00,  1.036613e+02
  2.490715e+00,  1.048398e+02
  3.013264e+00,  1.024500e+02
  3.363644e+00,  9.868874e+01
  3.447172e+00,  9.492692e+01
  3.266210e+00,  9.229033e+01
  2.925270e+00,  9.215968e+01
  2.603511e+00,  9.603352e+01
  2.493007e+00,  1.036244e+02
  2.684287e+00,  1.110783e+02
  3.097891e+00,  1.149975e+02
  3.571057e+00,  1.156255e+02
  3.955887e+00,  1.145740e+02
  4.160564e+00,  1.131077e+02
  4.167456e+00,  1.119616e+02
  4.030676e+00,  1.114679e+02
  3.845150e+00,  1.115879e+02
  3.695772e+00,  1.119512e+02
  3.614633e+00,  1.121528e+02
  3.573744e+00,  1.122157e+02
  3.515203e+00,  1.127331e+02
  3.398293e+00,  1.145688e+02
  3.235060e+00,  1.183426e+02
  3.080911e+00,  1.237845e+02
  2.978353e+00,  1.293391e+02
  2.906526e+00,  1.329716e+02
  2.800350e+00,  1.336569e+02
  2.605624e+00,  1.319200e+02
  2.301379e+00,  1.296412e+02
  1.898535e+00,  1.302135e+02
  1.475484e+00,  1.396975e+02
  1.279347e+00,  1.643349e+02
  1.553908e+00,  1.895717e+02
  2.066501e+00,  2.005855e+02
  2.498324e+00,  2.029269e+02
  2.694982e+00,  2.017006e+02
  2.632033e+00,  1.995593e+02
  2.380134e+00,  1.986748e+02
  2.071996e+00,  2.017234e+02
  1.877453e+00,  2.109675e+02
  1.946551e+00,  2.240355e+02
  2.281549e+00,  2.345545e+02
  2.744326e+00,  2.404217e+02
  3.193477e+00,  2.431919e+02
  3.543828e+00,  2.443655e+02
  3.768397e+00,  2.446313e+02
  3.885541e+00,  2.441404e+02
  3.938818e+00,  2.428673e+02
  3.969969e+00,  2.409175e+02
  3.997301e+00,  2.387246e+02
  4.010741e+00,  2.370055e+02
  3.990771e+00,  2.365109e+02
  3.941005e+00,  2.377114e+02
  3.904078e+00,  2.404196e+02
  3.934370e+00,  2.434788e+02
  4.046170e+00,  2.451317e+02
  4.198719e+00,  2.441227e+02
  4.331431e+00,  2.403960e+02
  4.393152e+00,  2.349127e+02
  4.341274e+00,  2.291213e+02
  4.143614e+00,  2.245051e+02
  3.806005e+00,  2.223755e+02
  3.403678e+00,  2.237861e+02
  3.075453e+00,  2.289537e+02
  2.951867e+00,  2.359238e+02
  3.056973e+00,  2.409706e+02
  3.312636e+00,  2.419442e+02
  3.627256e+00,  2.394336e+02
  3.931101e+00,  2.351325e+02
  4.165041e+00,  2.305237e+02
  4.281058e+00,  2.264626e+02
  4.258915e+00,  2.232212e+02
  4.115726e+00,  2.206680e+02
  3.897392e+00,  2.184990e+02
  3.656971e+00,  2.165232e+02
  3.436054e+00,  2.149675e+02
  3.260658e+00,  2.145743e+02
  3.153400e+00,  2.162203e+02
  3.146787e+00,  2.200694e+02
  3.266064e+00,  2.248917e+02
  3.483705e+00,  2.286523e+02
  3.710212e+00,  2.299890e+02
  3.845717e+00,  2.287657e+02
  3.834748e+00,  2.256948e+02
  3.680414e+00,  2.220461e+02
  3.427699e+00,  2.196061e+02
  3.152866e+00,  2.204744e+02
  2.973949e+00,  2.260453e+02
  3.023152e+00,  2.348478e+02
  3.326658e+00,  2.425010e+02
  3.751996e+00,  2.460580e+02
  4.122372e+00,  2.455658e+02
  4.322444e+00,  2.421960e+02
  4.321443e+00,  2.372235e+02
  4.148206e+00,  2.319881e+02
  3.854374e+00,  2.279677e+02
  3.495308e+00,  2.266215e+02
  3.132720e+00,  2.289955e+02
  2.831048e+00,  2.352101e+02
  2.633750e+00,  2.441684e+02
  2.548523e+00,  2.540449e+02
  2.566408e+00,  2.631195e+02
  2.681183e+00,  2.700149e+02
  2.880422e+00,  2.737996e+02
  3.130722e+00,  2.743878e+02
  3.374589e+00,  2.725964e+02
  3.535143e+00,  2.696883e+02
  3.534158e+00,  2.669429e+02
  3.328815e+00,  2.656201e+02
  2.953992e+00,  2.672567e+02
  2.547993e+00,  2.737061e+02
  2.322637e+00,  2.850256e+02
  2.403610e+00,  2.958118e+02
  2.689722e+00,  3.002827e+02
  2.992307e+00,  2.986316e+02
  3.170161e+00,  2.937043e+02
  3.130698e+00,  2.881683e+02
  2.830092e+00,  2.843420e+02
  2.310403e+00,  2.851681e+02
  1.756726e+00,  2.959100e+02
  1.527014e+00,  3.197243e+02
  1.792009e+00,  3.399039e+02
  2.239610e+00,  3.461030e+02
  2.619330e+00,  3.441529e+02
  2.862199e+00,  3.389381e+02
  2.969017e+00,  3.332564e+02
  2.953855e+00,  3.287944e+02
  2.833376e+00,  3.263274e+02
  2.626600e+00,  3.257438e+02
  2.344340e+00,  3.262876e+02
  1.982889e+00,  3.272545e+02
  1.543167e+00,  3.292285e+02
  1.071507e+00,  3.366785e+02
  7.507611e-01,  2.872984e+00
  9.213872e-01,  3.743052e+01
  1.432248e+00,  4.715643e+01
  1.984286e+00,  4.454230e+01
  2.416357e+00,  3.848992e+01
  2.608600e+00,  3.221536e+01
  2.499463e+00,  2.752753e+01
  2.131296e+00,  2.685708e+01
  1.692967e+00,  3.494254e+01
  1.537159e+00,  5.428364e+01
  1.863856e+00,  6.952274e+01
  2.428940e+00,  7.144434e+01
  2.977207e+00,  6.580288e+01
  3.358517e+00,  5.750821e+01
  3.465747e+00,  4.919928e+01
  3.244417e+00,  4.258858e+01
  2.737049e+00,  3.968120e+01
  2.120858e+00,  4.422324e+01
  1.726047e+00,  6.059514e+01
  1.836135e+00,  8.003744e+01
  2.279814e+00,  8.831391e+01
  2.769269e+00,  8.804082e+01
  3.181666e+00,  8.477678e+01
  3.489796e+00,  8.158787e+01
  3.713149e+00,  7.963844e+01
  3.891575e+00,  7.865987e+01
  4.046751e+00,  7.743866e+01
  4.155548e+00,  7.466863e+01
  4.166232e+00,  6.972966e+01
  4.033017e+00,  6.293889e+01
  3.729850e+00,  5.546604e+01
  3.251425e+00,  4.928182e+01
  2.640613e+00,  4.751879e+01
  2.063997e+00,  5.518803e+01
  1.854774e+00,  7.382303e+01
  2.132559e+00,  8.852102e+01
  2.536338e+00,  9.062547e+01
  2.753596e+00,  8.426125e+01
  2.682484e+00,  7.300562e+01
  2.342246e+00,  5.887867e+01
  1.787596e+00,  4.357010e+01
  1.069848e+00,  2.931054e+01
  2.650942e-01,  3.033784e+01
  5.744774e-01,  1.624382e+02
  1.221413e+00,  1.528399e+02
  1.576933e+00,  1.384157e+02
  1.580862e+00,  1.208224e+02
  1.302865e+00,  9.680167e+01
  9.719964e-01,  5.838538e+01
  9.391036e-01,  6.016444e+00
  1.213053e+00,  3.262588e+02
  1.524659e+00,  3.012311e+02
  1.784728e+00,  2.844629e+02
  2.022466e+00,  2.740672e+02
  2.308535e+00,  2.690021e+02
  2.704681e+00,  2.667486e+02
  3.193793e+00,  2.642201e+02
  3.659853e+00,  2.597323e+02
  3.952719e+00,  2.531211e+02
  3.966107e+00,  2.449901e+02
  3.673197e+00,  2.364874e+02
  3.122251e+00,  2.297404e+02
  2.440799e+00,  2.290688e+02
  1.924706e+00,  2.417751e+02
  2.031475e+00,  2.635568e+02
  2.670947e+00,  2.734221e+02
  3.321335e+00,  2.716697e+02
  3.653804e+00,  2.644851e+02
  3.542836e+00,  2.549274e+02
  3.012656e+00,  2.449132e+02
  2.192168e+00,  2.375338e+02
  1.313907e+00,  2.430825e+02
  1.025522e+00,  2.845522e+02
  1.721692e+00,  3.068353e+02
  2.552097e+00,  3.034647e+02
  3.133472e+00,  2.932765e+02
  3.321064e+00,  2.807350e+02
  3.094389e+00,  2.667858e+02
  2.548212e+00,  2.513662e+02
  1.851475e+00,  2.340635e+02
  1.175663e+00,  2.144151e+02
  6.353134e-01,  1.916808e+02
  2.872534e-01,  1.610690e+02
  1.886896e-01,  1.147907e+02
  3.447417e-01,  9.789939e+01
  7.510025e-01,  9.230028e+01
  1.364851e+00,  8.295609e+01
  2.038717e+00,  7.131158e+01
  2.584934e+00,  5.828461e+01
  2.851763e+00,  4.405566e+01
  2.774796e+00,  2.869952e+01
  2.377927e+00,  1.270195e+01
  1.730459e+00,  3.578529e+02
  9.206047e-01,  3.518501e+02
  4.525368e-01,  5.883365e+01
  1.267084e+00,  8.964062e+01
  2.128225e+00,  8.122324e+01
  2.695786e+00,  6.818507e+01
  2.825047e+00,  5.394942e+01
  2.486145e+00,  3.938527e+01
  1.758396e+00,  2.595116e+01
  8.024278e-01,  2.310263e+01
  5.725621e-01,  1.165507e+02
  1.661286e+00,  1.253909e+02
  2.745668e+00,  1.128458e+02
  3.614395e+00,  9.837559e+01
  4.115499e+00,  8.426635e+01
  4.162622e+00,  7.118866e+01
  3.780571e+00,  5.978285e+01
  3.113281e+00,  5.148236e+01
  2.400176e+00,  4.939585e+01
  1.943829e+00,  5.681298e+01
  1.936348e+00,  6.751910e+01
  2.169837e+00,  7.056443e+01
  2.285009e+00,  6.673345e+01
  2.061789e+00,  6.083282e+01
  1.458731e+00,  5.908833e+01
  7.590533e-01,  8.740222e+01
  1.180273e+00,  1.459295e+02
  2.232259e+00,  1.493942e+02
  3.181744e+00,  1.392390e+02
  3.848300e+00,  1.256755e+02
  4.138735e+00,  1.117206e+02
  3.991292e+00,  9.936269e+01
  3.410146e+00,  9.107721e+01
  2.571529e+00,  9.220442e+01
  2.034588e+00,  1.120956e+02
  2.470785e+00,  1.350851e+02
  3.414827e+00,  1.386408e+02
  4.231039e+00,  1.311553e+02
  4.657336e+00,  1.192875e+02
  4.593222e+00,  1.061258e+02
  4.009713e+00,  9.387930e+01
  2.957789e+00,  8.580955e+01
  1.692162e+00,  9.343373e+01
  1.360794e+00,  1.468851e+02
  2.536244e+00,  1.690916e+02
  3.747638e+00,  1.655082e+02
  4.555810e+00,  1.563332e+02
  4.880218e+00,  1.463557e+02
  4.784330e+00,  1.381398e+02
  4.445320e+00,  1.341874e+02
  4.163018e+00,  1.363022e+02
  4.262347e+00,  1.422115e+02
  4.776894e+00,  1.455849e+02
  5.388481e+00,  1.433855e+02
  5.748647e+00,  1.367002e+02
  5.664343e+00,  1.274656e+02
  5.101065e+00,  1.176860e+02
  4.142628e+00,  1.102214e+02
  3.013474e+00,  1.110261e+02
  2.299457e+00,  1.308645e+02
  2.755245e+00,  1.557703e+02
  3.825231e+00,  1.612254e+02
  4.705321e+00,  1.558302e+02
  5.053260e+00,  1.464020e+02
  4.790588e+00,  1.360072e+02
  4.013687e+00,  1.274840e+02
  2.978890e+00,  1.265298e+02
  2.283865e+00,  1.442681e+02
  2.774955e+00,  1.685227e+02
  4.025440e+00,  1.730732e+02
  5.229135e+00,  1.663354e+02
  5.989336e+00,  1.552203e+02
  6.145697e+00,  1.422214e+02
  5.709622e+00,  1.285464e+02
  4.816393e+00,  1.154784e+02
  3.668391e+00,  1.054977e+02
  2.534326e+00,  1.043711e+02
  1.881194e+00,  1.211705e+02
  2.090817e+00,  1.410930e+02
  2.590506e+00,  1.435224e+02
  2.796232e+00,  1.355620e+02
  2.529429e+00,  1.227982e+02
  1.839973e+00,  1.073310e+02
  8.858855e-01,  9.136464e+01
  1.956696e-01,  2.212139e+02
  1.232903e+00,  2.202553e+02
  2.183412e+00,  2.004293e+02
  2.910189e+00,  1.801739e+02
  3.265439e+00,  1.600731e+02
  3.157620e+00,  1.393959e+02
  2.627880e+00,  1.165407e+02
  1.859053e+00,  8.854844e+01
  1.108632e+00,  4.906489e+01
  6.412769e-01,  3.435886e+02
  6.802998e-01,  2.605253e+02
  1.020818e+00,  2.023171e+02
  1.389621e+00,  1.591637e+02
  1.676966e+00,  1.194716e+02
  1.953570e+00,  7.808537e+01
  2.416314e+00,  3.759987e+01
  3.073756e+00,  3.648020e+00
  3.677768e+00,  3.364437e+02
  3.966123e+00,  3.134355e+02
  3.816032e+00,  2.926893e+02
  3.259658e+00,  2.736253e+02
  2.423103e+00,  2.578260e+02
  1.488183e+00,  2.531418e+02
  9.865474e-01,  2.862145e+02
  1.627237e+00,  3.143257e+02
  2.505839e+00,  3.109270e+02
  3.060858e+00,  2.997322e+02
  3.083592e+00,  2.865811e+02
  2.546629e+00,  2.735901e+02
  1.582796e+00,  2.651270e+02
  6.280881e-01,  2.983124e+02
  1.371419e+00,  3.585502e+02
  2.669240e+00,  3.522988e+02
  3.830395e+00,  3.379382e+02
  4.628945e+00,  3.226813e+02
  4.879933e+00,  3.081546e+02
  4.506732e+00,  2.952122e+02
  3.608205e+00,  2.855377e+02
  2.494281e+00,  2.845741e+02
  1.819899e+00,  3.044686e+02
  2.267189e+00,  3.263786e+02
  3.223806e+00,  3.253414e+02
  4.053463e+00,  3.136225e+02
  4.474003e+00,  2.980343e+02
  4.338557e+00,  2.804011e+02
  3.644328e+00,  2.603068e+02
  2.567415e+00,  2.349212e+02
  1.479431e+00,  1.942661e+02
  1.081696e+00,  1.204270e+02
  1.517242e+00,  6.125183e+01
  1.962089e+00,  2.445028e+01
  2.168051e+00,  3.546923e+02
  2.064837e+00,  3.284898e+02
  1.597533e+00,  3.044645e+02
  7.958849e-01,  2.785545e+02
  2.522817e-01,  1.251940e+02
  1.126890e+00,  7.761528e+01
  1.721023e+00,  5.370395e+01
  1.899047e+00,  2.788703e+01
  1.750365e+00,  3.554748e+02
  1.532479e+00,  3.125985e+02
  1.521484e+00,  2.616392e+02
  1.802882e+00,  2.131051e+02
  2.295725e+00,  1.731440e+02
  2.834299e+00,  1.420176e+02
  3.173547e+00,  1.179809e+02
  3.091147e+00,  9.943068e+01
  2.516670e+00,  8.662348e+01
  1.629384e+00,  8.626108e+01
  1.170192e+00,  1.214011e+02
  1.932967e+00,  1.456689e+02
  3.010047e+00,  1.392737e+02
  3.938209e+00,  1.244346e+02
  4.533414e+00,  1.075803e+02
  4.633505e+00,  9.079831e+01
  4.130770e+00,  7.482471e+01
  3.051976e+00,  6.020946e+01
  1.588812e+00,  4.998825e+01
  3.702420e-01,  1.188929e+02
  1.568315e+00,  1.680456e+02
  2.696586e+00,  1.552947e+02
  3.431127e+00,  1.389290e+02
  3.705572e+00,  1.231535e+02
  3.474367e+00,  1.104284e+02
  2.787332e+00,  1.046211e+02
  1.998905e+00,  1.157484e+02
  2.025512e+00,  1.464175e+02
  2.969267e+00,  1.584953e+02
  3.952417e+00,  1.532303e+02
  4.570789e+00,  1.410899e+02
  4.713490e+00,  1.262064e+02
  4.364445e+00,  1.109026e+02
  3.539007e+00,  9.738939e+01
  2.328322e+00,  8.989282e+01
  1.115167e+00,  1.093299e+02
  1.362805e+00,  1.706049e+02
  2.396547e+00,  1.770365e+02
  3.037536e+00,  1.677566e+02
  3.098174e+00,  1.543490e+02
  2.620570e+00,  1.399825e+02
  1.735325e+00,  1.291313e+02
  7.319331e-01,  1.491731e+02
  1.260557e+00,  2.204636e+02
  2.629642e+00,  2.196000e+02
  3.820136e+00,  2.078682e+02
  4.525403e+00,  1.939876e+02
  4.592638e+00,  1.792502e+02
  4.044115e+00,  1.639783e+02
  3.048426e+00,  1.488603e+02
  1.838274e+00,  1.370853e+02
  7.283254e-01,  1.516169e+02
  9.760585e-01,  2.225973e+02
  1.878964e+00,  2.225413e+02
  2.463258e+00,  2.098367e+02
  2.519450e+00,  1.946551e+02
  2.000751e+00,  1.776596e+02
  1.038286e+00,  1.545874e+02
  3.270205e-01,  2.898012e+01
  1.324074e+00,  3.268889e+02
  2.155514e+00,  3.025321e+02
  2.652239e+00,  2.797943e+02
  2.808528e+00,  2.572612e+02
  2.609736e+00,  2.354945e+02
  2.024827e+00,  2.146095e+02
  1.092229e+00,  1.919098e+02
  2.091994e-01,  8.016108e+01
  1.127178e+00,  5.835295e-01
  1.821154e+00,  3.408667e+02
  2.005332e+00,  3.238521e+02
  1.669768e+00,  3.074200e+02
  9.341257e-01,  2.940818e+02
  2.321086e-01,  1.639560e+01
  1.280333e+00,  5.119646e+01
  2.485569e+00,  3.648953e+01
  3.585551e+00,  2.042797e+01
  4.354704e+00,  5.407158e+00
  4.595537e+00,  3.518842e+02
  4.239175e+00,  3.403337e+02
  3.400589e+00,  3.324321e+02
  2.396019e+00,  3.336614e+02
  1.838918e+00,  3.539364e+02
  2.261518e+00,  1.458468e+01
  3.111108e+00,  1.578666e+01
  3.816012e+00,  8.061079e+00
  4.095952e+00,  3.581114e+02
  3.816024e+00,  3.490047e+02
  3.015110e+00,  3.439328e+02
  2.002062e+00,  3.515628e+02
  1.636817e+00,  2.599491e+01
  2.415538e+00,  4.717382e+01
  3.416949e+00,  4.486128e+01
  4.179645e+00,  3.468915e+01
  4.553695e+00,  2.264384e+01
  4.463293e+00,  1.156237e+01
  3.912632e+00,  3.750171e+00
  3.069118e+00,  2.735634e+00
  2.355240e+00,  1.419647e+01
  2.295379e+00,  3.350597e+01
  2.733473e+00,  4.109617e+01
  3.121446e+00,  3.609777e+01
  3.202590e+00,  2.462775e+01
  2.907228e+00,  1.048117e+01
  2.221435e+00,  3.560575e+02
  1.184646e+00,  3.439963e+02
  1.470482e-01,  8.739061e+01
  1.331481e+00,  1.252810e+02
  2.290732e+00,  1.146641e+02
  2.766773e+00,  1.028270e+02
  2.698798e+00,  9.125041e+01
  2.180169e+00,  8.184913e+01
  1.433553e+00,  8.155779e+01
  9.759624e-01,  1.125031e+02
  1.497656e+00,  1.432992e+02
  2.361868e+00,  1.436683e+02
  3.050148e+00,  1.356487e+02
  3.320004e+00,  1.262770e+02
  3.060155e+00,  1.181756e+02
  2.333200e+00,  1.147497e+02
  1.465845e+00,  1.274230e+02
  1.345022e+00,  1.695023e+02
  2.158169e+00,  1.865457e+02
  3.035670e+00,  1.824901e+02
  3.667720e+00,  1.726928e+02
  3.943807e+00,  1.622780e+02
  3.815529e+00,  1.539024e+02
  3.335114e+00,  1.500337e+02
  2.727131e+00,  1.539632e+02
  2.376658e+00,  1.667513e+02
  2.479181e+00,  1.784438e+02
  2.746958e+00,  1.796551e+02
  2.864797e+00,  1.718956e+02
  2.723714e+00,  1.585678e+02
  2.320223e+00,  1.418405e+02
  1.680365e+00,  1.219859e+02
  8.939509e-01,  9.207467e+01
  4.902944e-01,  2.106032e+00
  1.039262e+00,  3.046196e+02
  1.445735e+00,  2.858709e+02
  1.439818e+00,  2.768887e+02
  1.080150e+00,  2.800352e+02
  8.104141e-01,  3.143132e+02
  1.264201e+00,  3.459824e+02
  1.980887e+00,  3.471134e+02
  2.592826e+00,  3.383633e+02
  2.977102e+00,  3.273339e+02
  3.059895e+00,  3.175150e+02
  2.808554e+00,  3.118914e+02
  2.323364e+00,  3.150133e+02
  1.983534e+00,  3.326546e+02
  2.259799e+00,  3.545429e+02
  2.936841e+00,  3.095298e+00
  3.536280e+00,  1.486489e+00
  3.832930e+00,  3.552976e+02
  3.793287e+00,  3.477764e+02
  3.480268e+00,  3.415780e+02
  3.015321e+00,  3.396611e+02
  2.591845e+00,  3.447890e+02
  2.427062e+00,  3.556108e+02
  2.522198e+00,  4.460567e+00
  2.611351e+00,  6.735578e+00
  2.454905e+00,  3.404066e+00
  1.984778e+00,  3.562833e+02
  1.272353e+00,  3.467953e+02
  4.486408e-01,  3.384629e+02
  3.774725e-01,  1.316334e+02
  1.108213e+00,  1.234548e+02
  1.682378e+00,  1.132468e+02
  2.027951e+00,  1.060902e+02
  2.118857e+00,  1.043535e+02
  2.060579e+00,  1.106102e+02
  2.120940e+00,  1.243253e+02
  2.491224e+00,  1.368266e+02
  3.032006e+00,  1.416215e+02
  3.498540e+00,  1.400920e+02
  3.746822e+00,  1.352707e+02
  3.737762e+00,  1.297984e+02
  3.502106e+00,  1.262899e+02
  3.143001e+00,  1.276338e+02
  2.869513e+00,  1.359364e+02
  2.914365e+00,  1.483469e+02
  3.265768e+00,  1.575516e+02
  3.665258e+00,  1.608241e+02
  3.887703e+00,  1.598708e+02
  3.856802e+00,  1.569102e+02
  3.620984e+00,  1.539101e+02
  3.298399e+00,  1.527620e+02
  3.026915e+00,  1.548195e+02
  2.908834e+00,  1.595341e+02
  2.936530e+00,  1.642533e+02
  2.980739e+00,  1.667820e+02
  2.887832e+00,  1.669208e+02
  2.577830e+00,  1.656817e+02
  2.076503e+00,  1.647968e+02
  1.499471e+00,  1.676239e+02
  1.032852e+00,  1.811410e+02
  9.031910e-01,  2.071553e+02
  1.085954e+00,  2.247664e+02
  1.314540e+00,  2.306397e+02
  1.440963e+00,  2.337582e+02
  1.444263e+00,  2.400561e+02
  1.420148e+00,  2.526438e+02
  1.525106e+00,  2.686311e+02
  1.787206e+00,  2.800779e+02
  2.074737e+00,  2.842485e+02
  2.263463e+00,  2.831498e+02
  2.308352e+00,  2.793425e+02
  2.223517e+00,  2.753506e+02
  2.051751e+00,  2.740065e+02
  1.865899e+00,  2.782315e+02
  1.784288e+00,  2.890009e+02
  1.901801e+00,  3.020132e+02
  2.165582e+00,  3.114140e+02
  2.431509e+00,  3.160783e+02
  2.598784e+00,  3.175453e+02
  2.649867e+00,  3.173746e+02
  2.628664e+00,  3.167332e+02
  2.599865e+00,  3.164753e+02
  2.610779e+00,  3.170537e+02
  2.669078e+00,  3.184216e+02
  2.742347e+00,  3.202259e+02
  2.777916e+00,  3.221502e+02
  2.732054e+00,  3.240784e+02
  2.592395e+00,  3.260642e+02
  2.383044e+00,  3.282599e+02
  2.152299e+00,  3.308727e+02
  1.950620e+00,  3.341343e+02
  1.809863e+00,  3.382765e+02
  1.734169e+00,  3.435276e+02
  1.706936e+00,  3.501112e+02
  1.707170e+00,  3.581827e+02
  1.724308e+00,  7.597781e+00
  1.759079e+00,  1.766200e+01
  1.811764e+00,  2.721962e+01
  1.874497e+00,  3.515722e+01
  1.937468e+00,  4.085679e+01
  1.998388e+00,  4.429627e+01
  2.061432e+00,  4.597975e+01
  2.126034e+00,  4.682338e+01
  2.177902e+00,  4.793820e+01
  2.194464e+00,  5.038686e+01
  2.165214e+00,  5.505176e+01
  2.113409e+00,  6.244224e+01
  2.096666e+00,  7.206404e+01
  2.168999e+00,  8.179265e+01
  2.332364e+00,  8.891435e+01
  2.540447e+00,  9.217445e+01
  2.741379e+00,  9.213518e+01
  2.898962e+00,  9.028903e+01
  2.988894e+00,  8.831133e+01
  2.999483e+00,  8.761596e+01
  2.945381e+00,  8.903897e+01
  2.871313e+00,  9.247743e+01
  2.822245e+00,  9.661977e+01
  2.801180e+00,  9.946517e+01
  2.766222e+00,  9.957884e+01
  2.672173e+00,  9.680490e+01
  2.499087e+00,  9.210514e+01
  2.246909e+00,  8.719615e+01
  1.926561e+00,  8.425784e+01
  1.572181e+00,  8.573028e+01
  1.256060e+00,  9.367953e+01
  1.051926e+00,  1.068645e+02
  9.364242e-01,  1.187485e+02
  7.966612e-01,  1.245646e+02
  5.619753e-01,  1.246775e+02
  2.489248e-01,  1.218780e+02
  8.334200e-02,  2.765058e+02
  3.709419e-01,  2.748442e+02
  5.919952e-01,  2.638571e+02
  7.330656e-01,  2.546238e+02
  7.832161e-01,  2.519409e+02
  7.816380e-01,  2.616456e+02
  9.080346e-01,  2.833990e+02
  1.310947e+00,  2.998339e+02
  1.870775e+00,  3.049860e+02
  2.401953e+00,  3.038134e+02
  2.777495e+00,  2.998038e+02
  2.949670e+00,  2.950001e+02
  2.948268e+00,  2.911763e+02
  2.865715e+00,  2.902097e+02
  2.839756e+00,  2.932411e+02
  3.002390e+00,  2.988281e+02
  3.370850e+00,  3.034183e+02
  3.812391e+00,  3.049675e+02
  4.146633e+00,  3.038311e+02
  4.250792e+00,  3.012719e+02
  4.104947e+00,  2.987348e+02
  3.792796e+00,  2.978490e+02
  3.476574e+00,  3.002009e+02
  3.343009e+00,  3.059331e+02
  3.489875e+00,  3.123136e+02
  3.830961e+00,  3.161732e+02
  4.167550e+00,  3.169763e+02
  4.325718e+00,  3.159496e+02
  4.232187e+00,  3.146470e+02
  3.936151e+00,  3.145980e+02
  3.592287e+00,  3.170725e+02
  3.393550e+00,  3.219547e+02
  3.443486e+00,  3.266543e+02
  3.666356e+00,  3.282981e+02
  3.875735e+00,  3.264883e+02
  3.893425e+00,  3.225150e+02
  3.616541e+00,  3.179487e+02
  3.051133e+00,  3.144832e+02
  2.320954e+00,  3.147190e+02
  1.658686e+00,  3.232995e+02
  1.344746e+00,  3.419166e+02
  1.397179e+00,  3.560197e+02
  1.502984e+00,  3.574001e+02
  1.444091e+00,  3.513436e+02
  1.142210e+00,  3.428818e+02
  5.949299e-01,  3.373512e+02
  1.867923e-01,  1.008044e+02
  9.451403e-01,  1.199327e+02
  1.607141e+00,  1.137639e+02
  1.999582e+00,  1.070790e+02
  2.057177e+00,  1.023892e+02
  1.844647e+00,  1.028343e+02
  1.596253e+00,  1.135231e+02
  1.687038e+00,  1.323914e+02
  2.222018e+00,  1.435137e+02
  2.935787e+00,  1.443852e+02
  3.578000e+00,  1.407056e+02
  3.986586e+00,  1.362714e+02
  4.093788e+00,  1.333644e+02
  3.963403e+00,  1.337503e+02
  3.803604e+00,  1.383985e+02
  3.870504e+00,  1.455209e+02
  4.249703e+00,  1.505828e+02
  4.786445e+00,  1.510592e+02
  5.255839e+00,  1.478745e+02
  5.486322e+00,  1.431108e+02
  5.391797e+00,  1.388065e+02
  4.998307e+00,  1.369138e+02
  4.475756e+00,  1.393147e+02
  4.114237e+00,  1.465287e+02
  4.135819e+00,  1.550703e+02
  4.460207e+00,  1.597715e+02
  4.814094e+00,  1.594203e+02
  4.976730e+00,  1.558976e+02
  4.847636e+00,  1.516994e+02
  4.439150e+00,  1.494081e+02
  3.894310e+00,  1.518266e+02
  3.503379e+00,  1.607027e+02
  3.542171e+00,  1.722621e+02
  3.935430e+00,  1.790671e+02
  4.348700e+00,  1.792664e+02
  4.526928e+00,  1.751366e+02
  4.377089e+00,  1.693462e+02
  3.927523e+00,  1.645787e+02
  3.306795e+00,  1.641648e+02
  2.770526e+00,  1.718567e+02
  2.644131e+00,  1.862326e+02
  2.944579e+00,  1.968945e+02
  3.308963e+00,  1.993967e+02
  3.428791e+00,  1.966036e+02
  3.197333e+00,  1.918526e+02
  2.669882e+00,  1.885880e+02
  2.036972e+00,  1.925413e+02
  1.680208e+00,  2.110012e+02
  1.965723e+00,  2.316968e+02
  2.604909e+00,  2.379100e+02
  3.150118e+00,  2.351905e+02
  3.357978e+00,  2.292804e+02
  3.148106e+00,  2.231777e+02
  2.590873e+00,  2.197228e+02
  1.914039e+00,  2.242847e+02
  1.536357e+00,  2.437007e+02
  1.772534e+00,  2.632410e+02
  2.281644e+00,  2.669828e+02
  2.673695e+00,  2.619575e+02
  2.756543e+00,  2.543882e+02
  2.454171e+00,  2.478479e+02
  1.819008e+00,  2.469134e+02
  1.141760e+00,  2.653140e+02
  1.173948e+00,  3.088788e+02
  1.824657e+00,  3.235325e+02
  2.385010e+00,  3.202492e+02
  2.634180e+00,  3.116880e+02
  2.534337e+00,  3.025474e+02
  2.124815e+00,  2.969316e+02
  1.557590e+00,  3.027520e+02
  1.301718e+00,  3.315506e+02
  1.784063e+00,  3.566735e+02
  2.485363e+00,  1.543226e+00
  2.948911e+00,  3.583302e+02
  3.008241e+00,  3.531591e+02
  2.682219e+00,  3.497735e+02
  2.161436e+00,  3.535470e+02
  1.866642e+00,  1.093508e+01
  2.236976e+00,  3.043821e+01
  3.053275e+00,  3.637923e+01
  3.868331e+00,  3.373325e+01
  4.396026e+00,  2.816887e+01
  4.492251e+00,  2.262943e+01
  4.168922e+00,  1.929943e+01
  3.620809e+00,  2.074880e+01
  3.211580e+00,  2.892226e+01
  3.275177e+00,  3.967380e+01
  3.750611e+00,  4.478495e+01
  4.295639e+00,  4.306964e+01
  4.619449e+00,  3.760685e+01
  4.554517e+00,  3.120166e+01
  4.064484e+00,  2.617129e+01
  3.270885e+00,  2.548341e+01
  2.491187e+00,  3.398846e+01
  2.192319e+00,  5.257547e+01
  2.470559e+00,  6.574049e+01
  2.881710e+00,  6.624627e+01
  3.100332e+00,  5.938265e+01
  3.005923e+00,  4.976490e+01
  2.571098e+00,  4.058607e+01
  1.848669e+00,  3.572682e+01
  1.049330e+00,  4.697047e+01
  8.343875e-01,  9.691155e+01
  1.311560e+00,  1.189447e+02
  1.633595e+00,  1.163578e+02
  1.574616e+00,  1.064796e+02
  1.161532e+00,  9.346867e+01
  5.024680e-01,  8.104050e+01
  3.078831e-01,  2.267546e+02
  1.162270e+00,  2.174971e+02
  1.978054e+00,  2.029648e+02
  2.614157e+00,  1.897774e+02
  2.927369e+00,  1.789371e+02
  2.849483e+00,  1.714630e+02
  2.464198e+00,  1.696343e+02
  2.057783e+00,  1.773431e+02
  2.041195e+00,  1.921985e+02
  2.491580e+00,  1.996116e+02
  3.107454e+00,  1.962386e+02
  3.642832e+00,  1.873335e+02
  3.941475e+00,  1.768765e+02
  3.898095e+00,  1.671881e+02
  3.496621e+00,  1.600874e+02
  2.866510e+00,  1.581577e+02
  2.314333e+00,  1.650910e+02
  2.221533e+00,  1.784405e+02
  2.617718e+00,  1.848824e+02
  3.190405e+00,  1.812149e+02
  3.695675e+00,  1.724033e+02
  3.978089e+00,  1.623660e+02
  3.937909e+00,  1.533917e+02
  3.576116e+00,  1.472459e+02
  3.045167e+00,  1.461295e+02
  2.647686e+00,  1.518430e+02
  2.675379e+00,  1.602045e+02
  3.105493e+00,  1.625550e+02
  3.686267e+00,  1.577416e+02
  4.187431e+00,  1.492656e+02
  4.431459e+00,  1.400287e+02
  4.309916e+00,  1.318583e+02
  3.838694e+00,  1.263587e+02
  3.196490e+00,  1.257677e+02
  2.707743e+00,  1.322135e+02
  2.672781e+00,  1.418692e+02
  3.048314e+00,  1.457034e+02
  3.543128e+00,  1.423258e+02
  3.903542e+00,  1.353404e+02
  3.958119e+00,  1.278271e+02
  3.635526e+00,  1.220439e+02
  3.016600e+00,  1.206891e+02
  2.381160e+00,  1.280391e+02
  2.162051e+00,  1.444181e+02
  2.493821e+00,  1.556745e+02
  3.034607e+00,  1.551499e+02
  3.494873e+00,  1.479694e+02
  3.720172e+00,  1.388509e+02
  3.615686e+00,  1.307698e+02
  3.173970e+00,  1.262098e+02
  2.547821e+00,  1.286614e+02
  2.091419e+00,  1.418208e+02
  2.133782e+00,  1.581877e+02
  2.498425e+00,  1.637899e+02
  2.835446e+00,  1.594681e+02
  2.983193e+00,  1.506507e+02
  2.881462e+00,  1.416425e+02
  2.513455e+00,  1.363954e+02
  1.979685e+00,  1.406025e+02
  1.653357e+00,  1.611900e+02
  1.940268e+00,  1.839964e+02
  2.523604e+00,  1.908785e+02
  2.967224e+00,  1.874588e+02
  3.120212e+00,  1.795416e+02
  2.998577e+00,  1.706896e+02
  2.684420e+00,  1.646209e+02
  2.317683e+00,  1.661472e+02
  2.170767e+00,  1.780802e+02
  2.480758e+00,  1.916472e+02
  3.054789e+00,  1.967799e+02
  3.525667e+00,  1.945675e+02
  3.678809e+00,  1.882455e+02
  3.482917e+00,  1.800736e+02
  3.032362e+00,  1.724226e+02
  2.483530e+00,  1.691851e+02
  2.063968e+00,  1.758822e+02
  2.082766e+00,  1.912441e+02
  2.560688e+00,  2.014174e+02
  3.129866e+00,  2.024640e+02
  3.470377e+00,  1.982156e+02
  3.450378e+00,  1.913998e+02
  3.109805e+00,  1.837302e+02
  2.604681e+00,  1.773436e+02
  2.140319e+00,  1.758272e+02
  1.936103e+00,  1.818253e+02
  2.119721e+00,  1.896189e+02
  2.541487e+00,  1.913913e+02
  2.915078e+00,  1.871240e+02
  3.036225e+00,  1.788929e+02
  2.852805e+00,  1.677584e+02
  2.454380e+00,  1.543648e+02
  1.992771e+00,  1.405311e+02
  1.581880e+00,  1.311062e+02
  1.310186e+00,  1.332747e+02
  1.333251e+00,  1.460274e+02
  1.643504e+00,  1.537343e+02
  1.973690e+00,  1.513639e+02
  2.122133e+00,  1.419694e+02
  2.059014e+00,  1.274935e+02
  1.869704e+00,  1.097410e+02
  1.625770e+00,  9.265004e+01
  1.311545e+00,  8.256728e+01
  9.592470e-01,  8.967300e+01
  9.044041e-01,  1.210435e+02
  1.299831e+00,  1.400442e+02
  1.707845e+00,  1.401755e+02
  1.877299e+00,  1.318126e+02
  1.784416e+00,  1.182720e+02
  1.527428e+00,  1.010078e+02
  1.201974e+00,  8.316920e+01
  8.192332e-01,  7.142668e+01
  4.144316e-01,  8.575501e+01
  4.586159e-01,  1.514167e+02
  8.218506e-01,  1.659219e+02
  9.733166e-01,  1.651766e+02
  7.901322e-01,  1.644597e+02
  3.600292e-01,  1.844276e+02
  4.813292e-01,  2.756035e+02
  1.063033e+00,  2.827255e+02
  1.538601e+00,  2.733676e+02
  1.867485e+00,  2.597842e+02
  2.083623e+00,  2.461491e+02
  2.193109e+00,  2.362343e+02
  2.187356e+00,  2.330911e+02
  2.149362e+00,  2.383107e+02
  2.263460e+00,  2.490340e+02
  2.588991e+00,  2.574595e+02
  2.955398e+00,  2.594037e+02
  3.177772e+00,  2.557678e+02
  3.192955e+00,  2.486781e+02
  3.032284e+00,  2.406115e+02
  2.751274e+00,  2.347199e+02
  2.420671e+00,  2.346798e+02
  2.188174e+00,  2.429932e+02
  2.224804e+00,  2.558603e+02
  2.472335e+00,  2.646191e+02
  2.675698e+00,  2.664718e+02
  2.657732e+00,  2.629675e+02
  2.407120e+00,  2.557710e+02
  2.024438e+00,  2.466335e+02
  1.626109e+00,  2.387896e+02
  1.292222e+00,  2.375828e+02
  1.106519e+00,  2.469062e+02
  1.116192e+00,  2.599140e+02
  1.171364e+00,  2.659651e+02
  1.063318e+00,  2.634094e+02
  7.252092e-01,  2.495137e+02
  3.774872e-01,  1.934781e+02
  6.649027e-01,  1.230880e+02
  1.084995e+00,  1.009470e+02
  1.313455e+00,  8.733406e+01
  1.345890e+00,  7.512633e+01
  1.285513e+00,  6.433327e+01
  1.253628e+00,  5.848161e+01
  1.350651e+00,  6.030371e+01
  1.642752e+00,  6.585308e+01
  2.076979e+00,  6.920633e+01
  2.485844e+00,  6.893978e+01
  2.705969e+00,  6.587497e+01
  2.666499e+00,  6.085544e+01
  2.413690e+00,  5.469312e+01
  2.074509e+00,  4.893119e+01
  1.790656e+00,  4.653073e+01
  1.680411e+00,  5.012406e+01
  1.809027e+00,  5.721437e+01
  2.107620e+00,  6.220964e+01
  2.397480e+00,  6.336244e+01
  2.521503e+00,  6.155613e+01
  2.425960e+00,  5.768000e+01
  2.171860e+00,  5.229881e+01
  1.891219e+00,  4.625584e+01
  1.712707e+00,  4.128538e+01
  1.701569e+00,  3.896617e+01
  1.839624e+00,  3.845655e+01
  2.030759e+00,  3.742155e+01
  2.144688e+00,  3.432561e+01
  2.092576e+00,  2.837733e+01
  1.883526e+00,  1.876198e+01
  1.624413e+00,  4.964335e+00
  1.443274e+00,  3.490856e+02
  1.375896e+00,  3.368733e+02
  1.374087e+00,  3.321825e+02
  1.407560e+00,  3.331991e+02
  1.457829e+00,  3.347445e+02
  1.480691e+00,  3.321374e+02
  1.457331e+00,  3.230112e+02
  1.443929e+00,  3.078737e+02
  1.503512e+00,  2.914716e+02
  1.595610e+00,  2.796504e+02
  1.626844e+00,  2.746766e+02
  1.574571e+00,  2.764017e+02
  1.511174e+00,  2.831925e+02
  1.519561e+00,  2.905254e+02
  1.606519e+00,  2.930009e+02
  1.745853e+00,  2.889848e+02
  1.941063e+00,  2.809439e+02
  2.186280e+00,  2.728600e+02
  2.428505e+00,  2.673995e+02
  2.607877e+00,  2.651209e+02
  2.706186e+00,  2.652228e+02
  2.745969e+00,  2.661155e+02
  2.759878e+00,  2.658758e+02
  2.775549e+00,  2.630525e+02
  2.820400e+00,  2.575314e+02
  2.908591e+00,  2.507462e+02
  3.012488e+00,  2.447563e+02
  3.071763e+00,  2.409561e+02
  3.041910e+00,  2.396423e+02
  2.926385e+00,  2.402100e+02
  2.763604e+00,  2.413279e+02
  2.595490e+00,  2.412543e+02
  2.454464e+00,  2.386460e+02
  2.365808e+00,  2.335786e+02
  2.333234e+00,  2.278373e+02
  2.322645e+00,  2.237804e+02
  2.288370e+00,  2.228618e+02
  2.217446e+00,  2.251477e+02
  2.134333e+00,  2.293234e+02
  2.064716e+00,  2.329163e+02
  2.013884e+00,  2.333436e+02
  1.990238e+00,  2.293613e+02
  2.021594e+00,  2.219620e+02
  2.118331e+00,  2.139646e+02
  2.239594e+00,  2.078953e+02
  2.323064e+00,  2.044457e+02
  2.331279e+00,  2.028046e+02
  2.263451e+00,  2.013937e+02
  2.145202e+00,  1.983845e+02
  2.021529e+00,  1.923938e+02
  1.945327e+00,  1.836019e+02
  1.937882e+00,  1.743335e+02
  1.957105e+00,  1.674552e+02
  1.934039e+00,  1.643724e+02
  1.835734e+00,  1.650239e+02
  1.683062e+00,  1.684261e+02
  1.520124e+00,  1.725878e+02
  1.376767e+00,  1.747442e+02
  1.267089e+00,  1.728703e+02
  1.205602e+00,  1.676585e+02
  1.191762e+00,  1.628505e+02
  1.198408e+00,  1.625512e+02
  1.213583e+00,  1.684624e+02
  1.265797e+00,  1.788024e+02
  1.368006e+00,  1.888402e+02
  1.468190e+00,  1.946552e+02
  1.499534e+00,  1.951485e+02
  1.448383e+00,  1.907124e+02
  1.359953e+00,  1.827743e+02
  1.285832e+00,  1.745678e+02
  1.235138e+00,  1.702778e+02
  1.195143e+00,  1.722927e+02
  1.168430e+00,  1.797676e+02
  1.148866e+00,  1.894061e+02
  1.093203e+00,  1.984030e+02
  9.609249e-01,  2.067797e+02
  7.734636e-01,  2.176082e+02
  6.366850e-01,  2.354879e+02
  6.822087e-01,  2.546673e+02
  9.140158e-01,  2.615662e+02
  1.263052e+00,  2.592595e+02
  1.659720e+00,  2.546964e+02
  2.013515e+00,  2.510490e+02
  2.243345e+00,  2.492833e+02
  2.325271e+00,  2.496075e+02
  2.308338e+00,  2.517280e+02
  2.282452e+00,  2.544723e+02
  2.319293e+00,  2.558727e+02
  2.437953e+00,  2.545678e+02
  2.611361e+00,  2.510328e+02
  2.778541e+00,  2.470092e+02
  2.864021e+00,  2.442655e+02
  2.822953e+00,  2.441027e+02
  2.686444e+00,  2.473218e+02
  2.559945e+00,  2.536192e+02
  2.547388e+00,  2.605228e+02
  2.661455e+00,  2.645248e+02
  2.840658e+00,  2.641806e+02
  3.024306e+00,  2.606540e+02
  3.170160e+00,  2.561852e+02
  3.244750e+00,  2.527958e+02
  3.239590e+00,  2.516458e+02
  3.190310e+00,  2.527319e+02
  3.153321e+00,  2.546950e+02
  3.153328e+00,  2.552744e+02
  3.168485e+00,  2.526324e+02
  3.170179e+00,  2.463771e+02
  3.145453e+00,  2.375780e+02
  3.074492e+00,  2.281344e+02
  2.918913e+00,  2.198778e+02
  2.657017e+00,  2.140097e+02
  2.326141e+00,  2.110275e+02
  2.018734e+00,  2.104098e+02
  1.825068e+00,  2.098177e+02
  1.777185e+00,  2.059187e+02
  1.854621e+00,  1.977333e+02
  2.002590e+00,  1.875135e+02
  2.129626e+00,  1.779531e+02
  2.143923e+00,  1.705202e+02
  2.015738e+00,  1.660452e+02
  1.810938e+00,  1.654622e+02
  1.671793e+00,  1.689537e+02
  1.731408e+00,  1.732545e+02
  2.009805e+00,  1.735985e+02
  2.424792e+00,  1.695304e+02
  2.855465e+00,  1.634042e+02
  3.175523e+00,  1.571862e+02
  3.296158e+00,  1.519915e+02
  3.211313e+00,  1.485558e+02
  3.011068e+00,  1.474327e+02
  2.842989e+00,  1.485115e+02
  2.828712e+00,  1.501659e+02
  2.984464e+00,  1.500310e+02
  3.221001e+00,  1.472287e+02
  3.403757e+00,  1.426034e+02
  3.409684e+00,  1.375012e+02
  3.174767e+00,  1.332286e+02
  2.730069e+00,  1.313227e+02
  2.211655e+00,  1.340343e+02
  1.830968e+00,  1.432621e+02
  1.748971e+00,  1.551076e+02
  1.898229e+00,  1.613972e+02
  2.084913e+00,  1.611746e+02
  2.168755e+00,  1.582688e+02
  2.088129e+00,  1.565422e+02
  1.875108e+00,  1.596207e+02
  1.686330e+00,  1.703375e+02
  1.724524e+00,  1.849613e+02
  1.980885e+00,  1.936279e+02
  2.254751e+00,  1.938757e+02
  2.394764e+00,  1.887218e+02
  2.346689e+00,  1.814195e+02
  2.113564e+00,  1.752101e+02
  1.746923e+00,  1.744644e+02
  1.408940e+00,  1.857106e+02
  1.406638e+00,  2.081182e+02
  1.784779e+00,  2.227688e+02
  2.221607e+00,  2.258789e+02
  2.485871e+00,  2.235861e+02
  2.508611e+00,  2.200934e+02
  2.343658e+00,  2.186608e+02
  2.148661e+00,  2.224785e+02
  2.153191e+00,  2.317626e+02
  2.491011e+00,  2.400631e+02
  3.044341e+00,  2.423493e+02
  3.587291e+00,  2.397042e+02
  3.937984e+00,  2.345584e+02
  4.004252e+00,  2.287535e+02
  3.796962e+00,  2.238167e+02
  3.425384e+00,  2.213764e+02
  3.071923e+00,  2.228690e+02
  2.923893e+00,  2.276646e+02
  3.038446e+00,  2.318962e+02
  3.281815e+00,  2.323872e+02
  3.452539e+00,  2.293315e+02
  3.405219e+00,  2.244379e+02
  3.094956e+00,  2.196387e+02
  2.587446e+00,  2.173338e+02
  2.059478e+00,  2.209940e+02
  1.771811e+00,  2.324237e+02
  1.862856e+00,  2.431784e+02
  2.149000e+00,  2.443473e+02
  2.387401e+00,  2.375419e+02
  2.445818e+00,  2.262726e+02
  2.280333e+00,  2.125128e+02
  1.915549e+00,  1.970705e+02
  1.433247e+00,  1.801989e+02
  9.466547e-01,  1.625580e+02
  5.615301e-01,  1.486720e+02
  3.780440e-01,  1.542636e+02
  5.221443e-01,  1.663613e+02
  9.024934e-01,  1.572688e+02
  1.387073e+00,  1.407259e+02
  1.881992e+00,  1.228932e+02
  2.303311e+00,  1.053739e+02
  2.582749e+00,  8.894962e+01
  2.674571e+00,  7.447210e+01
  2.568092e+00,  6.319652e+01
  2.313898e+00,  5.709923e+01
  2.058416e+00,  5.851931e+01
  2.019047e+00,  6.614435e+01
  2.274488e+00,  7.166537e+01
  2.653007e+00,  7.001498e+01
  2.946319e+00,  6.266933e+01
  3.038437e+00,  5.217313e+01
  2.898194e+00,  4.059551e+01
  2.554714e+00,  3.005963e+01
  2.091199e+00,  2.368276e+01
  1.675521e+00,  2.625460e+01
  1.575366e+00,  3.824949e+01
  1.884441e+00,  4.570493e+01
  2.366603e+00,  4.184513e+01
  2.807931e+00,  3.085241e+01
  3.112110e+00,  1.652959e+01
  3.242390e+00,  1.349703e+00
  3.183227e+00,  3.473475e+02
  2.942910e+00,  3.366683e+02
  2.598015e+00,  3.320160e+02
  2.351505e+00,  3.357405e+02
  2.465917e+00,  3.440686e+02
  2.959640e+00,  3.474853e+02
  3.595081e+00,  3.435705e+02
  4.149379e+00,  3.351675e+02
  4.483134e+00,  3.250572e+02
  4.519518e+00,  3.153100e+02
  4.249185e+00,  3.077619e+02
  3.765449e+00,  3.044863e+02
  3.295523e+00,  3.074915e+02
  3.130057e+00,  3.154605e+02
  3.347933e+00,  3.214096e+02
  3.712558e+00,  3.208326e+02
  3.955020e+00,  3.149525e+02
  3.926457e+00,  3.064335e+02
  3.581629e+00,  2.977825e+02
  2.963317e+00,  2.918483e+02
  2.235229e+00,  2.933019e+02
  1.750210e+00,  3.081505e+02
  1.837213e+00,  3.264880e+02
  2.214154e+00,  3.303262e+02
  2.474263e+00,  3.222720e+02
  2.483871e+00,  3.073065e+02
  2.264033e+00,  2.877911e+02
  1.875864e+00,  2.648420e+02
  1.376427e+00,  2.380838e+02
  8.522930e-01,  2.026574e+02
  5.035525e-01,  1.432720e+02
  4.904797e-01,  7.455682e+01
  4.738353e-01,  2.124521e+01
  4.615814e-01,  3.051947e+02
  9.233579e-01,  2.436973e+02
  1.608130e+00,  2.137933e+02
  2.192328e+00,  1.932402e+02
  2.489733e+00,  1.759677e+02
  2.433411e+00,  1.606373e+02
  2.064386e+00,  1.483554e+02
  1.512973e+00,  1.445818e+02
  1.115977e+00,  1.638728e+02
  1.457704e+00,  1.924052e+02
  2.257094e+00,  1.972972e+02
  2.980773e+00,  1.916143e+02
  3.346776e+00,  1.831503e+02
  3.231048e+00,  1.748298e+02
  2.676728e+00,  1.693791e+02
  1.922377e+00,  1.731559e+02
  1.519315e+00,  1.971016e+02
  1.972178e+00,  2.195343e+02
  2.787047e+00,  2.213408e+02
  3.474721e+00,  2.143970e+02
  3.790110e+00,  2.054728e+02
  3.603404e+00,  1.978192e+02
  2.940969e+00,  1.949642e+02
  2.109089e+00,  2.051151e+02
  1.892441e+00,  2.354277e+02
  2.617450e+00,  2.538368e+02
  3.509784e+00,  2.531345e+02
  4.120567e+00,  2.447809e+02
  4.298667e+00,  2.342168e+02
  3.995701e+00,  2.246615e+02
  3.254262e+00,  2.197830e+02
  2.332844e+00,  2.272976e+02
  1.966746e+00,  2.565139e+02
  2.610865e+00,  2.790811e+02
  3.438100e+00,  2.821616e+02
  3.876941e+00,  2.770897e+02
  3.782640e+00,  2.696178e+02
  3.228419e+00,  2.637584e+02
  2.453089e+00,  2.662311e+02
  2.019440e+00,  2.873386e+02
  2.582101e+00,  3.106968e+02
  3.681704e+00,  3.160542e+02
  4.635080e+00,  3.123126e+02
  5.077250e+00,  3.057083e+02
  4.884437e+00,  2.991014e+02
  4.168257e+00,  2.951466e+02
  3.281106e+00,  2.984016e+02
  2.825037e+00,  3.130519e+02
  3.237425e+00,  3.276171e+02
  4.134769e+00,  3.301190e+02
  4.952175e+00,  3.248430e+02
  5.332336e+00,  3.167461e+02
  5.092884e+00,  3.085381e+02
  4.252712e+00,  3.025162e+02
  3.080725e+00,  3.031789e+02
  2.193787e+00,  3.202794e+02
  2.367938e+00,  3.452412e+02
  3.219436e+00,  3.500204e+02
  4.054701e+00,  3.416611e+02
  4.601888e+00,  3.286913e+02
  4.715156e+00,  3.147501e+02
  4.320315e+00,  3.014461e+02
  3.481425e+00,  2.899435e+02
  2.435390e+00,  2.828572e+02
  1.584223e+00,  2.878088e+02
  1.441584e+00,  3.057957e+02
  1.975270e+00,  3.075651e+02
  2.753571e+00,  2.944797e+02
  3.524319e+00,  2.773444e+02
  4.060475e+00,  2.596647e+02
  4.203230e+00,  2.418593e+02
  3.944165e+00,  2.239425e+02
  3.395560e+00,  2.070723e+02
  2.692521e+00,  1.951949e+02
  2.031727e+00,  1.974468e+02
  1.978991e+00,  2.196027e+02
  2.839672e+00,  2.335318e+02
  3.946452e+00,  2.320725e+02
  4.740817e+00,  2.241330e+02
  4.960334e+00,  2.137072e+02
  4.575666e+00,  2.028772e+02
  3.733975e+00,  1.945393e+02
  2.735863e+00,  1.957162e+02
  2.271479e+00,  2.175525e+02
  3.075467e+00,  2.388651e+02
  4.490147e+00,  2.410727e+02
  5.733120e+00,  2.346963e+02
  6.385626e+00,  2.253417e+02
  6.288537e+00,  2.151056e+02
  5.526518e+00,  2.054958e+02
  4.378256e+00,  1.991668e+02
  3.281355e+00,  2.017606e+02
  2.872898e+00,  2.173637e+02
  3.443217e+00,  2.302589e+02
  4.357933e+00,  2.305880e+02
  4.967037e+00,  2.240384e+02
  4.929248e+00,  2.147737e+02
  4.175364e+00,  2.048467e+02
  2.880946e+00,  1.968360e+02
  1.440516e+00,  2.025055e+02
  1.094450e+00,  2.643270e+02
  2.251413e+00,  2.800665e+02
  3.407715e+00,  2.701204e+02
  4.230844e+00,  2.563867e+02
  4.528031e+00,  2.431600e+02
  4.188040e+00,  2.322128e+02
  3.297777e+00,  2.260753e+02
  2.252797e+00,  2.321764e+02
  1.896165e+00,  2.585902e+02
  2.562111e+00,  2.728953e+02
  3.468974e+00,  2.663739e+02
  4.222233e+00,  2.517263e+02
  4.647662e+00,  2.349019e+02
  4.570618e+00,  2.181727e+02
  3.884631e+00,  2.020765e+02
  2.660951e+00,  1.865044e+02
  1.155025e+00,  1.725087e+02
  3.379033e-01,  3.100800e+02
  1.523052e+00,  3.038317e+02
  2.390408e+00,  2.827768e+02
  2.966323e+00,  2.607300e+02
  3.219416e+00,  2.407135e+02
  3.025383e+00,  2.247557e+02
  2.329772e+00,  2.157831e+02
  1.402287e+00,  2.268694e+02
  1.400512e+00,  2.742232e+02
  2.456940e+00,  2.854789e+02
  3.488542e+00,  2.749688e+02
  4.245429e+00,  2.578405e+02
  4.694701e+00,  2.388175e+02
  4.760527e+00,  2.205657e+02
  4.318181e+00,  2.046723e+02
  3.338273e+00,  1.926318e+02
  2.023969e+00,  1.897589e+02
  1.077139e+00,  2.232705e+02
  1.615120e+00,  2.626614e+02
  2.431536e+00,  2.587526e+02
  2.924319e+00,  2.428869e+02
  3.043433e+00,  2.236767e+02
  2.738044e+00,  2.047338e+02
  1.925266e+00,  1.884523e+02
  6.369410e-01,  1.851622e+02
  1.042687e+00,  3.167695e+02
  2.616654e+00,  3.081183e+02
  3.847472e+00,  2.930820e+02
  4.545605e+00,  2.759653e+02
  4.714739e+00,  2.575309e+02
  4.457294e+00,  2.391111e+02
  3.850641e+00,  2.232140e+02
  2.957405e+00,  2.142049e+02
  2.058311e+00,  2.218013e+02
  1.951770e+00,  2.500908e+02
  2.718042e+00,  2.621384e+02
  3.459051e+00,  2.558096e+02
  3.796290e+00,  2.409539e+02
  3.725719e+00,  2.212429e+02
  3.339562e+00,  1.989339e+02
  2.652540e+00,  1.759921e+02
  1.621813e+00,  1.523020e+02
  3.537197e-01,  9.984528e+01
  1.199131e+00,  3.157356e+02
  2.420675e+00,  2.924250e+02
  3.206210e+00,  2.727540e+02
  3.479891e+00,  2.527396e+02
  3.338242e+00,  2.321375e+02
  2.917380e+00,  2.130187e+02
  2.290370e+00,  2.005848e+02
  1.638690e+00,  2.067911e+02
  1.718142e+00,  2.367725e+02
  2.716010e+00,  2.474550e+02
  3.820336e+00,  2.403684e+02
  4.619047e+00,  2.262065e+02
  5.011066e+00,  2.084774e+02
  5.032577e+00,  1.891617e+02
  4.707038e+00,  1.703243e+02
  3.997133e+00,  1.541232e+02
  2.913210e+00,  1.435316e+02
  1.704789e+00,  1.482743e+02
  1.284514e+00,  1.904675e+02
  2.017999e+00,  2.106739e+02
  2.702655e+00,  2.037637e+02
  2.992194e+00,  1.884039e+02
  2.883491e+00,  1.700824e+02
  2.391655e+00,  1.522211e+02
  1.504525e+00,  1.397430e+02
  4.690762e-01,  1.774843e+02
  1.444501e+00,  2.498762e+02
  2.848877e+00,  2.425645e+02
  3.921902e+00,  2.284594e+02
  4.481444e+00,  2.119277e+02
  4.529090e+00,  1.938279e+02
  4.171874e+00,  1.752281e+02
  3.509508e+00,  1.582032e+02
  2.611672e+00,  1.465036e+02
  1.668108e+00,  1.494061e+02
  1.323448e+00,  1.808781e+02
  1.853549e+00,  1.988609e+02
  2.376514e+00,  1.924407e+02
  2.531662e+00,  1.748460e+02
  2.376318e+00,  1.489795e+02
  2.118527e+00,  1.153929e+02
  1.913895e+00,  7.582299e+01
  1.824452e+00,  3.203780e+01
  1.948076e+00,  3.473131e+02
  2.283302e+00,  3.092996e+02
  2.569891e+00,  2.807764e+02
  2.517962e+00,  2.591684e+02
  2.013119e+00,  2.423498e+02
  1.159575e+00,  2.323955e+02
  3.842338e-01,  2.739609e+02
  9.395611e-01,  3.309946e+02
  1.604132e+00,  3.191693e+02
  2.019551e+00,  2.989142e+02
  2.142848e+00,  2.766959e+02
  1.896461e+00,  2.538991e+02
  1.221486e+00,  2.267354e+02
  4.672919e-01,  1.413631e+02
  1.460095e+00,  5.476139e+01
  2.762791e+00,  3.037082e+01
  3.783400e+00,  1.234450e+01
  4.340058e+00,  3.560007e+02
  4.406659e+00,  3.408748e+02
  4.064919e+00,  3.281559e+02
  3.465742e+00,  3.208158e+02
  2.886151e+00,  3.236865e+02
  2.791751e+00,  3.370176e+02
  3.347411e+00,  3.469556e+02
  4.083875e+00,  3.467937e+02
  4.528367e+00,  3.402220e+02
  4.458424e+00,  3.304750e+02
  3.858049e+00,  3.196393e+02
  2.845561e+00,  3.104692e+02
  1.643300e+00,  3.118189e+02
  1.022571e+00,  3.986006e-01
  1.969239e+00,  3.359101e+01
  3.126892e+00,  3.239194e+01
  3.930361e+00,  2.525504e+01
  4.201029e+00,  1.798810e+01
  3.953187e+00,  1.327625e+01
  3.418892e+00,  1.426947e+01
  3.049172e+00,  2.354226e+01
  3.260540e+00,  3.499488e+01
  3.937184e+00,  3.842895e+01
  4.656852e+00,  3.401280e+01
  5.089093e+00,  2.561516e+01
  5.030417e+00,  1.592410e+01
  4.405381e+00,  6.763234e+00
  3.295762e+00,  5.559410e-01
  1.984045e+00,  4.947893e+00
  1.269175e+00,  4.527351e+01
  1.966254e+00,  7.848709e+01
  2.889161e+00,  7.927506e+01
  3.496640e+00,  7.173465e+01
  3.691329e+00,  6.307794e+01
  3.496864e+00,  5.685721e+01
  3.060086e+00,  5.661595e+01
  2.711549e+00,  6.540271e+01
  2.818563e+00,  7.822660e+01
  3.309974e+00,  8.382165e+01
  3.799237e+00,  8.048829e+01
  4.026691e+00,  7.141584e+01
  3.912929e+00,  5.912323e+01
  3.478766e+00,  4.541648e+01
  2.783757e+00,  3.198677e+01
  1.914238e+00,  2.113436e+01
  1.014398e+00,  1.935314e+01
  4.480430e-01,  6.253745e+01
  6.917999e-01,  1.084006e+02
  8.648154e-01,  1.084412e+02
  6.970110e-01,  1.004107e+02
  2.528362e-01,  1.014508e+02
  3.995193e-01,  2.273952e+02
  1.052410e+00,  2.178036e+02
  1.668552e+00,  2.001220e+02
  2.178889e+00,  1.811373e+02
  2.507328e+00,  1.623691e+02
  2.572034e+00,  1.442034e+02
  2.329320e+00,  1.263108e+02
  1.813997e+00,  1.077740e+02
  1.140206e+00,  8.657876e+01
  4.664605e-01,  5.388034e+01
  2.464781e-01,  2.829687e+02
  6.485377e-01,  2.300144e+02
  9.585359e-01,  2.027587e+02
  1.141100e+00,  1.812316e+02
  1.169592e+00,  1.654419e+02
  1.040914e+00,  1.581136e+02
  8.699501e-01,  1.657332e+02
  9.462560e-01,  1.859861e+02
  1.354752e+00,  1.938255e+02
  1.887107e+00,  1.877989e+02
  2.411704e+00,  1.757500e+02
  2.864808e+00,  1.619713e+02
  3.191401e+00,  1.487821e+02
  3.342722e+00,  1.375550e+02
  3.310968e+00,  1.292204e+02
  3.161400e+00,  1.244613e+02
  3.024732e+00,  1.232236e+02
  3.026206e+00,  1.236818e+02
  3.187487e+00,  1.228205e+02
  3.413643e+00,  1.190392e+02
  3.567687e+00,  1.128706e+02
  3.531772e+00,  1.057709e+02
  3.239718e+00,  9.942818e+01
  2.705845e+00,  9.613734e+01
  2.063456e+00,  1.002735e+02
  1.632318e+00,  1.183367e+02
  1.772347e+00,  1.415334e+02
  2.297007e+00,  1.510685e+02
  2.833265e+00,  1.501927e+02
  3.211673e+00,  1.451348e+02
  3.382516e+00,  1.392152e+02
  3.357900e+00,  1.343743e+02
  3.199207e+00,  1.318640e+02
  3.005049e+00,  1.321187e+02
  2.868131e+00,  1.341654e+02
  2.812711e+00,  1.357589e+02
  2.782714e+00,  1.350115e+02
  2.700142e+00,  1.315873e+02
  2.518320e+00,  1.263789e+02
  2.231413e+00,  1.209031e+02
  1.864935e+00,  1.171091e+02
  1.472121e+00,  1.175107e+02
  1.135382e+00,  1.250235e+02
  9.417688e-01,  1.399308e+02
  8.969365e-01,  1.554582e+02
  9.084381e-01,  1.657862e+02
  9.111431e-01,  1.720029e+02
  9.157161e-01,  1.764228e+02
  9.691659e-01,  1.790691e+02
  1.104706e+00,  1.781500e+02
  1.320105e+00,  1.729331e+02
  1.585380e+00,  1.643289e+02
  1.858297e+00,  1.534963e+02
  2.102579e+00,  1.411542e+02
  2.303707e+00,  1.277890e+02
  2.469626e+00,  1.140526e+02
  2.613412e+00,  1.009070e+02
  2.734111e+00,  8.936157e+01
  2.815467e+00,  8.007256e+01
  2.840868e+00,  7.319400e+01
  2.806949e+00,  6.850406e+01
  2.726372e+00,  6.561979e+01
  2.623747e+00,  6.419711e+01
  2.531166e+00,  6.405161e+01
  2.483978e+00,  6.508797e+01
  2.512216e+00,  6.701759e+01
  2.625376e+00,  6.917576e+01
  2.799283e+00,  7.080760e+01
  2.980412e+00,  7.154689e+01
  3.110129e+00,  7.154573e+01
  3.154523e+00,  7.127956e+01
  3.123396e+00,  7.128828e+01
  3.068401e+00,  7.188319e+01
  3.057551e+00,  7.280075e+01
  3.135699e+00,  7.312821e+01
  3.297280e+00,  7.187295e+01
  3.486784e+00,  6.861942e+01
  3.626532e+00,  6.353111e+01
  3.650344e+00,  5.694073e+01
  3.530552e+00,  4.907387e+01
  3.290245e+00,  4.002997e+01
  2.994199e+00,  2.994239e+01
  2.720261e+00,  1.921014e+01
  2.525316e+00,  8.542044e+00
  2.426135e+00,  3.585143e+02
  2.403472e+00,  3.489785e+02
  2.419585e+00,  3.391250e+02
  2.438605e+00,  3.281894e+02
  2.440048e+00,  3.161400e+02
  2.412881e+00,  3.039839e+02
  2.338230e+00,  2.935963e+02
  2.196722e+00,  2.872843e+02
  2.018801e+00,  2.874368e+02
  1.933609e+00,  2.949077e+02
  2.091089e+00,  3.048278e+02
  2.464900e+00,  3.098424e+02
  2.886408e+00,  3.085417e+02
  3.214187e+00,  3.031766e+02
  3.377950e+00,  2.962453e+02
  3.361417e+00,  2.899911e+02
  3.200762e+00,  2.865124e+02
  3.000657e+00,  2.874508e+02
  2.920900e+00,  2.924038e+02
  3.057364e+00,  2.974525e+02
  3.328894e+00,  2.983635e+02
  3.567878e+00,  2.941514e+02
  3.658953e+00,  2.858920e+02
  3.566177e+00,  2.751350e+02
  3.295284e+00,  2.635180e+02
  2.864720e+00,  2.526899e+02
  2.315892e+00,  2.443015e+02
  1.739595e+00,  2.401546e+02
  1.269739e+00,  2.414920e+02
  1.000325e+00,  2.443590e+02
  8.906128e-01,  2.374859e+02
  8.869414e-01,  2.150832e+02
  1.015771e+00,  1.847025e+02
  1.225358e+00,  1.560248e+02
  1.403567e+00,  1.296713e+02
  1.504020e+00,  1.035267e+02
  1.538394e+00,  7.767270e+01
  1.486844e+00,  5.432178e+01
  1.269862e+00,  3.574488e+01
  8.324242e-01,  2.549996e+01
  3.255451e-01,  5.836726e+01
  7.140936e-01,  1.264331e+02
  1.358423e+00,  1.229204e+02
  1.837401e+00,  1.095832e+02
  2.098534e+00,  9.325301e+01
  2.164606e+00,  7.654486e+01
  2.060251e+00,  6.262215e+01
  1.809275e+00,  5.598419e+01
  1.560358e+00,  6.285923e+01
  1.682461e+00,  8.071104e+01
  2.274828e+00,  8.967639e+01
  3.003060e+00,  8.646119e+01
  3.611784e+00,  7.664706e+01
  4.003911e+00,  6.375405e+01
  4.159557e+00,  5.018294e+01
  4.070135e+00,  3.810494e+01
  3.742823e+00,  2.966860e+01
  3.273582e+00,  2.715709e+01
  2.901882e+00,  3.193706e+01
  2.876360e+00,  3.990364e+01
  3.146066e+00,  4.273406e+01
  3.437181e+00,  3.792144e+01
  3.549808e+00,  2.767705e+01
  3.393002e+00,  1.473362e+01
  2.916550e+00,  1.483194e+00
  2.106287e+00,  3.504654e+02
  1.057965e+00,  3.494699e+02
  5.237187e-01,  6.869152e+01
  1.392329e+00,  9.688873e+01
  2.065925e+00,  8.896054e+01
  2.290719e+00,  7.480510e+01
  2.093973e+00,  5.671647e+01
  1.613660e+00,  3.436776e+01
  1.001000e+00,  5.332492e+00
  4.271186e-01,  3.082792e+02
  5.862926e-01,  2.033278e+02
  1.085600e+00,  1.671240e+02
  1.311524e+00,  1.474277e+02
  1.074291e+00,  1.349876e+02
  3.894677e-01,  1.490230e+02
  8.824104e-01,  2.562789e+02
  2.121664e+00,  2.527671e+02
  3.239430e+00,  2.412046e+02
  4.027837e+00,  2.277918e+02
  4.403748e+00,  2.140883e+02
  4.368698e+00,  2.017564e+02
  3.975492e+00,  1.933291e+02
  3.382734e+00,  1.927658e+02
  2.992304e+00,  2.038197e+02
  3.259206e+00,  2.190753e+02
  3.973805e+00,  2.253102e+02
  4.555872e+00,  2.226379e+02
  4.648749e+00,  2.149420e+02
  4.160620e+00,  2.048113e+02
  3.170256e+00,  1.948030e+02
  1.855198e+00,  1.917212e+02
  8.694156e-01,  2.395062e+02
  1.936922e+00,  2.873791e+02
  3.376956e+00,  2.859446e+02
  4.419987e+00,  2.780063e+02
  4.810514e+00,  2.696077e+02
  4.500679e+00,  2.629820e+02
  3.685472e+00,  2.611370e+02
  2.841457e+00,  2.698513e+02
  2.670839e+00,  2.894488e+02
  3.300200e+00,  3.009020e+02
  4.103958e+00,  2.996733e+02
  4.604066e+00,  2.927773e+02
  4.540897e+00,  2.848780e+02
  3.826713e+00,  2.795023e+02
  2.645221e+00,  2.836469e+02
  1.840643e+00,  3.165522e+02
  2.624374e+00,  3.507229e+02
  3.929246e+00,  3.543065e+02
  4.887277e+00,  3.468289e+02
  5.277991e+00,  3.357951e+02
  5.084167e+00,  3.245041e+02
  4.374927e+00,  3.160955e+02
  3.357112e+00,  3.158086e+02
  2.604810e+00,  3.322486e+02
  2.887518e+00,  3.554897e+02
  3.766029e+00,  1.671063e+00
  4.400119e+00,  3.551225e+02
  4.470483e+00,  3.415325e+02
  4.008981e+00,  3.224839e+02
  3.213230e+00,  2.975890e+02
  2.320416e+00,  2.640474e+02
  1.675672e+00,  2.138843e+02
  1.802745e+00,  1.545007e+02
  2.428783e+00,  1.156431e+02
  2.852021e+00,  9.281659e+01
  2.734183e+00,  7.933213e+01
  2.095029e+00,  7.684230e+01
  1.468448e+00,  9.950949e+01
  1.864349e+00,  1.331521e+02
  2.799424e+00,  1.375002e+02
  3.522819e+00,  1.282840e+02
  3.809175e+00,  1.144726e+02
  3.582338e+00,  9.992351e+01
  2.798708e+00,  8.811983e+01
  1.537169e+00,  8.926894e+01
  1.044131e+00,  1.626178e+02
  2.658894e+00,  1.865376e+02
  4.264243e+00,  1.802973e+02
  5.293284e+00,  1.692066e+02
  5.566394e+00,  1.566814e+02
  5.127066e+00,  1.444397e+02
  4.169184e+00,  1.354806e+02
  3.044065e+00,  1.372278e+02
  2.579408e+00,  1.600799e+02
  3.516165e+00,  1.798112e+02
  4.985144e+00,  1.803687e+02
  6.125595e+00,  1.721880e+02
  6.532316e+00,  1.601713e+02
  6.109302e+00,  1.457550e+02
  4.998340e+00,  1.293805e+02
  3.453401e+00,  1.114567e+02
  1.702646e+00,  9.279494e+01
  9.298054e-02,  2.535479e+02
  1.765838e+00,  2.374294e+02
  3.077967e+00,  2.224493e+02
  3.775990e+00,  2.098053e+02
  3.731630e+00,  2.003990e+02
  3.075037e+00,  1.971444e+02
  2.314267e+00,  2.076991e+02
  2.318573e+00,  2.309530e+02
  3.143175e+00,  2.388773e+02
  4.087329e+00,  2.313935e+02
  4.772900e+00,  2.176262e+02
  4.976568e+00,  2.018275e+02
  4.526018e+00,  1.854896e+02
  3.383850e+00,  1.684076e+02
  1.733447e+00,  1.472852e+02
  3.608416e-01,  3.137117e+01
  1.749958e+00,  3.158696e+02
  2.802016e+00,  2.921087e+02
  3.264531e+00,  2.690839e+02
  3.202922e+00,  2.448717e+02
  2.679316e+00,  2.197686e+02
  1.689104e+00,  1.921500e+02
  4.652102e-01,  1.172501e+02
  1.630186e+00,  3.852093e+00
  3.229435e+00,  3.378648e+02
  4.371741e+00,  3.168611e+02
  4.837228e+00,  2.951616e+02
  4.699594e+00,  2.704105e+02
  4.259023e+00,  2.413265e+02
  3.793417e+00,  2.086661e+02
  3.112479e+00,  1.740939e+02
##END=
